/*--------------------------------*- C++ -*----------------------------------*\
| =========                 |                                                 |
| \\      /  F ield         | OpenFOAM: The Open Source CFD Toolbox           |
|  \\    /   O peration     | Version:  2412                                  |
|   \\  /    A nd           | Website:  www.openfoam.com                      |
|    \\/     M anipulation  |                                                 |
\*---------------------------------------------------------------------------*/
FoamFile
{
    version     2.0;
    format      ascii;
    arch        "LSB;label=32;scalar=64";
    class       volVectorField;
    location    "278";
    object      U;
}
// * * * * * * * * * * * * * * * * * * * * * * * * * * * * * * * * * * * * * //

dimensions      [0 1 -1 0 0 0 0];

internalField   nonuniform List<vector> 
808
(
(0.7562762116092737 -0.01752399319669101 0)
(1.031428580794176 -0.01254095561924438 0)
(1.11323387285465 -0.001572633985154652 -1.736891326286723e-20)
(1.085130585832608 0.01257082944026114 0)
(1.360704232740665 0.01284004326438031 -3.813435559314964e-19)
(1.038706269367005 -0.00943400878127849 -7.297151356274269e-20)
(1.01449448966692 -0.0205306221147377 -2.421346262822594e-20)
(1.079057712625415 -0.004891252009200892 9.006099108068159e-21)
(1.252593432877525 -0.02187573785687148 6.253055166880838e-20)
(1.085141589115312 0.008857904568594459 0)
(1.008166267591421 -0.01181957045947266 0)
(1.303616131689019 -0.05455305310298769 -3.4571114228015e-19)
(1.086362869365294 -0.001784005181400121 2.0411571786308e-20)
(0.6751464041810089 0.006373270595943598 0)
(1.276288158874792 -0.122496532350574 0)
(1.081930613858717 -0.0003401677965756739 -3.860782508627208e-20)
(1.225941762613298 -0.1513883886634116 -9.681506412811974e-20)
(1.074386348959986 -0.00038782931630572 3.199913222823852e-20)
(0.9889262037805389 0.005333259638964382 0)
(1.026931899760657 0.009399291205338008 0)
(1.035319147151086 -0.01570318164919633 0)
(0.9875940366467248 0.04544407730808658 0)
(1.051037329296713 -0.006177592670648639 5.79976818633092e-20)
(1.053816123793425 0.008361881443818824 0)
(0.9338414286767401 0.1997858961586943 4.564320519871767e-19)
(1.160825262598927 -0.08967338490215043 0)
(1.184612580551562 -0.02012743956365921 1.537670228168295e-19)
(1.07716957508017 0.009661198848621953 5.238145254114289e-20)
(1.083881379839605 0.001881294423157646 5.123569462478817e-21)
(1.071863941940459 0.03096199434188147 0)
(1.075359792164871 0.00263791829122884 -1.183920086693768e-20)
(1.033449363651162 0.006422042007876863 -1.872779253690914e-19)
(1.060041599198051 0.01452630893779592 -2.36205088151783e-20)
(1.08872044073325 0.005486149489967152 -2.937010518773073e-20)
(1.121414729200254 0.03655345286982759 0)
(0.7548434128916865 -0.1202024813558765 -4.552219865447924e-19)
(0.9545951788090551 -0.005750503196415845 0)
(1.0688309620021 0.02231927118972833 0)
(1.068813950942189 0.007204010317283159 0)
(1.073768906348772 0.008619303875581203 -2.81812733817175e-20)
(1.093230723473002 0.02284185815535236 1.076790984895272e-19)
(1.150127453896707 0.00184228559688653 2.110343273828931e-19)
(1.095624972871839 -0.002362958712978065 0)
(1.015264921578501 -0.009433247340703076 0)
(1.127284284777303 -0.09507445543181793 -1.642419507608941e-19)
(1.044056928241438 -0.01178188597179732 -8.364123985896598e-20)
(1.058274004231545 0.02668255945429414 -2.703997476274656e-20)
(1.229236261880752 -0.1124407422743896 -5.564328620511938e-20)
(1.067543673620755 0.01209511620212881 -4.079676292824576e-20)
(1.256251088808811 0.01465046256359058 0)
(0.997340465321667 -0.01873886812427498 2.180243599425905e-21)
(1.044697328923498 -0.002521718955176398 0)
(1.087320133509027 -0.002268221359206799 0)
(0.9980975365931747 0.007997237310207123 -1.912789192864341e-20)
(1.252423795889912 0.0324340679047473 -2.391538739836738e-19)
(1.063538226420648 0.01825060421524148 5.885262793418655e-20)
(0.9889049366625898 0.0111929492593378 0)
(1.014268641667046 -0.00845719979081438 2.558785955645853e-20)
(1.107188084201679 -0.001740869655586344 -1.153052778375949e-19)
(1.061489465925806 0.03132142161677828 0)
(-0.07462363692666951 -0.023903333548519 7.784419440085898e-20)
(1.153733653121484 -0.05246148005309784 -1.843736181740255e-19)
(1.002478277640158 -0.006596374391969671 -2.811091855856796e-20)
(1.187306437200111 0.06448340229344136 -1.198426962066174e-19)
(0.9970622578054579 -0.01039287963770385 3.083767147126523e-20)
(1.083953048019466 -0.005477480431094767 0)
(1.246758941768611 0.09088071763149516 0)
(0.696055183774533 0.003159697653040116 -7.438706449379574e-20)
(0.9886047698848158 -0.01581239548388552 -3.212206288427399e-20)
(1.45645932724229 -0.01986621810370753 4.392378316933472e-19)
(1.060631776625148 0.007584094026449035 -6.551562247443847e-20)
(1.364599104617914 0.09301817012461432 2.840303239038671e-19)
(1.054875457855491 0.006743188882945868 -1.91322429476757e-22)
(1.080937026978023 -0.01411186922597534 -2.923248385933999e-22)
(1.162655013054105 -0.2350878076520478 0)
(1.022550540676438 -0.01498707389544591 0)
(1.017752367292538 0.0180219236704355 -2.997533091002422e-20)
(1.389631876280113 0.3494779014868522 4.238141819000301e-19)
(1.097376456753576 -0.04225822301563319 9.549056983454158e-20)
(1.046891229527173 0.2111900008841454 2.402594117195266e-19)
(1.122419941760668 -0.06249692732372623 1.17935149572477e-19)
(0.9220545011822986 0.005200001222632866 0)
(0.9754141490928074 0.01856719420935727 0)
(1.003968979246584 -0.04841786516500456 3.190208738385016e-21)
(1.010389051115852 -0.01377837099762283 7.736737448892639e-21)
(1.03113253772751 0.02647046826890674 1.3529754771129e-20)
(1.525224795553043 0.0337965091856155 3.212079775424469e-19)
(1.291669681984962 0.06992643268245216 5.635587289533583e-19)
(1.072658299133247 0.002994601143673009 -8.814700862722557e-20)
(1.194367670399104 -0.09867595799817634 0)
(1.033975758339524 0.001597768966458507 1.287505113137628e-19)
(1.164406971460188 0.01994694786328524 -3.119035210889876e-19)
(1.001529327869577 0.03255916208519568 0)
(0.9996294499972741 0.001978962678494649 0)
(1.044160163232499 -0.0002601535586738004 7.992703519133321e-20)
(1.217158968099732 0.1023737891229957 4.014170988234529e-19)
(1.011156647453964 0.006947001675284999 0)
(1.087779538317897 -0.06923167486717881 -1.067928671448057e-19)
(1.15083711078633 0.03496274571883601 0)
(1.214353035122906 0.0886568389828873 -1.883276787979026e-19)
(1.10829092687143 -0.02882810118432157 -7.792488997221576e-20)
(1.027884245249887 0.01183373145108236 0)
(1.085370178637622 -0.004617274549525533 0)
(1.020040570645809 0.02628204343881948 7.843949518430308e-20)
(1.075250405818809 0.05571359379678418 -9.337712331330226e-21)
(1.103639727394572 -0.004326001753711729 6.431165944080349e-20)
(1.103927216650182 -0.09334684779743702 1.519971674293677e-19)
(0.9618919601515328 -0.001514444908172965 0)
(1.066277148218478 0.03142787132304375 3.693722404473347e-20)
(1.167437611092879 -0.07676782272357179 2.253243630091118e-19)
(1.053631656358633 0.04670091915428094 -2.851933646532895e-20)
(1.023065940683585 0.06818657799152009 3.641454920041839e-20)
(1.090425485235501 0.02620384395667564 0)
(1.015142275690416 0.01362179362388852 0)
(1.0289657434766 0.009375163213905659 7.855516554764666e-20)
(0.9485463242137823 -0.03202269457807846 0)
(1.053185213361421 -0.005452980438553022 -7.406824945221175e-21)
(1.339161751596083 0.05570840985828913 -1.541376338362198e-19)
(1.079637251186845 -0.01326057259481066 2.64419025704839e-20)
(0.7441690078379813 -0.00176242763601575 0)
(0.5634800401036325 0.174182583979208 -1.084316041216139e-19)
(0.7059277395183554 -0.002481312474498448 0)
(0.6989850003675705 0.01466031604159303 0)
(1.077819101528929 0.003515502323210726 -6.44467771641075e-22)
(0.9906465955795297 0.01443767386889445 0)
(1.281080625581978 0.1220636215206156 2.553530729484001e-19)
(1.012209103560802 -0.02795877784180336 -7.359545929793516e-21)
(1.040711053267917 0.01659162079491319 1.327192037204275e-21)
(1.058470504277201 -0.01238723031698625 0)
(1.126402624789729 -0.009217157472405868 -5.126115364921257e-20)
(1.265465247902632 0.1225591661217466 -2.193191603997921e-19)
(1.088868731433556 -0.01086048810646389 -8.570867392094018e-20)
(1.071164494961585 0.02546007750703479 -1.067288780542482e-19)
(1.041119647883041 0.04679333285640568 7.430720848169585e-20)
(1.022439708038671 -0.003556347886483883 -3.47061740348119e-20)
(1.061218227160721 0.02371429731035433 5.705029306622838e-21)
(1.139296490585363 0.002429473054695192 1.047158463519299e-20)
(1.040226680650612 -0.01277912116972295 -4.704692157605867e-22)
(1.087560107958663 0.03478590779324231 0)
(1.028664721005973 0.0135437861970479 0)
(0.7902064498342954 -0.08027671292838703 -1.833655185797175e-19)
(1.030314667860386 -0.002061391748656807 -6.524933542402251e-20)
(1.135804017039513 0.002172460059925204 -1.273025584320882e-20)
(0.7035159824046044 0.006545194914787525 7.144541596658915e-20)
(1.175949722390926 0.01862982234953976 -1.971440269813203e-19)
(1.132896762838489 -0.001007422775167635 5.575088012386814e-21)
(1.129049444806951 -0.01009606837228866 3.360922695179061e-20)
(1.000934413473936 -0.002987446945938238 -6.663414539547969e-20)
(1.097113889958016 -0.05661308734219569 0)
(0.9891130445554045 0.002396468382285054 0)
(1.057909014467032 0.007024439434748397 0)
(1.006266527715435 0.1897776800689472 -2.357819810289058e-19)
(0.7794251215812203 0.01243695192973624 0)
(0.8570637896547383 0.1035452509696927 -8.194984935230686e-20)
(0.1040026923816834 0.03111324635556027 -2.997634750697164e-19)
(1.17238506646801 -0.03260690733006804 -2.290305237145729e-20)
(0.6712363621554659 -0.00736664109416094 2.450881257891787e-20)
(1.162299792528058 -0.1041393762510956 6.967740060605974e-20)
(1.128823183624878 0.001264453016103628 -6.028726550098634e-21)
(1.153874377263807 -0.05089311402425967 2.225606696178176e-20)
(0.07213459012023614 -0.1923573283689263 0)
(0.2533334625412115 0.06214963418118735 0)
(1.258195618565212 0.103242994639634 1.84143725323893e-19)
(1.021399101248122 0.01987576980302268 0)
(0.737589632162309 -0.006287029829030053 0)
(1.074810048277148 -0.01152449730151685 2.728214280351822e-20)
(0.9750967595465374 0.002887384546467179 0)
(1.291984623172564 0.1174444453941642 -1.439051465940683e-19)
(1.057353493262493 0.01099936827334031 0)
(0.9924061730147057 -0.007718576557097691 0)
(1.065304040900121 0.00812787832077198 0)
(1.006261309945888 0.02091802623615592 2.190885168488586e-20)
(0.927380253096914 0.004719786000630169 1.301388619478457e-20)
(1.175117105453378 -0.1990623114225138 0)
(1.004991718623913 -0.005218494019988846 8.002932848410941e-20)
(1.059232738895315 0.00619231799968651 0)
(0.774541223590168 -0.003337421596932973 0)
(1.216753653439584 0.02547466420194717 1.614614583686176e-20)
(0.7051018824758185 0.001356691370513053 0)
(1.43128739288438 0.08412260322746531 -5.103956338146394e-20)
(0.9941042002966671 -0.005330205327652666 1.657710863544492e-20)
(1.275329532849891 -0.004554804249276596 -3.005946947017892e-19)
(1.059954570093548 0.008934184133063235 1.326364977782097e-19)
(1.000901307612259 -0.0135479632679361 0)
(1.210693543580677 -0.1506316199691407 2.044328845587097e-19)
(0.7331655614234628 0.01378659842326105 0)
(1.098078350887342 -0.004959625898227995 0)
(1.156177258076745 0.06467106588559179 1.884678878485618e-20)
(1.006267272158716 -0.006849058775006802 -3.041118963568634e-20)
(1.122998193654752 0.05006412756330426 -1.711038933962857e-19)
(0.1524892294175693 -0.0927510661559401 0)
(1.07405678195457 0.03790164682251666 0)
(0.6615720484595181 -0.002870241200193863 -5.130667304328831e-22)
(1.012070778419119 -0.0197086407547563 9.005744068427183e-20)
(1.061701814664775 0.0008322254914201346 0)
(1.084905335325077 -0.1412430174434543 3.789787569851864e-19)
(1.002532834898662 -0.006131221023157882 -3.312908119740552e-21)
(1.002600744153884 -0.003842417682048683 1.25294544961039e-21)
(1.094035259120228 -0.009170255588821508 0)
(1.020803024733114 0.02016095043514662 -6.645237388248573e-20)
(1.106781810703071 -0.001645887281711367 6.322764994225366e-22)
(1.074120913419633 -0.01061447402380792 6.608771329145151e-20)
(1.085622990849542 0.02220830821064186 0)
(1.323985302688147 0.156276649372067 0)
(1.002096014511799 0.0005839094133145253 4.408672101175332e-20)
(1.321171508821873 -0.134321202734066 1.602874432187156e-19)
(0.005628715922743312 -0.1397138897221799 -2.313212809608615e-19)
(1.071127773786537 -0.00541566835304488 0)
(1.112223476082927 -0.002444338952410356 1.184174769195501e-20)
(0.7268389128526239 0.01782264225651677 0)
(1.058256353864961 0.008464288099416593 0)
(0.8612109909192391 0.1616288077650437 4.608985909436742e-19)
(1.28312612955361 0.1184791607202585 1.846524784114996e-19)
(0.6541295085875806 -0.003111450997181654 -6.490009100978483e-20)
(1.040497789136976 0.002760320114614876 -2.565021998371659e-21)
(1.054912657344909 -0.000212527253271515 6.462964669055605e-20)
(1.360131078691025 0.1170365426577129 6.55519433311482e-19)
(1.338021062593172 0.252388006826986 0)
(1.05712267388292 0.009940987712790134 0)
(0.99671428730916 -0.004473873867951327 1.373909260210934e-20)
(0.9940931268163699 -0.003329777422178372 1.438444078540286e-21)
(1.386017377712727 0.1995009764155649 4.331279644586674e-19)
(0.6818055445106901 0.0005794985769427962 9.937110086850357e-20)
(1.005723904217873 -0.002134568254401793 -6.007993596929385e-20)
(1.09805154588685 0.01314500870551662 2.555840855327418e-20)
(0.6694512218626609 0.004964164007594775 0)
(1.066081842524047 -0.01203378590950484 0)
(0.9989447428684263 0.1275893903148591 -1.369495777302367e-19)
(1.084210465799452 0.005539579448311094 -2.568935832878157e-20)
(0.981882463004077 4.883769412349045e-05 3.309550837506776e-20)
(0.9912115096300406 0.005988324244735214 0)
(0.6381419312723342 -0.001133782208954951 0)
(0.9767783311324156 -0.001301596801974451 0)
(0.6419673119562226 -0.001424724831334671 2.672090354665316e-21)
(1.086865693405359 -0.05653899670026693 1.215731592322178e-19)
(1.109054841862661 -0.00524753540420647 1.166398090907337e-21)
(0.9580537646597822 -0.0008710662703971302 3.886247701216254e-20)
(1.016901447168104 0.01069312433921182 1.71526022172439e-20)
(1.064314584275427 0.01039562740176241 -2.249200178786278e-21)
(0.6348229117159673 0.008855428890545891 -3.621378787879191e-20)
(1.004399429879585 0.01238654862591296 -6.161692437995723e-22)
(1.037400755783296 0.01069714653339782 5.150279609166653e-21)
(0.9864202075623361 -0.003304055297338417 0)
(0.6100425390405314 -0.0004440540676130616 0)
(1.069012961882641 0.02260089227229875 0)
(1.015733256163825 -0.01650333660449176 1.042032453402494e-20)
(1.022128131412276 -0.003166560434668722 0)
(0.993295652825677 0.01431142346913603 -9.585241843183767e-21)
(1.010270848751623 0.006150421705717417 0)
(1.133868844186039 -0.000774982475441033 -1.265441627641515e-20)
(0.03043946537696636 -0.1387745406794835 -4.183779860795832e-20)
(1.034635750989417 -0.01672467167087372 -6.717809031808815e-22)
(1.045045897029981 0.009141599061363859 0)
(1.087043085253014 0.06903203325385093 8.421721303328445e-20)
(0.9683214794175105 -0.0007994692964942995 3.114209114705292e-20)
(1.020194389071831 0.01698686125597807 -2.246591503578393e-20)
(1.007074150945729 -0.0008467041701685643 2.398147286340435e-20)
(1.03951647926224 -0.006584909909689257 0)
(0.6409762164396789 -0.00407444738295446 0)
(1.026023783913116 0.02447954277049936 -7.953694661484468e-20)
(1.084043112716552 0.003745455839819025 5.064591102528259e-20)
(1.01150815431197 0.005929343942845106 0)
(0.9816797144989292 -0.0006806898379367387 -1.91666429408016e-21)
(0.8588927953612798 0.01440547869926653 -1.307923588626697e-20)
(1.013943091564371 0.002940591226137299 -9.654648021252461e-21)
(1.02420397880704 -0.0005087182408435441 1.819999523325721e-20)
(0.9797125620610536 -0.001133267627376304 0)
(1.007805342057826 0.009424520963561018 3.231977097531035e-20)
(1.108979516557143 -0.003640298356322875 0)
(0.9348709139454053 0.009961050189708533 -3.341924633048547e-20)
(0.9547440205104465 0.003215708214470792 0)
(0.9011440596840972 0.2028934785464222 4.974570762047097e-20)
(1.011233682274701 0.06762741949139908 0)
(0.9905853541941131 0.004348387764144472 -2.303828062547973e-20)
(1.05518138717933 -0.04888941578558119 -2.727395060477708e-20)
(0.993593325882058 -0.0008723706031257827 3.290775035619503e-20)
(1.007096351395075 0.003864480742973474 0)
(0.9807060055439597 -3.588741890834839e-05 -3.055786537830194e-20)
(1.178523232329564 0.09689884623442092 -3.335428876701597e-19)
(1.067681929463252 -0.2632591000906837 0)
(0.9949644104777627 0.001135664526880268 -2.238548059991837e-20)
(0.9771498819147908 0.006948031356089247 4.755675263191245e-21)
(0.9579666688598919 -0.002607803894053199 1.052886953033726e-21)
(0.7460348494423602 -0.001085827044699489 0)
(1.114751627405841 -0.06931817357209025 0)
(1.006153140149003 -0.00093133495603561 -2.196649164850897e-20)
(0.903787573878491 0.001721696064430153 -1.097461500719447e-20)
(0.8418706920865552 0.003790614179379655 4.938697602115858e-21)
(1.010600957641594 -0.001112017150937738 0)
(0.9602828096411999 0.01002183840437759 1.572653981037236e-20)
(1.005744111804828 -0.0001905185318699961 -2.24804620811686e-20)
(1.026188414998419 0.0004589190803919223 -2.480540462922912e-20)
(1.112505887228795 -0.005718705297882169 -4.897562249833925e-21)
(1.114451522677088 -0.005759412095067804 0)
(1.00942895486635 0.005272835220673859 0)
(1.025023841448085 -0.002410672763360416 0)
(0.9487982553833272 0.01030365969719862 -2.061092512855626e-20)
(1.017877713442809 0.0131870824195472 5.619080605294592e-20)
(1.085813579763031 0.002074825348864924 -2.343499485903434e-20)
(1.037186051325181 0.003170776089111284 0)
(1.10863327858055 -0.003876372253396579 1.816725223908614e-21)
(0.9951169382899129 0.0008604330838499356 -2.234582162598031e-20)
(0.9792417619068193 -9.375884668786047e-06 0)
(1.010328396986677 0.001952280885253524 4.701268386098498e-20)
(1.361875918000893 -0.3135803795770544 -1.118555307499267e-18)
(1.120679438973342 -0.04559026506581045 -1.11059623023208e-19)
(0.9755852067998315 0.01259518044143368 4.652317572016849e-20)
(0.774710227759263 0.01861652605621414 -3.646365462856869e-20)
(1.222508422780087 0.04838251206908791 0)
(1.213629072082665 -0.1332063706696851 -1.478653931115611e-19)
(1.085682068349834 -0.001681144756895687 0)
(1.009323456240235 0.0007320153303489396 2.262881805450734e-20)
(-0.1943830982224632 -0.08056449345064784 0)
(0.9939713238370657 -0.004677150898635339 0)
(1.012321386715276 -0.02304282755413003 3.863408265062892e-20)
(0.7062717159444266 -0.01941427145087319 0)
(1.096798971046952 -0.01501216121942829 2.36515470731303e-21)
(1.038885547278336 0.004681434560944675 1.415420941586836e-20)
(0.6331810277595972 0.004167415269745604 0)
(1.444819014510299 -0.1238815675387153 0)
(0.9859681218063588 0.002218257461194746 -1.07137013061451e-20)
(1.069602743514586 -0.01502278423992547 0)
(1.037952496653983 0.0005813187617538945 2.066122459954768e-20)
(1.086859024444265 -0.00393854343438297 0)
(1.010839827573435 -0.006165710057742632 -1.266084282915644e-21)
(1.006181177502453 0.003291085350639399 0)
(1.010038960963563 2.580533294552006e-05 -8.825543744162288e-22)
(1.003856605921498 -0.02004638863847809 0)
(1.035143607688995 -0.00504352863164498 1.854400621110309e-20)
(-0.2091368302180232 0.05024838714328388 2.812443182904395e-19)
(0.815273215622675 0.03713580662130302 6.024396071557927e-20)
(1.005046280217817 0.002338668134745873 0)
(1.121699605178024 0.0162048514889178 -1.27137717180766e-20)
(1.108417218894582 0.00694591428727887 9.638914098520382e-21)
(1.053929741733016 -0.01286956357961864 -1.324927519641271e-19)
(0.9987726521043135 0.01040293224358504 -3.142568990996445e-22)
(1.085303742578124 -0.005142532467075645 0)
(1.187928800706248 0.0492932604521916 0)
(0.8350071475610144 -0.07371867739358912 4.610194985103914e-19)
(1.093173443480729 -0.01084277900140231 0)
(1.03331343500237 0.008048123698536644 -7.714764949053154e-21)
(1.042701239635565 0.005403399026576819 5.696447459576218e-21)
(1.051188026782171 -0.05885311617767398 -7.544370827350153e-21)
(1.139792233942391 -0.00260981248776565 1.722224384368717e-19)
(1.077609929979999 0.002964052375698916 0)
(0.9947285890749229 0.001928280229951923 0)
(0.9982899664588505 -0.02515833756562274 -2.38538724072557e-21)
(0.9913001305393966 0.003355359974692971 0)
(1.02947186239314 -0.03655305860841223 6.498982899857085e-20)
(1.293033412935408 -0.09922014525983197 0)
(1.043147750258971 -0.004888416708244332 -2.7077746306801e-21)
(0.9861821572958911 0.0168130262296059 -9.067759407645623e-20)
(1.034828466758899 0.04300147989344295 -2.327478983895979e-21)
(-0.08505297745503328 0.1971753189359046 -1.724123298383734e-19)
(-0.06675910442690156 -0.2797144664720863 -1.323309865313482e-19)
(0.8640826440333251 0.1108179522258441 0)
(0.275903738874816 -0.01434074531005032 -2.894481904524835e-19)
(1.011629161215281 -0.01415733695803901 -1.007066813075864e-20)
(1.064015638871593 0.002674984283228462 -2.067998030322191e-20)
(0.9930588446179495 -0.02160839203897462 3.026906417375129e-20)
(1.027138580618136 -0.02794932945044124 2.633595095307399e-21)
(1.00905857744306 -0.03022035363591772 -6.693983548776903e-20)
(0.9887494884896113 0.00491784333321541 -3.493494113565815e-20)
(0.9939244386235258 0.004600831912873406 0)
(1.024317034562912 -0.001954876110081504 -3.519690341031102e-21)
(1.929472977738431 -0.1561874409138165 1.064590437500445e-18)
(1.051525034180963 -0.01748865089638461 0)
(0.996758384180126 0.007369650118901976 1.488579682027373e-20)
(1.003385688138348 -0.0004972507308851722 4.013005668675715e-20)
(1.176377469908643 0.1527958324586573 0)
(1.008445829943477 -0.022698919375458 4.985221916920855e-22)
(0.9535851960614276 0.002270101578718028 0)
(1.037850008540377 0.04170960788034424 0)
(1.293912344255428 0.1495183514042027 2.158799213350897e-19)
(1.076635402779641 -0.005096196670595252 2.321507477609684e-20)
(1.016503655471743 0.03176290940903032 4.50835414281473e-20)
(1.077167557598921 0.00119928632193347 -2.236194274718623e-20)
(1.059168779574829 -0.02313050769994338 -3.200295575138221e-22)
(-0.3883413896954038 -0.0378404665968034 0)
(0.9988704718136677 0.01253766770766928 0)
(0.1268427402197644 0.05560929831203954 -9.293544728691137e-20)
(1.005483191349603 0.0212784653372866 -4.010531382816767e-20)
(1.004951226184337 -0.01933236761370933 0)
(1.000541082639484 0.005441315810792419 -4.915691257379281e-21)
(1.08186049211941 -0.04219715444823803 0)
(0.9947775457262613 -0.01926557514487853 -8.046708040444965e-21)
(1.095148664391712 -0.0460485676560899 0)
(1.440827285856574 0.1699058879519532 0)
(1.054536182259215 -0.01171824692678715 0)
(0.9919566623925808 -0.02401721293038863 -4.070427635286785e-20)
(0.9843297394495175 -0.01915529623944482 -3.02939042607609e-21)
(1.019222323434394 -0.02087298929878277 -2.111602734733053e-20)
(0.9969532605301562 0.01721838578596932 -5.404197262744322e-20)
(0.9957673953631357 0.009301560633332658 -1.450725305729168e-20)
(0.9950846926845893 -0.02661115730292852 0)
(1.00165370112357 0.02505986438843331 1.885525941039567e-20)
(1.036368039103929 -0.02289408724291825 0)
(1.110492941609316 -0.03652139138786624 2.51875864779195e-19)
(0.9951181340190391 0.01680319055441492 4.481019975189714e-20)
(0.6150681787724573 -0.008687896603143005 0)
(1.156386496686238 0.1507066527547444 2.615473368174987e-23)
(0.823064731366132 -0.0865575365458881 0)
(1.139174658273552 0.07253075263868541 -2.799168288898867e-19)
(1.31316873095086 -0.3877433313753696 1.273296505208833e-19)
(1.074287933391336 0.06675725374996745 -1.300053729770763e-20)
(1.011027125854754 -0.02948061546017375 0)
(0.9547421243944383 -0.2138429768885591 0)
(0.5441912726625409 0.172225002486157 0)
(1.013331194594168 0.01405240590888192 1.003432080261087e-21)
(0.7146493888432741 -0.01072756360762131 0)
(0.9981881936887254 0.01667878456936064 3.452989944189855e-20)
(1.023956492102123 0.0002551404916545415 -2.653757446396708e-20)
(1.079112461474552 -0.008003361028236287 2.650766084601469e-21)
(1.050820801288742 -0.01748071354514956 2.634990345858452e-20)
(1.043004045622235 0.01105066321213453 0)
(1.053181999152429 0.02391447761410426 -9.38057769699415e-21)
(1.051528638279762 0.03552282630883059 -1.766740216327542e-20)
(0.9835901280956045 -0.02181010932535049 0)
(0.6248900235557715 0.005130914863996784 9.176939874703415e-20)
(0.894171545690428 -0.005939374964647471 -8.852199633508014e-20)
(0.9093518696330174 0.005239884227371172 1.447485862433897e-20)
(0.629642401871875 -0.006420272327366121 1.411044146196292e-20)
(0.9799920062140136 -0.0004943920650353563 2.525126686370704e-20)
(1.004416380674426 -0.01761237015441443 -3.286831321397709e-20)
(0.9738535148719882 -0.01702553035234474 -2.841275380926238e-20)
(1.085613507344458 0.001488663962935965 0)
(1.018686751533906 0.005086112439206611 1.079751318177457e-20)
(1.133247623854336 0.04807311728532641 1.349624598991066e-19)
(1.032834693772375 0.04302549923404807 0)
(1.022333252430083 0.002636671134443905 0)
(1.580214752214978 -0.1677766006647204 4.351533379696225e-19)
(1.04597561284238 -0.02862589202265446 0)
(1.022650309723459 0.009335881366463208 -3.582136832423012e-20)
(1.085502913128976 -0.0003025296928119843 0)
(0.4909837485683963 -0.003648199507837704 0)
(-0.03192100007241453 0.00112352432748008 0)
(0.990492271479341 -0.0233994267899724 1.249033240476224e-20)
(1.299398154757964 -0.09660120458012933 3.658560625198871e-19)
(1.031696522043621 0.03873000669693721 0)
(1.022655985135307 0.003478965085268344 -2.185912289237366e-20)
(0.9319412311818757 -0.164683470174244 -4.736418989683845e-21)
(1.254279865638197 0.07280564715464134 0)
(0.599106433524734 0.7323250500254636 0)
(1.304659118786809 0.1419204201364231 1.045191217384733e-19)
(1.672855108940854 -0.0264168092562644 0)
(1.071418686933596 0.1321469055400115 0)
(0.7325411428282608 0.003544794934865198 3.54488255579573e-21)
(1.048228079364982 0.04925088073917527 0)
(0.7273988910800863 0.1033487145420369 1.33725965398286e-19)
(0.9968274121154763 -0.01624595888745768 3.588148792773233e-19)
(1.036756955443239 -0.03812924902082099 2.636673361550104e-20)
(-0.3694553663544467 -0.05203532169649871 0)
(1.071825376892732 -0.01611450427823964 0)
(1.090015501484518 -0.01644268209069144 0)
(0.6471839171704309 -0.500564509243825 -2.508355520152629e-19)
(0.9915519832261179 0.0001302478099958035 0)
(1.091903795088731 -0.0222253163580576 6.883916954087732e-22)
(1.189230037824884 0.120811171574027 -2.049251816382402e-19)
(1.096943378545609 -0.03864332518142879 0)
(1.005198853920144 -0.02075691320941167 0)
(0.7950337285076619 -0.1981278276977831 -1.728239856405399e-19)
(0.8964382102310282 -0.1442890909152893 1.471659198735052e-19)
(1.032600895616882 0.01062365386988886 -2.069615962829445e-20)
(1.023134658942219 -0.009229281103759729 -4.262218424805378e-20)
(0.8675295919353226 -0.002341600226963706 -1.961596080465044e-22)
(1.501997976532406 -0.1943318172936682 0)
(1.304302597914818 0.1098437031066686 3.07484476273326e-20)
(1.242138023366026 -0.07978049966252188 -3.164665529123992e-21)
(1.095904768664783 -0.0188296206969601 -3.980684179854667e-20)
(1.041358235074298 -0.01861225572187251 3.007501447372349e-20)
(1.092800497295152 -0.03918291439530381 9.551123643183793e-20)
(1.032716362233185 0.02010096873275159 0)
(1.050292609907938 -0.03210333008629189 0)
(1.115856110544317 -0.009040599112636799 0)
(1.098489351847461 -0.03127690294971601 0)
(0.998130839062654 0.0106989625726764 0)
(1.154467261225814 0.07683133751851155 9.331088697908394e-20)
(1.345140978475983 -0.1603523209985131 0)
(1.042951411138063 -0.02453970975707641 -2.395041972956524e-22)
(1.050956253683886 0.0552834353216289 0)
(1.0099503703185 0.01423575624184416 -3.814746949361164e-20)
(1.033480142132949 -0.008054690295254125 9.36454054274625e-21)
(1.088995331853908 0.01332167282288294 -3.161604501544668e-20)
(1.084131485460955 -0.02947247962668354 0)
(1.075440201295669 -0.004746004109962618 0)
(1.10045614817907 0.09252202185968075 -1.397727859733141e-18)
(0.9348522704308274 -0.1480549917942065 -7.115980677608936e-20)
(1.180624362530188 0.1106705380243942 1.128043004419116e-19)
(-0.4537455968334971 -0.02330542328070886 -2.927475337081946e-19)
(1.019065738019709 0.02971139349233702 -8.558875809715538e-20)
(1.00723372656105 -0.004656262462873562 0)
(-0.2531860644956717 0.01081248856601029 3.573616051484698e-19)
(-0.04205583927110208 0.3378516488074279 7.769338948834892e-21)
(0.9952142525034205 -0.006326711792803968 8.884277977272387e-20)
(0.1845349763127844 -0.0426843323415973 1.319542870433209e-19)
(1.093924218713975 0.09133526296382335 1.47846491430459e-20)
(0.09332560917015315 -0.1069894978452798 -5.35384349945396e-20)
(1.108074966305458 0.003160977139790144 0)
(1.093346491316266 0.2496343255303733 0)
(1.021307071108985 0.02190781296502814 -1.675949352358329e-20)
(1.065959964647516 0.06084654081159984 0)
(1.024026197422577 0.02525601136955431 -8.676660273006173e-21)
(1.260073299197151 -0.5475170003026808 7.976543974282791e-19)
(-0.08591250812182614 -0.225532146456263 2.077004548701514e-19)
(1.297303539532352 0.1106773552288806 -6.104704205661057e-19)
(1.12487818666328 0.0008459014285473292 0)
(1.13371900666176 0.1061287922485702 0)
(0.5201200104095208 0.07686319855829703 2.425034137043463e-19)
(1.022917386885379 -0.02079441815907074 9.585281024018468e-20)
(1.005433283967095 -0.02332196755707173 0)
(1.213309333570816 0.2714687818475248 -9.840838811843668e-20)
(1.250401359841542 0.1270975832234062 -1.495234191663598e-19)
(1.026481921449018 0.002740771240342405 1.591585782688103e-20)
(1.295279960625572 -0.08499767860291832 -4.945840278683807e-19)
(0.3100661328063489 -0.0236310386620939 2.857670570722032e-19)
(0.835820327664072 -0.1507315559600302 6.919747194171129e-19)
(1.054185595748611 0.07069342426767418 1.091222862738476e-19)
(1.040109434208302 -0.003198141516888978 1.269895166972117e-21)
(1.000737220377832 0.01971485780010037 2.850930168071239e-20)
(1.066481254525017 -0.03687936009540677 0)
(1.034480964886599 -0.03844229157688724 -1.434081120025304e-19)
(1.017695729773438 0.0355200713861106 -4.596485204744375e-20)
(-0.06737690703761115 0.08792833338663959 -4.894570572212212e-19)
(1.0107211535799 -0.05770735786006107 0)
(0.8945188172411969 0.007461348784681772 0)
(1.092687887985452 0.0003670950300231485 0)
(1.35860224488106 0.2557245124184607 3.733739406717872e-19)
(1.691843412886112 0.1024461292842933 1.318764667501e-18)
(1.403130812434911 0.144824663114721 0)
(1.030191852680544 0.02256471838015202 1.074790099699485e-20)
(0.3435381654392809 0.03030996919320868 3.284428319296706e-19)
(1.122651701657247 -0.001141150415977451 0)
(1.101181889023072 -0.02358066210546754 3.18010880077183e-21)
(1.098856251418276 -0.0272122648878529 2.48540295840184e-22)
(1.142932460138014 0.1012055961922416 0)
(1.299199191993531 0.05335553812181229 0)
(1.040119306920587 0.0008458036504036255 1.157572507549995e-20)
(-0.1486352166073196 -0.1003104804785976 -3.897454414194552e-19)
(1.329145526057181 -0.1567351800592435 -2.180800579456882e-19)
(1.067914465531024 -0.007365977925006147 0)
(1.013674322691151 0.01532931844303115 3.009469469521147e-20)
(1.14192276538873 -0.09239317049305747 0)
(1.015829825272001 -0.01773593303925398 -1.145692178344429e-19)
(1.030686581096838 0.007748339653400864 0)
(1.50941872937546 0.08595239944441664 -2.800215166647538e-19)
(-0.07259969268679468 0.05123565346076244 7.499665238146747e-19)
(1.098563594934528 0.05023591392293646 2.053611216648602e-20)
(1.093145305412277 0.07883006992750571 2.147235819273096e-19)
(1.009855904342899 0.008396547672593343 -6.082036903604539e-21)
(0.003701750941561656 -0.1134531782532313 -4.893262774358855e-20)
(0.0229381210059909 0.1125871406871609 3.675594215031081e-19)
(1.23864337937894 0.1332700962724464 -1.570972064905025e-19)
(1.110174142090145 0.09732135627175587 0)
(1.088055143168242 0.02484693487095003 1.785154247265746e-19)
(1.007173510758049 0.0220021587552983 1.762967225801353e-19)
(1.028784396598497 0.001201688169201508 -3.690065229270442e-20)
(1.220416374339651 0.1331977721289059 2.56853671012066e-19)
(1.399309228706448 -0.1357721201256211 -2.099501660523648e-19)
(1.066207258869777 0.05003192541219922 -7.389062861828811e-20)
(0.9937901662843406 0.006645115513971081 0)
(1.085144142182693 0.07704483537241541 0)
(0.9784555761294427 0.006316952710246557 0)
(0.9968039924209424 0.008218307529398474 2.289374110703557e-20)
(0.4957003556964524 -0.07553488623474609 0)
(0.9904413432274476 0.003914920717410245 -1.012844094181809e-22)
(1.288151483515479 0.07503703341408487 0)
(1.007876527502776 0.007811787956453152 2.174407906864884e-20)
(0.8170941891276864 -0.1269822426399345 5.71818957191583e-20)
(1.102485032950059 -0.02154394540212717 -9.09307600785293e-21)
(0.9398199682032339 0.0166092951601254 -1.770612642627692e-20)
(1.445236247928457 -0.2869958258500035 -5.390449560143971e-19)
(1.139018910132246 -0.09273535499183189 4.758835394628152e-19)
(1.088847564677214 -0.02515605694597128 0)
(1.92847794671213 -0.4700538109337573 0)
(1.619080770852969 0.1876569554888405 0)
(0.985585240862061 0.005740034359974651 -9.332743165575991e-21)
(0.8610508470418977 0.7759496821530277 2.43026508637144e-19)
(-0.01358733445110709 0.2185307217411522 5.498989411659166e-19)
(1.043697803037052 0.009227184089339785 0)
(-0.2138595675384218 -0.082405294157571 2.070053246810808e-19)
(0.9842122674681879 -0.001912430932107 4.083796749308842e-20)
(1.182186531768714 0.1617319240262449 -1.655567866644495e-20)
(1.044432315291884 -0.02239041416021364 5.406341506084562e-20)
(1.055677407473002 -0.1441646632706218 1.491674714476449e-19)
(1.133065740943015 -0.001896274684916121 4.598741783720725e-21)
(1.109806637477913 -0.0196408913940369 0)
(1.313011038929982 0.5314619388077824 -6.064776267697292e-19)
(1.030459501511285 -0.005407262651985367 -2.225542590759537e-20)
(-0.2864769381474612 -0.07119475151550637 -1.982891809846659e-19)
(0.6795583095786774 0.01847113890970787 0)
(1.08491049142872 -0.6964115028336614 -4.789163550491901e-20)
(1.317639452801387 0.08534149494339609 -1.11334855117035e-18)
(1.113720831684698 -0.1082008127957467 0)
(1.088968853041122 0.2803701543939068 0)
(0.9724923619081023 0.003901190880488304 -6.176385189018102e-19)
(1.061696534990509 0.01031993130821962 -4.266340840160369e-21)
(0.9246315304839886 -0.01209701306065665 0)
(1.090580477789977 0.03087515453812665 -1.75682244702272e-20)
(1.365463955754711 0.212115972467577 -1.832905550143712e-19)
(0.7325178980436152 0.1000490088952629 -1.050294354253239e-18)
(1.078686488003777 -0.0005697511467133808 0)
(1.264132104638801 -0.06178383988923659 7.101406848360139e-20)
(1.00621672922182 0.0003295949549664849 0)
(0.8470919675144056 -0.7730011750811281 -3.6500228649662e-22)
(1.081345226686355 -0.05223239288651624 -1.071322850393178e-19)
(0.8773347116315839 0.3271035494313075 2.911018138989413e-19)
(0.837868003595108 -0.2022733428510623 0)
(1.030115177846141 -0.03511126573990361 0)
(1.053550140399537 -0.02888972957056199 0)
(1.007081321012748 0.0007195427712383502 0)
(0.981169771035297 0.006205721716630936 0)
(1.352197268114871 -0.2398789401141529 0)
(-0.09734032364651854 0.1792327214855098 2.410182129356417e-19)
(-0.05573202486263996 0.06178908518260364 -6.814299725018519e-20)
(0.2343193656061605 -0.1194934294122621 -4.229476493696509e-19)
(1.516416568948502 -0.4375616783030666 0)
(1.034165227810825 -0.0164800919100918 0)
(1.767646349908335 -0.7567610466232749 -2.331510987360052e-19)
(1.131380193378397 0.001215066361300119 7.286191469403702e-21)
(1.32689372374207 -0.09362076362977059 2.853725137448874e-19)
(1.110345329724887 0.7106964322129303 1.455124565383871e-20)
(0.3397536815244772 0.5962146488814699 -2.145788386754584e-19)
(0.6772310438304037 0.4618266723205654 -4.740919779600669e-19)
(1.057824419490194 -0.16156313262551 -2.046552650903503e-20)
(1.223763297499921 -0.3589669582983127 0)
(-0.05181140769355055 0.2077818492487616 -7.534686165023231e-19)
(1.047326113203342 0.02293936304047381 0)
(1.10900941619714 0.04296877624266478 -1.549383356064748e-19)
(0.8166529402348033 0.9001069805259209 0)
(1.065596599527118 0.04248592569322267 7.077290452566442e-21)
(0.268370235275441 -0.06041283652549032 0)
(1.107092583520194 0.03315543309127458 2.366301973733097e-20)
(1.374297184863912 0.3251449315804162 -5.597332435601284e-19)
(1.074427413220051 -0.01300917416782304 -1.675606619082212e-19)
(1.473551475309173 0.158946968131848 -2.557008367406353e-19)
(1.334172487783747 0.4196546901802564 0)
(1.177750981414719 -0.2729204173244392 0)
(1.304675699038653 -0.1400668223977464 -1.235598212656098e-19)
(1.066821796029199 0.016220736986483 -3.327569104302724e-20)
(1.060701570909539 -0.01196608461245221 0)
(0.736419571472664 0.1419415221154606 -1.126415353344331e-19)
(0.7724531664539674 -0.5739108984303654 -5.864949898705662e-20)
(0.6669489863040436 0.2064630329274193 9.561630325293426e-19)
(0.9688415761965791 0.1091501663726201 3.276533149615147e-19)
(-0.002445082502502971 0.09232716938405129 0)
(0.5538294365616595 0.01549482095259592 -6.379136625153723e-19)
(1.057645990545036 -0.03959966611900623 -1.90114677757726e-21)
(0.702732471812256 -0.1227601574370412 -2.821241126240685e-19)
(-0.0001301914488045343 0.2379131608870416 -3.055036783479402e-19)
(1.180497039674008 -0.08011813080788137 0)
(0.3991276247876301 0.01566811441758533 0)
(0.1610440195213386 0.3754178394527134 0)
(1.445505203153612 -0.2658136206216274 0)
(0.2333323965172787 -0.3545985132458299 -6.454049075009359e-19)
(1.592487584852312 0.03835554700023387 -3.852008166358998e-19)
(1.024660641685365 -0.2005624336088328 0)
(0.6653496429894313 0.02162536889530479 2.434914510283935e-19)
(1.024525462243947 -0.01120215190799298 3.560843132142356e-20)
(1.13954954336326 0.2367112465059623 0)
(1.738987656642535 -0.1132855014076803 0)
(0.5794128289595943 -0.7342006066675916 -6.656441675636143e-20)
(1.270554935481936 -0.1120062086749682 -1.016822622154244e-19)
(1.409874902525605 -0.08805573067281772 -4.35855404493853e-19)
(1.487133279363436 -0.0679396042918773 3.702513148465965e-19)
(0.09641927680839105 0.1039343532062982 0)
(-0.1147666707026186 0.09351278840342725 2.868196775409762e-19)
(1.038108083613333 -0.06320460929917168 -4.79115202571539e-21)
(1.119290341276719 -0.1399541467825188 0)
(0.6397884144878337 -0.3534092207103021 5.24235645372747e-19)
(1.048700001905588 -0.06313540078170189 1.344025917110395e-20)
(0.8554802094156817 -0.1463804107087241 0)
(1.316980296875331 -0.1393587790903352 -1.085614756229756e-20)
(1.122555534581786 0.08191856228659654 -4.385077124672812e-20)
(1.09107528378613 -0.004990211657151433 0)
(1.12998911153541 0.5721099845411826 -1.135963602097139e-19)
(0.3411085396101329 -0.5961316543712716 0)
(1.060891342437388 -0.003385808409470598 2.82380562579921e-20)
(1.097081527844988 -0.006250401987024982 2.691474919120921e-19)
(0.09379195374487392 0.1535429172562075 -1.711577811026728e-19)
(1.183650805644721 1.004807538818718 -2.265980334836262e-19)
(1.366443074351658 -0.1382339608182448 -8.732327747700802e-20)
(0.9277815409837928 0.1176736617054844 6.51323927458605e-20)
(0.9974172820062516 0.003965337033858657 1.034470744615463e-20)
(1.063731885482418 -0.1520376643256182 1.836121183672185e-20)
(1.50468461434513 -0.9462986729671125 -5.186586460289682e-19)
(1.536445570089662 0.9527436174255328 2.384666567620253e-20)
(1.427891318984087 0.2222882347864257 3.356576649495233e-19)
(1.028258028941825 -0.007519652515870141 2.093697122866689e-19)
(1.035267656661275 -0.03315399441969771 1.57289800716091e-19)
(0.9917983632004886 0.02250951912840133 -1.892355583408404e-20)
(1.05806977739646 0.03831409795048944 -1.485933604372492e-19)
(1.078501603256315 -0.06544924454473487 2.803756558959547e-20)
(1.438744067615655 -0.1390318845182845 3.430733621366995e-19)
(1.824116734950422 0.7502875158516571 1.875921747322345e-19)
(1.032247480751614 0.03274197671731713 1.006813829454876e-20)
(1.07201065522884 0.01346646232537851 -1.073713257888444e-19)
(1.992304225427866 0.4788394266095088 5.396185751482948e-19)
(1.93552531149173 0.1600553817371002 9.413344969798711e-19)
(1.083710524443534 0.6409190839571712 -1.001432438615609e-19)
(1.110699286375422 0.1721594045516034 0)
(1.044131135340227 0.0229786441095714 0)
(0.5115206613684739 0.442242042196663 1.155097598786424e-18)
(1.373161732081974 -0.298206946323449 1.853864472505754e-19)
(1.185913825138137 -0.154749662335262 0)
(1.637572672626532 0.2360782821744712 -6.252568075398602e-20)
(0.8120809058826344 -0.1558372634586648 -1.295096313389448e-19)
(1.324864066356141 -0.2090238062428918 -8.950596662194957e-20)
(1.252173520567182 0.3908248008253973 1.464815724156492e-19)
(0.4926691487850273 0.1991599328602117 -5.583301696591882e-19)
(1.693228755636372 -0.02116210690386394 3.321194590670449e-20)
(0.8543691681965986 -0.5424706169936407 2.347261322534393e-19)
(0.9988553288568791 0.0240124296654075 0)
(1.624333446896534 -0.1886128664106068 -3.146771636396824e-19)
(1.090928783321432 0.1007871143374977 0)
(1.342227317541212 0.5827635287188955 0)
(0.9408611574900712 -0.4117493181443714 -2.826461334804478e-20)
(1.248540050345484 -0.02811793001423147 0)
(1.038110938047708 -0.003932461194685996 -1.26680071446542e-19)
(0.7214847545419494 0.1092186943227321 2.975974854997872e-19)
(1.321017161160564 -0.579853357533902 -5.511424133344501e-19)
(1.049632358130964 -0.6308851753651353 8.277862171844703e-21)
(0.3505246744964585 -0.373447557206708 -8.589329940135816e-20)
(1.006782243664267 -0.09495563786664658 0)
(0.4461711236378332 0.3058023259943798 1.675865678656885e-18)
(0.2674062395862236 0.02311830347711315 0)
(1.315429254085296 -0.1421228004540598 8.137841345700786e-20)
(1.572678952829075 0.1889178588447933 0)
(1.168851304265814 0.4485097189731124 1.366562014686351e-19)
(1.05410184340506 0.1537010837952434 -6.106783609321965e-20)
(1.031724595286189 0.004329331276237912 -2.048004838086155e-19)
(0.9584805633002951 0.4113891218933617 0)
(1.15970670524817 -1.007555394404938 5.707344709516215e-20)
(0.8910958412339604 0.01122398218155622 0)
(1.070794379404417 0.3807257177348934 0)
(1.052599593925794 0.03331778475276275 -4.266549162056829e-21)
(1.469726361320116 -0.2989890488255122 0)
(1.242068819748831 -0.1847284836121926 -2.910132807559106e-19)
(0.00847281224447961 0.006868602713159012 -1.934124380939364e-19)
(0.2398656425441336 0.02310213899009791 8.862073820677744e-19)
(0.9807186463361718 -0.09772135600777475 0)
(0.4733775221933724 0.6514781488710308 -2.521625858684928e-19)
(0.9175583219932284 0.03153606073860232 0)
(1.541465585944724 0.4160137087235586 5.5245990602879e-19)
(0.4700846367923536 0.1355542766278982 -5.888869129530779e-19)
(0.05855817111255975 0.1737138361343354 0)
(-0.4120946390039169 -0.05176299601473117 0)
(1.032271471770995 -0.0003652262496834491 1.298104261582053e-20)
(1.6548050649124 -0.226078216528111 -1.092529518689686e-18)
(1.107198984954281 -0.561436323857283 2.324384927674517e-19)
(0.7825895490098544 0.3358561574923725 -8.697955994282768e-19)
(0.9048978718391549 0.1307102641189272 1.418494339381321e-19)
(1.044094890143143 -0.003600635619336311 0)
(-0.2831865202343535 -0.1013788217235602 3.92817333262056e-19)
(1.033651485551356 0.04674223127112227 0)
(1.202139197623325 -0.2462670462697653 0)
(1.565774824332203 -0.1916517339180026 5.221098323284454e-19)
(1.127729868001682 0.07437791416091299 -7.489970739510604e-20)
(1.079366014471564 -0.1471798113242033 8.108475111347699e-20)
(-0.02366540275206497 0.07759457581557543 3.343788993271596e-19)
(-0.06627516918236467 -0.1692843617804012 2.585907919126311e-19)
(1.067985637613449 0.2103854002848567 0)
(1.098865465419624 0.05900698768137741 2.098714394476669e-19)
(1.489613673550784 0.2840526649864599 -3.567534386983877e-19)
(1.320240353242851 -0.4863815069847335 2.337516147789484e-19)
(1.143650735482967 -0.1512715587555468 0)
(1.122198452887059 0.1507846608814285 0)
(0.5252736022681679 -0.6856578247662934 4.186326106426739e-19)
(1.314929494341352 -0.04140438968015148 -3.014192181035082e-19)
(0.9970830363285238 0.101388994903098 2.456165613739412e-19)
(0.3132787528281758 0.3607380614977756 -8.862378492915533e-19)
(1.022846110899764 0.1073024251718336 -4.051737716881937e-19)
(1.035623406585602 -0.3946226523194727 -5.438936890316898e-20)
(1.463004187082674 0.1072393460825739 -6.5856344356753e-19)
(0.7778753985345083 -0.8816340044263244 0)
(1.056449632351839 -0.03096274120550034 0)
(1.125820120298827 0.1597877975142947 0)
(1.620838862330942 -0.04220846181334265 0)
(0.8162824849169925 0.5961621168675989 -1.985853304622596e-20)
(1.489017563582016 -0.3568114134739227 4.511852434823674e-19)
(1.544696123528475 0.1464377033831124 0)
(1.134176048734442 -0.4576823636573829 -1.590663081326138e-19)
(1.464386445821152 0.3439922449665351 -3.585772581683576e-19)
(1.010199385008564 0.0286589276801858 0)
(0.2189661563806161 0.005686517017558974 -2.488091488521284e-19)
(1.339233209238385 0.5113982704889356 0)
(0.9747618897557825 0.007348990677093408 -3.92966871321156e-20)
(0.7625693078625715 -0.2990460122755124 -2.078684869851549e-19)
(0.5084327903368423 -0.07974820135557192 7.894232365967858e-19)
(0.2310898984950328 0.05412680443198239 3.692335254363947e-19)
(1.06131173817105 -0.137871539417327 0)
(0.03768004440926735 -0.002489814368418705 0)
(0.3458429282931645 0.04316987124930716 -3.01157604851276e-19)
(1.0062151758539 0.0178591306426489 0)
(1.455987514638525 -0.01049738788822512 0)
(1.007405667922093 0.02935894811525157 0)
(0.4677378917831188 -0.2714306216477408 -1.010016469725475e-18)
(1.049552177541292 0.08886638989958415 0)
(1.527392664033808 0.03898400773456503 0)
(0.2399015172383946 0.1110831281246824 5.473389424192478e-19)
(0.8788099791127783 -0.3205717921972605 0)
(1.368541789771456 0.0512342480543726 2.719197325516101e-19)
(1.239708897135483 0.204817459986977 2.098612331304597e-20)
(0.8998506269395115 0.5556826595702968 1.505554088336806e-20)
(1.03430440298271 0.0995764393967541 4.551124474811629e-20)
(1.031588188148908 -0.1481852088597125 0)
(1.36952286810115 -0.02489560860265046 0)
(1.288874890762624 -0.1262751091678057 0)
(0.6244325897607004 -0.03809705978913712 -1.364502183843494e-19)
)
;

boundaryField
{
    FrontBack
    {
        type            empty;
    }
    Top
    {
        type            noSlip;
    }
    In
    {
        type            fixedValue;
        value           uniform (1 0 0);
    }
    Bottom
    {
        type            noSlip;
    }
    Out
    {
        type            zeroGradient;
    }
    circle
    {
        type            noSlip;
    }
}


// ************************************************************************* //
