/*--------------------------------*- C++ -*----------------------------------*\
| =========                 |                                                 |
| \\      /  F ield         | OpenFOAM: The Open Source CFD Toolbox           |
|  \\    /   O peration     | Version:  2412                                  |
|   \\  /    A nd           | Website:  www.openfoam.com                      |
|    \\/     M anipulation  |                                                 |
\*---------------------------------------------------------------------------*/
FoamFile
{
    version     2.0;
    format      ascii;
    arch        "LSB;label=32;scalar=64";
    class       volVectorField;
    location    "1853";
    object      U;
}
// * * * * * * * * * * * * * * * * * * * * * * * * * * * * * * * * * * * * * //

dimensions      [0 1 -1 0 0 0 0];

internalField   nonuniform List<vector> 
808
(
(0.7562471077315046 -0.0175006461572138 0)
(1.03129322787798 -0.01255301224973341 0)
(1.115211289633649 -0.003482554466858808 -1.804311986658692e-20)
(1.085119554350599 0.01260574914937051 0)
(1.364248587457218 0.01664332451673441 -3.921044292913834e-19)
(1.03867211178532 -0.009316329845624917 -7.152683130511622e-20)
(1.013474249854948 -0.02071068820683769 -2.320646880270777e-20)
(1.078615567952324 -0.005125134779679688 8.967658060086815e-21)
(1.25401005853973 -0.01885987989867203 6.378815225637387e-20)
(1.084437717597788 0.01020864061304654 0)
(1.013776049065186 -0.008988093851655032 0)
(1.306049627767123 -0.05181914584838077 -3.571212655138057e-19)
(1.085930629808414 -0.001712928002351089 2.032149663095701e-20)
(0.6750711219778802 0.006411955153152236 0)
(1.285826729085005 -0.114909491149134 0)
(1.081446693021227 0.0001461165258209522 -3.812786476470293e-20)
(1.232998735067318 -0.1468167232871747 -9.921357204942837e-20)
(1.074012771918546 6.950451141060153e-05 3.161504187702565e-20)
(0.993229994096997 0.005487201179129292 0)
(1.026403712305517 0.009298489740739381 0)
(1.039620655197457 -0.01068059657480819 0)
(0.9874482191991188 0.0443710062473624 0)
(1.051129495547291 -0.005999824119187745 5.498878486511332e-20)
(1.053331011031684 0.009007399675768628 0)
(0.9326459729254621 0.1972946267582065 4.614869982670397e-19)
(1.167535685907968 -0.08686231641622295 0)
(1.185568847868998 -0.01786739455342309 1.594692168198587e-19)
(1.077417928375237 0.009381065297044227 5.190643649446135e-20)
(1.08406703279857 0.002194922297610543 5.046948663078169e-21)
(1.071998783454037 0.03092130491770321 0)
(1.075596819041452 0.002621203985529303 -1.171950987040366e-20)
(1.032998336480122 0.00657253831220217 -1.97149480302631e-19)
(1.059835888910312 0.01489329167783517 -2.396341392955808e-20)
(1.089155240461662 0.00527861195978022 -2.927162420401164e-20)
(1.119451280287691 0.03889647272030382 0)
(0.7552046480313612 -0.1236066079999148 -4.534193096186064e-19)
(0.954518397265146 -0.005841977059130526 0)
(1.068967849993677 0.02242838886694226 0)
(1.068838651425927 0.007355229673363565 0)
(1.073598580625978 0.008978898723945701 -2.836580497090677e-20)
(1.091847073125253 0.02416328671316669 1.120048628692424e-19)
(1.150238336904809 0.004120152433527138 2.195616372340302e-19)
(1.095892375221597 -0.002411088387419836 0)
(1.015929844732293 -0.008981448021987847 0)
(1.133406229163516 -0.0975289317466954 -1.650542816135744e-19)
(1.044099056198577 -0.0116304667259772 -7.893106016150693e-20)
(1.058331948215818 0.02664038276646697 -2.837654988994351e-20)
(1.231384285293595 -0.1114200635966082 -5.637512854996828e-20)
(1.067757966161724 0.01224567466748614 -4.271581255076749e-20)
(1.257026377784303 0.01903701451620498 0)
(0.9962964177740499 -0.01833733489566115 2.078520596894744e-21)
(1.044552754901573 -0.001957992626648078 0)
(1.087575061330591 -0.002226824250312493 0)
(0.9986240163772294 0.006558374272392899 -1.845960866972663e-20)
(1.25100523614206 0.03504137328806886 -2.311209416849118e-19)
(1.063815116835743 0.01830495661907973 6.162114946720587e-20)
(0.99092990330042 0.00833662557835475 0)
(1.020699327518479 -0.009910443027318624 2.354345399426045e-20)
(1.106993185379767 -8.633580841236254e-05 -1.206310969316041e-19)
(1.061482513164132 0.03100602337743175 0)
(-0.07400982071436947 0.0004933930765681719 6.96158467132464e-20)
(1.154942897373133 -0.05122237133865378 -1.928531797109475e-19)
(1.005683188850017 -0.008286288647283528 -2.587331055445735e-20)
(1.183315316914614 0.06957294115029326 -1.236495737564343e-19)
(0.9984044591543402 -0.009808829842015754 2.987561176895158e-20)
(1.084106540655346 -0.005545491608206012 0)
(1.24431004432416 0.09982680290258156 0)
(0.6960369280130693 0.003206404856057101 -7.497365686208536e-20)
(0.9900598491063186 -0.01383487279006162 -3.112552513066091e-20)
(1.461287825166208 -0.01651411334036197 4.515327309724148e-19)
(1.060552022093256 0.007571784951772013 -6.81910481711356e-20)
(1.368320444287099 0.09962325548364727 2.936346393900814e-19)
(1.054716525015333 0.006859555563013274 -1.872287831466706e-22)
(1.081277826633463 -0.01393222367867698 -5.198699137237625e-22)
(1.165211655732474 -0.2360768075426441 0)
(1.021984243715565 -0.01434536319520121 0)
(1.017368715973413 0.01751635366021475 -3.153470574479023e-20)
(1.385274290662288 0.3493276430318411 4.141084589071827e-19)
(1.09697414314777 -0.04215459832055912 9.293152347421176e-20)
(1.045266947368788 0.2093757884771174 2.55785666153016e-19)
(1.126133003731923 -0.06166997421724722 1.147182030518306e-19)
(0.9220692645234378 0.005134404350627232 0)
(0.9754811526679766 0.01854786236807674 0)
(1.004141525839326 -0.04901782786231982 2.616523543550831e-21)
(1.010563895551226 -0.01290153617437783 7.423315802848698e-21)
(1.030078956592125 0.0259085124660753 1.408038972793219e-20)
(1.530724155721417 0.03784104155517037 3.289831078579772e-19)
(1.289062490836058 0.07230731865667402 5.457736509801286e-19)
(1.072419179477804 0.002968514908578724 -9.298803536656425e-20)
(1.200757404789764 -0.09355523323219284 0)
(1.033703580815028 0.001740034444905396 1.355314946193272e-19)
(1.163979671196209 0.02295675719806621 -3.24680281498478e-19)
(1.001430475212331 0.03227938259586089 0)
(0.9996271403231523 0.002028875638189175 0)
(1.044471165199891 -0.0001132596453668358 7.670423460920223e-20)
(1.208128723319765 0.1095305433481852 4.113071146029713e-19)
(1.011056335244707 0.006979793362781281 0)
(1.091742941037063 -0.07112445866332663 -1.050717937998294e-19)
(1.149324336387258 0.03806235534742843 0)
(1.209892580603314 0.0969755822286763 -1.944846272956157e-19)
(1.108018836307677 -0.02855735237783603 -7.616464679804604e-20)
(1.027464700548831 0.01157003824237229 0)
(1.085195971342345 -0.004668806227426573 0)
(1.0192780153363 0.02555007143883334 8.185341460023021e-20)
(1.072186893924839 0.05362923756036186 -9.367822783644274e-21)
(1.103801403412317 -0.004232980020943615 6.19570852678088e-20)
(1.110849441285223 -0.09692034423151843 1.531774036100268e-19)
(0.9606037580829127 0.001413976929291884 0)
(1.066352162090228 0.03119629571448263 3.877744550850326e-20)
(1.169010561043276 -0.07579237136438242 2.356859500336056e-19)
(1.051977991921541 0.04479297983629286 -2.927815829373646e-20)
(1.02248768077326 0.06718371515042805 3.763257236607339e-20)
(1.09056125504602 0.02611384524899074 0)
(1.013663565708693 0.01809016765559573 0)
(1.028997557568117 0.009440806705851497 7.917463777185907e-20)
(0.9487332775013374 -0.03369054816895556 0)
(1.053002097417904 -0.005709786932754471 -7.969960949599333e-21)
(1.342348641090684 0.06103323153937798 -1.600623318958907e-19)
(1.08003792347702 -0.01324459707884795 2.580608483909416e-20)
(0.7440178572016344 -0.001763761940625173 0)
(0.5472508443424127 0.1643931609239258 -8.2872362281355e-20)
(0.7060343721760272 -0.002544145442663874 0)
(0.6989901159421247 0.01465009072060015 0)
(1.077672458310902 0.003583657226067051 -6.846227722845425e-22)
(0.990636325838042 0.0145173305387793 0)
(1.278328671596391 0.1233360219564211 2.466421501265654e-19)
(1.012355259188092 -0.02783597247409937 -7.978708839176927e-21)
(1.042854647273024 0.02244851381449029 1.614078905829284e-21)
(1.058543538221186 -0.01172313074071452 0)
(1.12657251585029 -0.009178319647968768 -4.93845604931395e-20)
(1.259193415307663 0.1404831446479328 -2.23745413660208e-19)
(1.08919400697299 -0.01124697674677954 -8.504378957781936e-20)
(1.069672456706237 0.02611657049869807 -1.110375110064168e-19)
(1.040719022521376 0.04671665648741276 6.79692132646702e-20)
(1.022420726825929 -0.003718440205509431 -3.445320909082424e-20)
(1.061152612451476 0.02349664228898696 6.138880503466894e-21)
(1.129589082107759 -0.005399383036142624 1.073745851760277e-20)
(1.040519885213411 -0.01506611588087034 -4.756960301577867e-22)
(1.087679058707609 0.03479051497283561 0)
(1.028222593453227 0.01337007689847959 0)
(0.76844507709795 -0.05677984171093608 -1.828599242399119e-19)
(1.030143589313043 -0.00175587461527244 -6.981591736938195e-20)
(1.132670082809626 -0.005191724681994904 -1.302883100066667e-20)
(0.7034741025107154 0.006576028553871958 7.43625343417523e-20)
(1.175175275704517 0.02067812684712882 -1.902710514306305e-19)
(1.128548394206305 0.002084384012353913 5.441510372006626e-21)
(1.128977543913032 -0.01003304755941892 3.494830290001592e-20)
(1.000941299031629 -0.002940163360926903 -7.740637247930113e-20)
(1.098112416404975 -0.06902502990650325 0)
(0.9848204602203021 0.0004700716963237941 0)
(1.057964032651968 0.007087975333186307 0)
(1.005288352907744 0.187903705560252 -2.490098468774071e-19)
(0.7793424099708812 0.01240503586424253 0)
(0.8568413285813068 0.1005936703020367 -8.485769973715523e-20)
(0.07612980117654411 0.04103689931642428 -3.050554255109383e-19)
(1.173205461528068 -0.02960458619427518 -2.216148261248508e-20)
(0.6713295148929184 -0.007310420584766338 2.433391649712442e-20)
(1.170625522672038 -0.1036862457307294 6.946453845607334e-20)
(1.123601969343939 -0.006753055887529814 -5.96503330228169e-21)
(1.156047295238437 -0.04819973927349551 2.153560957284572e-20)
(0.1067446978174919 -0.2166494104030992 0)
(0.2564753563661247 0.09040138999947102 0)
(1.254162372278058 0.1141931811162913 1.944541071994465e-19)
(1.021398626691573 0.01980666844293997 0)
(0.7377717297588887 -0.006312113646639901 0)
(1.0753653491616 -0.01189188199957111 2.697650117452104e-20)
(0.9750014387223089 0.002778306485660479 0)
(1.289749264406537 0.1330147805132815 -1.577782162286142e-19)
(1.057486299293198 0.01125546864335378 0)
(0.9936223560145037 -0.007750659447436251 0)
(1.065067903555224 0.008175749056333097 0)
(1.006160112012691 0.0208081409231123 1.727417377573729e-20)
(0.9306518872300212 0.01328440241061514 1.060587246721875e-20)
(1.177368107261966 -0.1996692423821627 0)
(1.005176261171259 -0.005200305029500767 7.771186132851674e-20)
(1.059140078034784 0.006341101462225595 0)
(0.7746670111851478 -0.003304957833869186 0)
(1.216425829426933 0.02970832641399672 1.678974897537505e-20)
(0.7050007498280833 0.001323279327125947 0)
(1.436213454504251 0.09034012857944444 -5.356637437383023e-20)
(0.9943281774664414 -0.006944870187651239 1.702532839232146e-20)
(1.274174280693857 -0.0005123126387069701 -2.914456125372688e-19)
(1.059683778776999 0.008804159175415178 1.399236532027565e-19)
(1.000905444060779 -0.01360605331876914 0)
(1.218348590851662 -0.1480010061122219 2.034759505492339e-19)
(0.7331939039436733 0.01379208434837411 0)
(1.098344159517136 -0.005143146196734578 0)
(1.151158969144478 0.06827365340087273 2.045261165842489e-20)
(1.007097250107573 -0.007059252602357684 -3.022937770111906e-20)
(1.119623733970053 0.05200749556995415 -1.765608189908103e-19)
(0.1081056715743728 -0.08243961653803872 0)
(1.071928911462649 0.03780509652075387 0)
(0.6616634969901511 -0.002930229605299007 -6.886788255672249e-22)
(1.012144419575172 -0.01944643031223279 9.795591908255367e-20)
(1.06152815211766 0.0006786017197918366 0)
(1.079699210259673 -0.1247570955314741 3.727261794481269e-19)
(1.00273175873023 -0.006220780497402599 -3.48497948566126e-21)
(1.002284688160053 -0.005323929981910455 8.319777796503099e-22)
(1.093927765600351 -0.009331547182719854 0)
(1.020676356147713 0.02053349228249701 -6.232586214326416e-20)
(1.106618821024624 -0.001621728122285584 6.71669592022773e-22)
(1.074108265465091 -0.01132246822778051 6.566793472271369e-20)
(1.085829935994677 0.02237456943335853 0)
(1.331413578191316 0.1664410056979352 0)
(1.001998688657023 0.0001044237078730481 4.41659653681865e-20)
(1.322217130398378 -0.123838005619557 1.535747483133796e-19)
(0.05309968044961662 -0.1855290821741515 -2.568505841077129e-19)
(1.071342561702895 -0.005550541216607625 0)
(1.117743004182115 0.000198643299958517 1.218886047220952e-20)
(0.7269114605840524 0.01786069435140066 0)
(1.063079953585839 0.003772097898400644 0)
(0.871943785686719 0.1673431935398195 4.790941183875695e-19)
(1.268508634996073 0.1317229626308429 1.8856825871246e-19)
(0.6543115705188741 -0.003104620105913636 -6.294575291484043e-20)
(1.042002950035047 -0.004213019566395643 -6.736394167223161e-21)
(1.054814884497669 -0.0002919229973758869 6.641789725338754e-20)
(1.362779743803123 0.1260243614743167 6.831989225171361e-19)
(1.334302179789061 0.2526695088323276 0)
(1.060153381564986 0.0001338404551818541 0)
(0.9982708365443308 -0.00744734232983365 1.540615876994945e-20)
(0.9938010977150082 -0.01152929952776274 5.016704722014643e-21)
(1.382164438276203 0.2005158944221506 4.2321098809027e-19)
(0.6816841618236719 0.0005691938903647571 9.843308079027073e-20)
(1.005570280352803 -0.002067305073852769 -5.969231804458452e-20)
(1.098117072611401 0.01300991951261597 2.542255523526373e-20)
(0.6694751900761272 0.005009433021064495 0)
(1.066089612400987 -0.0120136224477988 0)
(1.001025075135225 0.1457070365691508 -1.208259732359783e-19)
(1.088115260831598 -0.007824720583465866 -2.436443912147206e-20)
(0.9821231225178613 -8.300640618908071e-06 3.278675418317081e-20)
(0.9912103505938197 0.006037907264606602 0)
(0.6383123447467445 -0.001110220278486818 0)
(0.9768503352097896 -0.001189523246174416 0)
(0.6421162620690002 -0.001501288491199843 2.696996073903133e-21)
(1.090348570298018 -0.0569150292291211 1.195571896913341e-19)
(1.113458643434787 -0.0003393616515160481 1.232214831318891e-21)
(0.9579566199132502 -0.0009190476599161032 3.912624589483064e-20)
(1.015744584239652 0.01024766735521303 1.677378528466418e-20)
(1.066093214510028 0.001993507129902887 -2.388544995954948e-21)
(0.6347128758303701 0.008862542219670665 -3.64595491460682e-20)
(1.002525771705274 0.009250091875574034 -9.296994358389771e-22)
(1.035272694034245 0.009587118365298958 5.180001901285573e-21)
(0.9877712761903266 -0.01250769525788464 0)
(0.6100154835497542 -0.0004954045187334308 0)
(1.068622294069388 0.02269380205643613 0)
(1.016821560920872 -0.01565787194789268 1.053512271796995e-20)
(1.023048432010544 -0.007547685882832159 0)
(0.9912248092708725 0.01452402623717214 -9.526413520480815e-21)
(1.011570012984779 0.002456744610331831 0)
(1.127060873010891 -0.003594894488543594 -1.159619551211578e-20)
(0.03975873274735903 -0.1419820054930694 -4.285991214540229e-20)
(1.036542285808882 -0.01692254220117748 -7.03140459980591e-22)
(1.042610451678694 0.004999586848213599 0)
(1.082625002057473 0.06511412234611856 8.421466027910882e-20)
(0.9690863280735369 -0.002220420439453814 3.113216478356654e-20)
(1.02063955240379 0.01693727522976817 -2.374815495447122e-20)
(1.001816878364664 0.0005901295728116231 2.501299342509062e-20)
(1.040653613047181 -0.005620054009219165 0)
(0.6409053462441197 -0.003998321035711791 0)
(1.025811040797543 0.02453600994527351 -7.219680684995772e-20)
(1.081414934187632 -0.002290390965179399 4.790007383161662e-20)
(1.016895978660904 0.003154368088309589 0)
(0.979408500567246 -0.003081180445567444 -1.937996348559944e-21)
(0.8738175078875601 0.02165895662523038 -1.154722957024791e-20)
(1.014022861484566 0.002765502032351248 -1.017026169798709e-20)
(1.026447581500623 0.004314326963638529 1.814954209895481e-20)
(0.9819443011169942 0.00385797819537951 0)
(1.002273163469551 0.01047130124443394 3.509387938108359e-20)
(1.107578376424364 -0.002011469873256998 0)
(0.9245390665218873 -0.0006315000635771454 -3.260256912487694e-20)
(0.9603033372995353 0.006059389167846799 0)
(0.9168693183931261 0.2116637346680747 5.20596451364333e-20)
(1.010745979025553 0.06678597894455718 0)
(0.9930081974403548 0.004051664968025271 -2.285251096384313e-20)
(1.055985684060982 -0.05428440801025632 -2.877931138686721e-20)
(0.9911655378862638 -4.775922923654172e-05 3.40561586955135e-20)
(1.012178617521117 0.004334922317879207 0)
(0.9779446410117137 -0.0002630465644324396 -3.175823600532351e-20)
(1.168410385210337 0.1013164158914744 -3.385330089752778e-19)
(1.069805976374192 -0.2650219955112921 0)
(0.9931996977398925 0.001613463213109043 -2.214926691436439e-20)
(0.9799667371335414 0.005132297309961768 5.058615643597189e-21)
(0.9632142331315655 0.005770425816906609 1.016037677119295e-21)
(0.7459274418025533 -0.001067583043972104 0)
(1.120362651435183 -0.08237038071119349 0)
(1.005660492857551 0.004190045424400474 -2.191401461901982e-20)
(0.9012785560610959 0.006114237749046355 -9.67967472733669e-21)
(0.8556885850799956 0.01682086105385034 3.999622807333937e-21)
(1.013260840854459 0.0003686956910442668 0)
(0.9493867729569561 0.00510581295862547 1.467595908841182e-20)
(1.005671771856405 -0.0002648344126779607 -2.310303258598782e-20)
(1.020371788486304 -0.0005039383079495214 -2.586499453418462e-20)
(1.113181403825364 -0.002194213721713784 -4.929496441760399e-21)
(1.118745794905053 0.0006606906486045833 0)
(1.014519779890543 -0.009297836516116898 0)
(1.020801488673097 0.003284581061045128 0)
(0.9448327797997904 0.0007913519117156091 -2.12806382292326e-20)
(1.017867654315941 0.01354655014926922 5.313935750337842e-20)
(1.080298035690599 0.001696135599149037 -2.211617186202197e-20)
(1.039628663826703 -0.002946439882374508 0)
(1.105938177763406 -0.005955323481876079 1.837309336779879e-21)
(0.9956897079089931 0.002688278022169374 -2.210348793846069e-20)
(0.9867677044672817 0.006636393597754877 0)
(1.011881777352957 0.003043643503197668 4.657695626270279e-20)
(1.367597654449128 -0.3145131979979625 -1.134360405825932e-18)
(1.122954144122217 -0.04381658819511861 -1.08032745074166e-19)
(0.9663780570411123 0.002679831631964269 4.736841093123199e-20)
(0.7761577851859194 0.01151499115562525 -3.130898620113094e-20)
(1.221183170776548 0.05390627438027953 0)
(1.224980734389762 -0.1335956857100612 -1.462122695707419e-19)
(1.078047596868508 0.005169011920088429 0)
(1.008561194094262 0.001667651370439382 2.239004938697951e-20)
(-0.1639731404884758 -0.1216653353219459 0)
(0.9939672353869913 -0.004647390542066174 0)
(1.012453818020272 -0.02317556965547133 4.627705832607341e-20)
(0.7062105637212983 -0.01945117013821248 0)
(1.096792812052643 -0.01484938394585704 2.121483528748652e-21)
(1.043971176298375 -0.01211070295918947 1.780440621981316e-20)
(0.6331378542630103 0.004143358980730386 0)
(1.449442147335541 -0.1222366327085875 0)
(0.9868420459074697 0.001322079481312524 -1.083253852331721e-20)
(1.06980062695899 -0.0149860425312841 0)
(1.037991907874605 0.0004005307177815108 2.155940436841635e-20)
(1.082924914921145 0.005887041856357606 0)
(1.009419164418401 0.005676019033141039 -1.038092877930364e-21)
(1.00590979124695 0.002950907379525473 0)
(1.013377401141252 -0.01340298013781548 4.778715514420608e-22)
(1.003533465617519 -0.02080652491224433 0)
(1.034298026970953 0.004783770163198153 1.714405685395655e-20)
(-0.1895604114067384 0.03287911008888616 2.632484705150266e-19)
(0.809015289416064 0.02595768678270051 5.276323014057285e-20)
(1.005751194079758 0.001914412810888464 0)
(1.132898389422331 0.02123892712801815 -1.193770442742193e-20)
(1.122604670834515 0.01863527802348579 8.449552973644615e-21)
(1.054369297999901 -0.01307238954450364 -1.274444025269015e-19)
(0.9987856591831126 0.01034851900476581 1.349953735413159e-21)
(1.077531957142152 0.006921025088721132 0)
(1.18566723488766 0.05395263848277796 0)
(0.8354598094843169 -0.07646916425157257 4.588641316002787e-19)
(1.099877812185372 -0.005893996252605864 0)
(1.032785028812101 0.007387807134850019 -7.381345927651858e-21)
(1.042567863581575 0.005160887869032936 6.123658934215656e-21)
(1.054427283566786 -0.06168401899646613 -7.518756262947681e-21)
(1.139912479839297 -0.0007464616168985413 1.661525406063091e-19)
(1.084747408685716 -0.008809196297760002 0)
(0.9948279818503295 0.001223587068137309 0)
(0.9959014015468743 -0.02503927891915431 -2.285462650690314e-21)
(0.9906228435700579 0.002685137085264138 0)
(1.03046063646738 -0.03883597704293015 6.35670770733327e-20)
(1.292952273682909 -0.09190901768478643 0)
(1.046075718309923 -0.01137483069399518 -1.854067321606946e-21)
(0.9861561412448226 0.01699377670850507 -8.445002307497066e-20)
(1.033921472763686 0.04077398256950578 -2.425877191745888e-21)
(-0.08682366849515187 0.148250743949838 -1.633504591537097e-19)
(-0.06552187480730129 -0.3024527967583001 -1.387692106683983e-19)
(0.8847591764104876 0.1401535606115925 0)
(0.2960068729115728 -0.01946271235046156 -3.289390814634865e-19)
(1.008525050951263 -0.007331696471467882 -1.619287525644786e-20)
(1.063841103469401 0.00264869229882595 -2.119161425682951e-20)
(0.9920196116190575 -0.0183969933576242 2.915863425089632e-20)
(1.020962380405271 -0.02975120115020139 2.524990474249733e-21)
(1.00909626513718 -0.03237155860199708 -6.525550295166112e-20)
(0.9887852224219355 0.004814898810337259 -3.465791117351148e-20)
(0.992905936744126 0.00471450023301748 0)
(1.025338227487285 -0.002116679551864686 -3.561710585024269e-21)
(1.939090337616457 -0.1553325510129429 1.079770511212463e-18)
(1.046195061560374 -0.004151250121861738 0)
(0.9952142672469546 0.008233342847161464 1.553466041088211e-20)
(1.002941041159643 -0.0001359642352690712 4.0761151261681e-20)
(1.163943527278264 0.1351298492937806 0)
(0.9975883335901626 -0.0002661395972696925 4.605771472690006e-21)
(0.9485195834916881 -0.002708407903435902 0)
(1.037837029519419 0.04177023384799558 0)
(1.307269411376704 0.167028631434559 2.353795200166866e-19)
(1.086649054827864 -0.00761903136125309 2.266308813337751e-20)
(1.018510631529381 0.03065095597717384 4.702322415740155e-20)
(1.087796626275475 -0.009757345289487594 -2.187489858240536e-20)
(1.046275221840206 -0.003142551763747958 -4.796227723085283e-21)
(-0.3841080418901565 -0.04752487031777929 0)
(0.9986630196450856 0.01456197581138903 0)
(0.1065258982417185 0.05772329438524113 -8.564546562151948e-20)
(1.007059925428207 0.02228835830782997 -4.167435907400704e-20)
(0.9933003268351461 -0.006139883121942583 0)
(1.00101056336346 0.005813937016440698 -5.05463265108307e-21)
(1.081607759769614 -0.04232235394753175 0)
(0.9953405052565435 -0.0166410109327462 -7.719830924296607e-21)
(1.094317785610795 -0.05835497570277111 0)
(1.444529823610127 0.1797052869558441 0)
(1.054362797663355 -0.01209406724518526 0)
(0.9902519027475958 -0.02304702541154379 -3.916500595776677e-20)
(0.9931560445321185 -0.04803375862768093 -2.455727548905768e-21)
(1.015855517042642 -0.01721218156709608 -1.690758756031787e-20)
(0.9973544598536573 0.01670181019940019 -5.69510930149109e-20)
(0.9952073881536123 0.0106278757926754 -1.513958473793529e-20)
(0.9937369191487264 -0.0279629584649784 0)
(1.003292551218527 0.02469936483539468 1.97217231983316e-20)
(1.053582978862267 -0.0446919345218609 0)
(1.11122147945045 -0.03550395793634127 2.649582030569038e-19)
(0.9957071367174458 0.0172287702633577 4.689167151897682e-20)
(0.6150996090207055 -0.008671208699847027 0)
(1.13370419622295 0.1396117268201786 -5.385333848490085e-21)
(0.8608608303704847 -0.1015824335944402 0)
(1.137952097790167 0.07335463419036543 -2.669752972312053e-19)
(1.317081496228117 -0.3889738478284585 1.304691583275068e-19)
(1.072318719772243 0.06051943703796668 -1.295283924869555e-20)
(1.009840145265154 -0.03180869872614724 0)
(0.9561612959970449 -0.216328198377109 0)
(0.4999020284012375 0.1424014060367227 0)
(1.014441967332834 0.00888971783660147 1.299420167423429e-21)
(0.686770623331098 -0.03006486279665349 0)
(0.9992121431231646 0.01812333134669559 3.58771292340126e-20)
(1.023477197842263 -0.005178668147121887 -2.808859389922731e-20)
(1.079068811203113 -0.00810728855845246 2.812360164707098e-21)
(1.040366629042969 -0.01336650817588184 3.351779960829494e-20)
(1.042356376746329 0.0114495161464313 0)
(1.064245956080471 0.02807439727341002 -9.622924549543922e-21)
(1.049796405921075 0.03486843580664365 -1.83908555586867e-20)
(0.9826640476921549 -0.02250065630861724 0)
(0.6249422608145251 0.005112930970671049 9.178735827878831e-20)
(0.8941587112136001 -0.005872737329315873 -8.853975313502149e-20)
(0.909378539854402 0.005334766076156174 1.444557036949254e-20)
(0.6295514969557554 -0.006393149429159143 1.404301094026189e-20)
(0.9787950566915137 0.001378625418106592 2.600507079118655e-20)
(1.004458511010418 -0.01748662327763197 -3.64008497754351e-20)
(0.973108293182145 -0.02856457133037274 -3.603803355545241e-20)
(1.085501193992158 0.001583790178786304 0)
(1.020060727060314 0.004436595230331522 1.02744226305268e-20)
(1.132390839963963 0.04907837302510226 1.29267482260091e-19)
(1.033059041239862 0.04023684693418719 0)
(1.022347553117834 0.002540237618343935 0)
(1.586090001931729 -0.1667930466494942 4.430777068580138e-19)
(1.04878356486976 -0.04365322315597377 0)
(1.016875637263767 0.007140439082769216 -3.824312893617877e-20)
(1.086811568636541 0.0003955581518838265 0)
(0.4802179406206715 -0.03299055928351621 0)
(-0.01160837172031004 0.02480947556803411 0)
(0.9905896279019056 -0.02444368236829401 1.211526805987739e-20)
(1.302081750698805 -0.09498349652708406 3.781350869672128e-19)
(1.035624510707884 0.03623843728942464 0)
(1.022245741662516 0.003354811624953759 -2.260018410957398e-20)
(0.9636539854967295 -0.1623074403611608 2.760312598522132e-21)
(1.254157359392843 0.07945792599483693 0)
(0.5969831213541652 0.7289729525184089 0)
(1.314101077545422 0.1521622802951808 1.122873890307386e-19)
(1.67978325682027 -0.02435319630596763 0)
(1.052040916287204 0.1064926674111692 0)
(0.7084302030599009 -0.02261162304524397 2.88617665547266e-21)
(1.05200504900275 0.04423470429830063 0)
(0.7367833779020677 0.1174537638245185 1.175862379546734e-19)
(0.9967616118777787 -0.01656187952632772 3.566121919886013e-19)
(1.034698240701043 -0.04246541586577107 2.784337192192233e-20)
(-0.3811035184857123 -0.001499348823735604 0)
(1.071923775523434 -0.01647973992245603 0)
(1.092297957370803 -0.005309353825489013 0)
(0.6491327707191636 -0.5047695619654502 -2.46199765228597e-19)
(0.9907454349833018 -0.001687620805907622 0)
(1.092199136921728 -0.02125011416003854 3.671549996558751e-22)
(1.187160004739133 0.1215168619105473 -1.978658550105979e-19)
(1.089867579852924 -0.04640206977564848 0)
(1.005766894682496 -0.02143498180257213 0)
(0.8015545922685442 -0.1785188017815794 -1.669095156621868e-19)
(0.8875277791721859 -0.1262732369047821 1.55831684604411e-19)
(1.02793195775789 0.01352343778844624 -2.272603238821358e-20)
(1.023105956721226 -0.009019985599959562 -4.663930512181458e-20)
(0.878901529871407 0.01507168943047287 -6.175897194275627e-24)
(1.507157617405788 -0.1931821072048276 0)
(1.304545773406733 0.1221228483113665 3.122666881897413e-20)
(1.245158051960789 -0.07345670461676142 -3.104925024827372e-21)
(1.09572747857112 -0.01842270790058754 -3.837029032644328e-20)
(1.039021156989873 -0.01100189708424513 2.406829544371804e-20)
(1.092837343573126 -0.03907634610232501 9.013287214577542e-20)
(1.031792383428809 0.01996906839641437 0)
(1.044646900527303 -0.03676474177874218 0)
(1.115944117114879 -0.008958661441994864 0)
(1.088337683117917 -0.03336631665762317 0)
(0.9979766165164483 0.01123597618943449 0)
(1.147351420692837 0.0790431286155442 9.570146935314362e-20)
(1.338653013343138 -0.1475639727398058 0)
(1.035503613769245 -0.02304558496033788 -1.936304445809072e-22)
(1.051497762507917 0.05012298702598262 0)
(1.010208106734939 0.0147012587172225 -3.992197157760321e-20)
(1.033935273342882 -0.007614917099853188 9.023073965548639e-21)
(1.088930250986297 0.01344136912652904 -3.287571660161272e-20)
(1.085547913499605 -0.02857023484194368 0)
(1.072834805878914 0.003784763824601407 0)
(1.109406498776954 0.09503743119973275 -1.430619094010821e-18)
(0.9356471428032298 -0.1504621293346124 -7.053750323086072e-20)
(1.167356171548081 0.1093533475397344 1.115999305439042e-19)
(-0.4860063619547121 0.009623246462472064 -2.913312022167827e-19)
(1.01863039571473 0.02849240106313426 -8.932744542520243e-20)
(1.003910201933323 0.001764878750923038 0)
(-0.2921300300765578 0.02760252957529968 3.554376930423122e-19)
(-0.04823237415543956 0.2950409799702742 7.963098959015268e-21)
(0.9952254622116253 -0.006263661544963749 9.995041086837602e-20)
(0.1904910304043021 -0.04070337843961126 1.422383176567732e-19)
(1.090689870544292 0.08013930672393972 1.473795850779347e-20)
(0.0942128428432901 -0.1110931106557323 -5.546859767060053e-20)
(1.108108571567664 0.002986721129027147 0)
(1.105382612874414 0.2594623083580687 0)
(1.02166554230706 0.02162907201101946 -1.748774138063321e-20)
(1.072641830524182 0.05199842077084042 0)
(1.027001786716836 0.02599449095722154 -9.435899818660664e-21)
(1.26458685309694 -0.5494323726473841 8.075048549571654e-19)
(-0.1137944467926371 -0.2039226871633007 2.222324597695789e-19)
(1.298216419945621 0.1190633313771907 -6.384321826954583e-19)
(1.121702796249906 -0.003613560538447514 0)
(1.124500945394973 0.09515014964570362 0)
(0.5299224511490485 0.0833584205422883 2.564977378992395e-19)
(1.023736386031948 -0.02073313883549281 9.254749529476347e-20)
(1.006279263275906 -0.02393334602104231 0)
(1.210338914471522 0.2706523100756425 -9.466654935948012e-20)
(1.263136332492195 0.1397983530212435 -1.619581691848176e-19)
(1.02666544854198 0.003185780118847951 1.519690839359213e-20)
(1.302436988594079 -0.08457953170119573 -5.037468467190214e-19)
(0.2912862692405724 -0.01310413438084586 2.617094480372191e-19)
(0.824247924197035 -0.1443411103475814 6.623662496883213e-19)
(1.046890181966562 0.0510543556360912 1.05762571691137e-19)
(1.039931831200884 -0.00341926297609919 1.857776229553655e-21)
(1.001546531257523 0.01973653551161277 3.013941083085018e-20)
(1.066506214063086 -0.03680434650984983 0)
(1.034790214219314 -0.03849635393879335 -1.567182533709235e-19)
(1.018631467372604 0.03351888304968181 -4.794236372109986e-20)
(-0.0398814751795017 0.05118459433570111 -5.129870135910062e-19)
(1.011071710225046 -0.05847852752981814 0)
(0.9122639636444205 0.02186293721571706 0)
(1.088575780030227 -0.00392905524604926 0)
(1.373177761254795 0.2627844803960646 3.8369609166857e-19)
(1.703543440999165 0.1058877819730001 1.347425621183919e-18)
(1.406737133284721 0.1585211314636668 0)
(1.035756094301264 0.02621012743533597 1.146932655141836e-20)
(0.3574719210834857 0.03709788517404158 3.568148117037042e-19)
(1.130035985496849 0.01212644803325893 0)
(1.087996248090496 -0.01194325546917667 3.01520938093934e-21)
(1.086552704356869 -0.02416736508514813 2.011550435658582e-22)
(1.131696776776244 0.09646836165224645 0)
(1.30112131434525 0.05882016905659844 0)
(1.039542072094247 0.001064808465880084 1.161338446240777e-20)
(-0.14983019587034 -0.1310767764602409 -4.159065789896132e-19)
(1.332666228607263 -0.144031764457189 -2.163360674936289e-19)
(1.067760735462431 -0.007459009951224857 0)
(1.013584083441252 0.01481259654421156 3.166028056875799e-20)
(1.156414037128293 -0.1077136372934401 0)
(1.016647899594515 -0.01789458812020337 -1.105436899756865e-19)
(1.030744777740657 0.008294213470971697 0)
(1.515142853115419 0.09096645988247708 -2.887197334212286e-19)
(0.01472171736317976 0.0794345874382659 8.353261088308373e-19)
(1.095265133073817 0.05095521143925798 2.189624557057209e-20)
(1.092103039896944 0.07886507876826367 2.028444541605511e-19)
(1.009520238605122 0.008720972584925451 -6.296167999086092e-21)
(0.01262279822214976 -0.1130376832686934 -5.322903063917159e-20)
(0.0280483168599921 0.1140099519812661 3.431774440461786e-19)
(1.219451506464817 0.1356098307824195 -1.531097701539966e-19)
(1.104683851857343 0.07579394262474957 0)
(1.087730128652566 0.0257161022687731 1.697442371836195e-19)
(1.007046881594587 0.02214592268298132 1.646116535937075e-19)
(1.029671889297281 0.0007251369131054568 -3.692422349436805e-20)
(1.204292324572258 0.1423375998110706 2.433422219855119e-19)
(1.397646798133322 -0.1242970904997468 -2.014312775381347e-19)
(1.065675782293408 0.05024981720362298 -6.935666117366831e-20)
(0.993261298027154 0.006659685624249038 0)
(1.087048007308937 0.06466676876009111 0)
(0.9818416959673065 0.007044840834714369 0)
(0.9935816778055779 0.0054984305029172 2.448125346070183e-20)
(0.484596535308683 -0.06632046490502133 0)
(0.9913286896594881 0.006680653662099 -1.222562680895877e-22)
(1.289192840371895 0.08199529457262295 0)
(1.007795428747808 0.004099560285632299 2.18459036326767e-20)
(0.8112320726068598 -0.1220282569136235 5.090872053952616e-20)
(1.093729516942994 -0.007512522688857463 -7.908239100082829e-21)
(0.9397371972957113 0.01662395475395964 -1.762152357703178e-20)
(1.434955700164346 -0.2778821196034331 -5.170058789912989e-19)
(1.128957449914906 -0.08953977171437391 4.636877571190713e-19)
(1.088764775624724 -0.02518499689891696 0)
(1.936153900549706 -0.4710706380971809 0)
(1.627298229250275 0.1921878418764232 0)
(0.9881621006762308 0.003410133760907859 -9.296132554228317e-21)
(0.8581540814788444 0.7730066173917854 2.379681481713084e-19)
(-0.01927829120652093 0.1977765051501771 5.087976734386529e-19)
(1.039607823648686 0.003887510981311078 0)
(-0.2040098655124813 -0.1225052700486761 2.242958536941357e-19)
(0.9827188317116176 -0.00352689833673149 4.078195259071211e-20)
(1.179955348952032 0.1617332343826073 -1.589583935804509e-20)
(1.044625595040479 -0.02198593825505855 5.76561818640834e-20)
(1.056020862078104 -0.1423103331465933 1.362986482011743e-19)
(1.132870304122076 0.005862165317333017 4.246217060157589e-21)
(1.103621547267353 -0.001953703506225812 0)
(1.308172238760339 0.5296449272831431 -5.992605260873089e-19)
(1.027873813153587 0.005655027908108395 -2.07925570495124e-20)
(-0.3397820283611761 -0.01219769455684028 -1.966512699840864e-19)
(0.6795503092852692 0.01844910216518859 0)
(1.088572608903939 -0.6989511943832423 -4.858461241919022e-20)
(1.309732921072569 0.08603359955374418 -1.094361936931068e-18)
(1.115125986642223 -0.1082918354079228 0)
(1.086687155159981 0.2786018765856499 0)
(0.9723951367220176 0.002749259968851495 -6.143902664325881e-19)
(1.066188249433948 0.002810934242295902 -4.006784645609033e-21)
(0.9246555429571695 -0.01214500437919231 0)
(1.090658059747291 0.03089643716226939 -1.753265395126824e-20)
(1.372972042695219 0.220484356983001 -1.929326680194081e-19)
(0.7323766472152614 0.09659082263121636 -1.053642542977349e-18)
(1.078829745148864 -0.0007284203973270678 0)
(1.264923250477828 -0.05594848393455395 6.904096436270354e-20)
(1.00480427775672 -0.0002754119061969151 0)
(0.8500366733372808 -0.7761163501337227 -5.110363230664106e-22)
(1.082102800536601 -0.05188752327452052 -1.130296776725587e-19)
(0.8756256089529256 0.3240701373086768 2.952109655405521e-19)
(0.8192788451278005 -0.1909022885273628 0)
(1.031447379661872 -0.03599215566938961 0)
(1.054955595833244 -0.02859249272303084 0)
(1.00329672029478 -0.003008791669310791 0)
(0.9812567823201558 0.006237406460216986 0)
(1.335913127972021 -0.2318349417131463 0)
(-0.0912096901640486 0.1180665134715822 2.472343319210207e-19)
(-0.04154229091234525 0.07577102467687773 -4.11340710764797e-20)
(0.248054703609043 -0.1056875486977818 -4.42533706049133e-19)
(1.521633714673713 -0.4388019926353248 0)
(1.034501524820614 -0.01694975187391972 0)
(1.77383700044099 -0.7591520616032321 -2.361678235565895e-19)
(1.139194585589611 0.01342064772255337 7.048744366748171e-21)
(1.325161689853224 -0.08671613063530316 2.752277161758677e-19)
(1.106585725968141 0.7081936325487214 1.487297330081827e-20)
(0.3383264174139413 0.5924717566536444 -2.248094642654977e-19)
(0.6756900074167683 0.457915505929513 -4.806683540848156e-19)
(1.054649391280444 -0.1472709986595485 -2.532988718550501e-20)
(1.227046190957358 -0.3603777058016074 0)
(-0.117778217293612 0.2071249218181823 -6.892859429423954e-19)
(1.046349027471613 0.0231204737002572 0)
(1.112776093515803 0.03220313835611659 -1.484875511670853e-19)
(0.8137008403341291 0.8953508932734195 0)
(1.07619835333135 0.03749103440959883 6.71981273354335e-21)
(0.2926705910084761 -0.06123773061952892 0)
(1.115937235277567 0.03028248448043029 2.301113792958518e-20)
(1.368246810688156 0.3242320317931376 -5.521219023414927e-19)
(1.075218338766927 -0.01196039204321535 -1.61513533851171e-19)
(1.468745283877045 0.1607058189125599 -2.499058288986451e-19)
(1.330064479492527 0.4183872138660799 0)
(1.164949018533412 -0.2600553090940687 0)
(1.308304179406984 -0.1296207258408504 -1.194440490512834e-19)
(1.06687428602409 0.01621856796420156 -3.309961020370776e-20)
(1.060609779024168 -0.01206060990512468 0)
(0.75147458230634 0.1515118810259756 -1.235300150936975e-19)
(0.7749858957452385 -0.5776550583909317 -5.59817394679916e-20)
(0.6666193619277951 0.2027093632681534 9.622820981327104e-19)
(0.9959708470610223 0.1326220923022693 3.606103817145715e-19)
(-0.004941785398065587 0.08972429217855007 0)
(0.5959955739690602 0.03546615736363575 -6.997876416402601e-19)
(1.059453599126416 -0.04014897277254385 -1.855569045939641e-21)
(0.6804603910832363 -0.1066659052732333 -2.663271553266264e-19)
(-0.004269742718893111 0.2345788946164548 -2.879540539423452e-19)
(1.183628019942572 -0.0755893259530119 0)
(0.4131787530433227 0.02106283805002883 0)
(0.1605308165526915 0.3710415596921849 0)
(1.436747977779698 -0.2549648092214816 0)
(0.23447614995672 -0.3586459850622413 -6.384373518939875e-19)
(1.598857420816632 0.04126489895614874 -3.947001931894712e-19)
(1.026233661493638 -0.2023576966679554 0)
(0.6915785983371534 0.02622691439160156 2.654757626471976e-19)
(1.025112827827861 -0.01091865542719743 3.429777808980074e-20)
(1.137170362169494 0.2356850052536859 0)
(1.725611943039475 -0.1089358491899996 0)
(0.5816385746734092 -0.7377745426414484 -6.901974198522452e-20)
(1.276133200414911 -0.1038944465608854 -9.882630856601509e-20)
(1.406941703994244 -0.08034746096206546 -4.214925640916902e-19)
(1.482379539407599 -0.06137990796056281 3.583674759031336e-19)
(0.09503878293569377 0.09933674621812844 0)
(-0.1744896172881957 0.09992318807700061 2.627541655610486e-19)
(1.038687457800636 -0.06368200219479737 -3.929159211443362e-21)
(1.120890280819121 -0.1405184265776551 0)
(0.6412101838327686 -0.3573025335600994 5.181995968211444e-19)
(1.049314571740694 -0.063421328312566 1.539186051031232e-20)
(0.8508508236253376 -0.136710956191542 0)
(1.318062728147034 -0.1245795798909619 -9.300651749606418e-21)
(1.115211413109937 0.07851242848515884 -4.364059346955658e-20)
(1.090910273498943 -0.005073114704960939 0)
(1.126263157687834 0.5696143496139402 -1.092695000597535e-19)
(0.3426422161938464 -0.6000268162183805 0)
(1.060553131751533 -0.003438552399096441 2.846841597559627e-20)
(1.097458235854362 -0.0048795588950406 2.590724762382123e-19)
(0.07059597329375257 0.18114078135797 -1.56091854714548e-19)
(1.179611586314629 1.000762373882991 -2.218507906577095e-19)
(1.370070034777447 -0.1368449995070417 -8.993014266063412e-20)
(0.9155429794830779 0.1127571670375224 4.604142361418e-20)
(0.9982447858441079 0.003639629952135887 1.08965802155604e-20)
(1.054665575621656 -0.1490225461008207 1.763436941370513e-20)
(1.509789591205948 -0.9497416722054927 -5.278057713257188e-19)
(1.531246600626722 0.9494607002343535 2.350520880047023e-20)
(1.434329297645906 0.2300496321080439 3.517075660456669e-19)
(1.028782748879297 -0.007653050997436036 2.01389956298868e-19)
(1.035562503049079 -0.03311647929221322 1.711634737504457e-19)
(0.9928215328530189 0.02217839716421375 -1.979618332408687e-20)
(1.05766472781664 0.03867801277577584 -1.412895755399718e-19)
(1.079386708235723 -0.06530318904530566 3.074351193332756e-20)
(1.434491507048774 -0.1291022435655931 3.313633797152626e-19)
(1.817603794366187 0.7480526494270392 1.866830923162688e-19)
(1.038000231207614 0.03209622382968035 1.094751147106816e-20)
(1.071992341374716 0.01422727906293705 -1.031034439301342e-19)
(1.984111742476 0.4779646676494049 5.322271998191767e-19)
(1.92515363927053 0.1613519931244622 9.242605283408006e-19)
(1.080077665431802 0.6378655909604158 -9.488645775698055e-20)
(1.108807845955315 0.1714882627449815 0)
(1.044102865940229 0.02312947814020309 0)
(0.5101793802920317 0.4380906235374873 1.172666421321698e-18)
(1.377233167211827 -0.2984809102281717 1.905819501195743e-19)
(1.197641033718598 -0.1533330206623671 0)
(1.631229619291464 0.2362678922266793 -6.122479566271194e-20)
(0.79519320421921 -0.1417540353791441 -1.185306225066245e-19)
(1.328383564691854 -0.2088161035037294 -9.191230169626695e-20)
(1.248726600205715 0.3894892981927521 1.409603989866176e-19)
(0.4926561857630181 0.1949699955762322 -5.624698531657341e-19)
(1.685695418760722 -0.01854813537049894 3.255552471775818e-20)
(0.856857346063702 -0.5457422363786583 2.151815506503668e-19)
(0.9996130979556199 0.02332542256800987 0)
(1.615568097278712 -0.1831369711860218 -3.042558059291107e-19)
(1.08966694024612 0.1005537308539841 0)
(1.337626845069571 0.580518439326527 0)
(0.9431273059471645 -0.414814334439089 -2.76540657077468e-20)
(1.248761245873429 -0.02396053585339256 0)
(1.038574867953804 -0.003857276216512954 -1.215663962066948e-19)
(0.7404942504646062 0.1174594766735956 3.192726289976321e-19)
(1.325396971846325 -0.5821164682698379 -5.652337357875362e-19)
(1.053088528952553 -0.6340016302812491 1.297939331926069e-20)
(0.3517347431121351 -0.3791072821088888 -8.774409756367759e-20)
(1.007420436313723 -0.09638257749252525 0)
(0.4457661024249813 0.3010768210963178 1.687627619039644e-18)
(0.3132284930393066 0.07079682695191618 0)
(1.308576369714697 -0.1266480457276787 7.993640010805763e-20)
(1.580076420034827 0.1940935149921912 0)
(1.165547779908625 0.4464260331228936 1.305420744628999e-19)
(1.052692316003591 0.1526114816759591 -7.002445480366133e-20)
(1.031767091746284 0.004564194311793664 -1.940694573434886e-19)
(0.9559934163388318 0.408565931360183 0)
(1.163806052068556 -1.011916954519501 5.920402378125356e-20)
(0.8911856049507123 0.008647390548393188 0)
(1.068156701887454 0.3784627329304763 0)
(1.064255393190297 0.03245247085735325 -4.954305398311527e-21)
(1.474637478331368 -0.2991564723542365 0)
(1.244734454782012 -0.1847335110758302 -3.01887003454695e-19)
(0.03407207395836317 0.01332366169769482 -1.744244786872306e-19)
(0.2392814825169056 0.01714871308365893 8.856589892972709e-19)
(0.9813430787082998 -0.09955143286413806 0)
(0.4716445485119377 0.6462327581801278 -2.562035008190494e-19)
(0.917435883125607 0.02910830567730758 0)
(1.535942922119805 0.4148290581327102 5.437988106319938e-19)
(0.4968187070672944 0.1790215961276716 -6.371186119288656e-19)
(0.003329263770318853 0.2115011317801525 0)
(-0.4303726625333623 -0.03485436399922583 0)
(1.032461003454527 -7.914675653975596e-05 1.223081595366563e-20)
(1.660862843635131 -0.2260348203309243 -1.113158268474008e-18)
(1.110696075670902 -0.5639537206844495 2.427609116137703e-19)
(0.7812228964744894 0.3322007161904839 -8.800572884604914e-19)
(0.9349475983344339 0.1578845461777273 1.501713876759602e-19)
(1.044134940203954 -0.003768316688335308 0)
(-0.2992846535175681 -0.1353981843391863 4.224494045155543e-19)
(1.033251934357315 0.04661385477294229 0)
(1.188367957150635 -0.2320164331046492 0)
(1.558760865429012 -0.1847220959186935 5.00237074618504e-19)
(1.120637393158234 0.07465599231771024 -7.5181667924099e-20)
(1.059783568471687 -0.1303437974656937 7.552534760847647e-20)
(-0.0194087382965607 0.08874768792851601 3.390305683019685e-19)
(-0.07743306310810985 -0.1378788862116063 2.306889844389258e-19)
(1.081891381902658 0.2203772942205514 0)
(1.094370974225923 0.05830168749651906 2.152617484090502e-19)
(1.498548557470721 0.2915117994826369 -3.722263926326578e-19)
(1.324615933958722 -0.4880090780242416 2.395967174295778e-19)
(1.157934165662402 -0.1496643235756799 0)
(1.120431948972155 0.1504014133905887 0)
(0.5273584149621815 -0.6912367407239972 4.105851646958503e-19)
(1.312609356288382 -0.03657573423819949 -2.906828468259002e-19)
(1.019898331411417 0.1122265246215133 2.65630655161079e-19)
(0.313059635171574 0.3544034382495769 -8.939840366347106e-19)
(1.039587251062824 0.1156981615019459 -4.339491424342796e-19)
(1.038061081103458 -0.3971335591545626 -4.305544065383092e-20)
(1.458214244213019 0.1098070200086431 -6.42938231311712e-19)
(0.7808749231668196 -0.8865150638352973 0)
(1.056815567948065 -0.03057510862503931 0)
(1.133199968686373 0.1812113233948928 0)
(1.614083324780083 -0.03852655739027387 0)
(0.8137636176625874 0.5923089874372629 -2.104640355609638e-20)
(1.49426587268828 -0.3574954407413527 4.596145614826067e-19)
(1.538784724094524 0.1476180841843049 0)
(1.137319446353253 -0.4599791800062357 -1.703629104521465e-19)
(1.459088473544242 0.3435354857284614 -3.505361200106747e-19)
(1.010196492457184 0.02756775075818684 0)
(0.2020172850675248 0.01073057766696877 -2.343478239249461e-19)
(1.334598556400277 0.5096911384687326 0)
(0.9775176395146796 0.008682141062519882 -4.048126981931182e-20)
(0.7638116444208077 -0.3025980356111235 -2.053215461849118e-19)
(0.5086234353321201 -0.08389830137477275 7.873125135484104e-19)
(0.2161190286902524 0.08681970610135517 3.425099646512232e-19)
(1.062449724716347 -0.1389451934272686 0)
(0.05791628935623484 -0.01848559664813712 0)
(0.3447343857265331 0.0385327049151056 -3.025751767191324e-19)
(1.006334937220236 0.01711449494999801 0)
(1.451496521665002 -0.00560929003456883 0)
(1.007966785565947 0.02824202412828365 0)
(0.4691070328734283 -0.2759057948696533 -1.00323999805901e-18)
(1.048651912775219 0.08834326348824351 0)
(1.522001879537258 0.0430059926149706 0)
(0.2245022778440471 0.1415735804427464 5.5482008839154e-19)
(0.8803801564731683 -0.3237462572065909 0)
(1.364868227044201 0.05426781505360365 2.650870645949465e-19)
(1.236791361920971 0.2047313264394053 2.015619844895291e-20)
(0.8971204377961075 0.5524706591613794 1.594879217030678e-20)
(1.033325676861834 0.09875146644881036 5.217734866281252e-20)
(1.032694499894733 -0.149568541262894 0)
(1.366153272242766 -0.02049487939400864 0)
(1.295373193648331 -0.1173558774492746 0)
(0.6246140850006341 -0.04193223122844736 -1.363007918248879e-19)
)
;

boundaryField
{
    FrontBack
    {
        type            empty;
    }
    Top
    {
        type            noSlip;
    }
    In
    {
        type            fixedValue;
        value           uniform (1 0 0);
    }
    Bottom
    {
        type            noSlip;
    }
    Out
    {
        type            zeroGradient;
    }
    circle
    {
        type            noSlip;
    }
}


// ************************************************************************* //
