/*--------------------------------*- C++ -*----------------------------------*\
| =========                 |                                                 |
| \\      /  F ield         | OpenFOAM: The Open Source CFD Toolbox           |
|  \\    /   O peration     | Version:  2412                                  |
|   \\  /    A nd           | Website:  www.openfoam.com                      |
|    \\/     M anipulation  |                                                 |
\*---------------------------------------------------------------------------*/
FoamFile
{
    version     2.0;
    format      ascii;
    arch        "LSB;label=32;scalar=64";
    class       volVectorField;
    location    "28.5";
    object      U;
}
// * * * * * * * * * * * * * * * * * * * * * * * * * * * * * * * * * * * * * //

dimensions      [0 1 -1 0 0 0 0];

internalField   nonuniform List<vector> 
808
(
(0.7562709263374265 -0.01752393086724871 0)
(1.031278747413934 -0.01251523396665319 0)
(1.114761854592588 -0.0001142359483570316 -1.762227887416896e-20)
(1.085130623948058 0.01257163401233826 0)
(1.360552415228683 0.01377171802845971 -3.837646452395468e-19)
(1.038616603402531 -0.009418485915201657 -7.24922648131275e-20)
(1.014181890533644 -0.02036718182788495 -2.390484633059869e-20)
(1.078749455152599 -0.004801598608685278 8.959060906087687e-21)
(1.252191868690309 -0.02126212323443273 6.281566196397527e-20)
(1.084855665471348 0.008814400344586353 0)
(1.009827725299776 -0.01236118690490155 0)
(1.303363384591282 -0.05386013836168578 -3.48165547358526e-19)
(1.08611509704808 -0.001685271500779938 2.034701542146259e-20)
(0.6750611698594827 0.006389538216416623 0)
(1.279541290673204 -0.1228866529329576 0)
(1.081798539001434 -0.0001894543269819438 -3.832503082711934e-20)
(1.229104673822835 -0.1531638007793656 -9.874946290201533e-20)
(1.074275923796949 -0.0003284436999325883 3.175592818693001e-20)
(0.9899480395238986 0.006241654412653021 0)
(1.02696570390904 0.009217093128815249 0)
(1.037929506809649 -0.01580105922644474 0)
(0.9875639376796779 0.04533369279197241 0)
(1.051038907251126 -0.006215409095672855 5.73097868529583e-20)
(1.053697089795756 0.00823934968872906 0)
(0.933811069408426 0.199848187109075 4.573527791432281e-19)
(1.162016168162144 -0.09080611452763007 0)
(1.184334688555194 -0.01973383537929416 1.54965128703353e-19)
(1.077013916913652 0.009556834793439998 5.222867525494123e-20)
(1.083925560816631 0.001799371175628365 5.09476576545664e-21)
(1.071951927782355 0.03099388932193529 0)
(1.075327137466189 0.002521590112056532 -1.179692722151365e-20)
(1.033433353044592 0.00628179286773619 -1.892037877504479e-19)
(1.059939551678247 0.01465437719449388 -2.3737009729315e-20)
(1.088653371491375 0.005307498740049511 -2.931075443091428e-20)
(1.120753999346565 0.0364026049459835 0)
(0.7549007071297722 -0.1200792711239622 -4.549360460334988e-19)
(0.9544373843885194 -0.005743228599848401 0)
(1.068891780421151 0.02242456052355336 0)
(1.068836369289711 0.007234113471301942 0)
(1.073680179582036 0.008686987142758201 -2.81846087685234e-20)
(1.092865725867184 0.02261603263082903 1.084395918187553e-19)
(1.149749900904355 0.002069279249449536 2.126567889650771e-19)
(1.095564237060919 -0.00244026837875567 0)
(1.015441902392699 -0.009405923248579308 0)
(1.127459633257581 -0.09694071972710644 -1.656572139847693e-19)
(1.044058776504954 -0.01179962639535964 -8.25711867243455e-20)
(1.058359759534726 0.02670209650367008 -2.739345697290628e-20)
(1.229113120539282 -0.1120496447119587 -5.585129133253814e-20)
(1.067644574625243 0.01218059812420605 -4.11791817711569e-20)
(1.255575654818306 0.0154162596776362 0)
(0.9972143703971009 -0.01838474490886946 2.13952336309924e-21)
(1.044628982173185 -0.002564741524884342 0)
(1.087300045723692 -0.002350117170170276 0)
(0.9974876867334042 0.007696741713277546 -1.910895427405705e-20)
(1.252733559350112 0.03285634739362197 -2.373431888038333e-19)
(1.063689438424584 0.01835639864595962 5.940438192536965e-20)
(0.9879406762674889 0.01026608743606286 0)
(1.014917464462547 -0.009969881414644902 2.5253576321719e-20)
(1.106922399004381 -0.00164638899801191 -1.163528531521982e-19)
(1.061679770058881 0.03129243097020632 0)
(-0.06832202440549723 -0.02698511066548991 7.423964547123448e-20)
(1.153629151886025 -0.0521966955228897 -1.861173800522188e-19)
(1.001811473659561 -0.007649987809704936 -2.775126661310137e-20)
(1.185748113574519 0.06439807785407468 -1.202230574614433e-19)
(0.9973094553582333 -0.0106446123262932 3.052402915862344e-20)
(1.083836705251342 -0.005514017071694129 0)
(1.24475598918635 0.0918643143392735 0)
(0.6960030729649207 0.003179620555312353 -7.45347213480125e-20)
(0.9890860479672051 -0.01596225867494569 -3.179408124374228e-20)
(1.456569773228651 -0.01891992348265967 4.420078236430022e-19)
(1.060670890071665 0.007570245553567475 -6.609322049539888e-20)
(1.364294184240778 0.09464473096629611 2.865168783142788e-19)
(1.054846675548827 0.006740994722740455 -1.886037734115132e-22)
(1.080964403543853 -0.01416922394684916 -3.637470703852864e-22)
(1.162624902765369 -0.2349007852857707 0)
(1.022614343674871 -0.01476916908902456 0)
(1.017950374029427 0.01784763171969683 -3.029802996580912e-20)
(1.389603698579677 0.3499120970808262 4.220727108278875e-19)
(1.097199652887455 -0.04213181238434745 9.469847031039698e-20)
(1.046810784449461 0.2112228529450191 2.431908297469584e-19)
(1.123017497857516 -0.06319211509668148 1.173532443455727e-19)
(0.9221065162792581 0.005202782489341986 0)
(0.9754637976456252 0.01859082425178275 0)
(1.003989348115448 -0.04849074278806666 3.081216017757997e-21)
(1.010650954078682 -0.01362345666524398 7.617751167432131e-21)
(1.031238119245076 0.02609029576688431 1.363952542707681e-20)
(1.525396500416775 0.03490119822537141 3.230520223866943e-19)
(1.291819486446142 0.07044929448575342 5.594992049464678e-19)
(1.072715376190496 0.002924154063375901 -8.911662344300655e-20)
(1.196022982171506 -0.09931967010083978 0)
(1.033972239549673 0.001504491943791229 1.300747092858563e-19)
(1.163818038693725 0.02022513016774591 -3.143334084450273e-19)
(1.001522131399432 0.03251740925635299 0)
(0.9996299536694181 0.001977231244026867 0)
(1.044164237416084 -0.0003548717282014392 7.916108765174623e-20)
(1.214197791430276 0.1015075512707495 3.996936017477034e-19)
(1.011066648808712 0.006964577226340238 0)
(1.087640003064911 -0.0705514714538671 -1.06657179523391e-19)
(1.150088893717089 0.03502156928417174 0)
(1.211980306461565 0.08914961205940305 -1.881561995999338e-19)
(1.108165699773846 -0.02872665898905863 -7.737581280513245e-20)
(1.028004956640337 0.01170490739173308 0)
(1.085463149930346 -0.004648657809594683 0)
(1.020231212459789 0.02597200499729035 7.909297959617839e-20)
(1.0754712294544 0.05462524717312009 -9.225465798304005e-21)
(1.103626169018504 -0.004377980317892127 6.376061896483115e-20)
(1.104115657101086 -0.09515758905054553 1.538298344008188e-19)
(0.9616194378908181 -0.002990420329962791 0)
(1.06646245364449 0.03145303290120561 3.731326652141846e-20)
(1.16736257366866 -0.07645040978921919 2.274506483583957e-19)
(1.053998420601942 0.04584315811591518 -2.864268662791479e-20)
(1.022991227808621 0.06808201989780018 3.666220673624389e-20)
(1.090596535362638 0.02624710179954521 0)
(1.01331061732326 0.01435526115658675 0)
(1.028920354166081 0.009414641441834851 7.871112233728871e-20)
(0.9485972102824418 -0.0321536983212011 0)
(1.053320574320054 -0.005531555399676763 -7.520457531014123e-21)
(1.338822666454643 0.05698224757143037 -1.555936140196131e-19)
(1.079644013379607 -0.01333641766712869 2.615567651663855e-20)
(0.7442050766388097 -0.00178151796003729 0)
(0.5438129420672472 0.1616768004839133 -9.736996865521255e-20)
(0.7058361565080894 -0.002500236955705504 0)
(0.6990949991787615 0.01467222441599748 0)
(1.077836413570869 0.003471147443203009 -6.523122067142828e-22)
(0.9906406088789814 0.01443700057777111 0)
(1.281157503774206 0.122442015816776 2.534797642536957e-19)
(1.012228379726032 -0.02797178637329173 -7.480598691441433e-21)
(1.039181717367389 0.01812186193336838 1.249335677435575e-21)
(1.058401930664379 -0.01238001117131708 0)
(1.126360769052763 -0.00925262945178146 -5.082206153334672e-20)
(1.260366633831415 0.1238236972659396 -2.168703821359011e-19)
(1.088728053153025 -0.01095915474266174 -8.51681284638854e-20)
(1.070926636764445 0.02512419524977062 -1.074840425054527e-19)
(1.041085594649163 0.04677432412987625 7.293197318979251e-20)
(1.022231931460754 -0.003556875272728739 -3.455432071914835e-20)
(1.061367112627171 0.02367983727304038 5.792573213495018e-21)
(1.13738205357109 -0.0005824003888377035 1.056693887502175e-20)
(1.040366725026804 -0.01234020931295546 -4.668746527743177e-22)
(1.087702293532446 0.03481969730648116 0)
(1.02875802079265 0.01339117925974272 0)
(0.7908526898836752 -0.07489776768629891 -1.847891870816797e-19)
(1.030287183296622 -0.002127108144673615 -6.614525446251124e-20)
(1.137213770045602 0.002274414030816783 -1.294606412175988e-20)
(0.7035461658374261 0.006547457319429979 7.207525152449515e-20)
(1.176189310713644 0.01889239695823577 -1.955782068845173e-19)
(1.129456730746242 -0.003384028334683441 5.734372369940065e-21)
(1.129052168198204 -0.01010632853349974 3.387003207484312e-20)
(1.000936835571902 -0.002988681770754389 -6.870820360028639e-20)
(1.09486030549162 -0.0592420907574046 0)
(0.9885055884561887 0.0005544001665742178 0)
(1.057978443709334 0.007043533391320298 0)
(1.006221054154967 0.1897557892410545 -2.383123836161457e-19)
(0.7795112747134531 0.01242804117758391 0)
(0.8570262402414852 0.1035420618431636 -8.249908366982245e-20)
(0.1043036344484223 0.03436269973388149 -3.042335068162975e-19)
(1.172978552908687 -0.03243282959838562 -2.273656939105205e-20)
(0.6712038998358031 -0.00737437861500951 2.445961082575738e-20)
(1.163196253014536 -0.1057786135311807 7.009099265095414e-20)
(1.128859580584111 -0.0001846297343611405 -6.092513433334567e-21)
(1.154614566358568 -0.05099219320680847 2.209437359640548e-20)
(0.07559610791704086 -0.1905583507340272 0)
(0.2634498700581778 0.06782526704575915 0)
(1.255225260309079 0.10498398940979 1.856895966798071e-19)
(1.021550794880516 0.01988221876448381 0)
(0.7375547002112498 -0.006316366656835144 0)
(1.074780039088434 -0.01170614150621838 2.710468762809637e-20)
(0.9752181451144033 0.002862777500643992 0)
(1.288533815169666 0.1201558099619007 -1.449276802285268e-19)
(1.05739474771459 0.01109485193311969 0)
(0.9923348956026927 -0.008110814262248783 0)
(1.065328688162243 0.008048912438850434 0)
(1.006248425198112 0.02090014036274748 2.089057282592935e-20)
(0.9241516682062084 0.003682809973289106 1.251686474263742e-20)
(1.175085608484712 -0.1988844493529088 0)
(1.004913879855526 -0.005239457799781614 7.922599249285246e-20)
(1.059235879043704 0.006154880575399101 0)
(0.774542844029027 -0.003350876335562049 0)
(1.215912116741182 0.02605057523811196 1.626883573126646e-20)
(0.7051270885218772 0.001342865635762721 0)
(1.431315892833143 0.08580580665862521 -5.165262963546307e-20)
(0.9935975126110866 -0.00581012453760428 1.656061670597883e-20)
(1.275850763637956 -0.003913947707835249 -2.984985539185851e-19)
(1.060040806767088 0.008837402310001581 1.340960213631558e-19)
(1.000898235401069 -0.01357110857555546 0)
(1.213416133016262 -0.1540936723622081 2.039024861776674e-19)
(0.7331676204749069 0.01378928873333142 0)
(1.097985119012331 -0.005045796021424754 0)
(1.154808576349437 0.06417630455781743 1.922660216571517e-20)
(1.006326055789674 -0.007161899872910049 -3.029118518728558e-20)
(1.122186965292586 0.04953935170034145 -1.717471770905094e-19)
(0.1564340977088115 -0.09011091100103059 0)
(1.073887824093548 0.03723947756305612 0)
(0.6614469615235157 -0.002889212788255666 -5.543587895646104e-22)
(1.012067815450708 -0.01972742859979483 9.160873687861725e-20)
(1.061811364164338 0.0007621022775934866 0)
(1.08734779212139 -0.1389134216453892 3.797917874331808e-19)
(1.002397468688306 -0.006166773321163836 -3.355689468354831e-21)
(1.002077301460024 -0.004097022912682476 1.292742214634375e-21)
(1.093937526772103 -0.009138644780897043 0)
(1.020801979233713 0.02015806214385652 -6.551011398794463e-20)
(1.106819318655301 -0.001672793377714219 6.399716458407309e-22)
(1.073812774506202 -0.01071518914659394 6.566800744756435e-20)
(1.08564152648767 0.02229842771554699 0)
(1.324591744553243 0.159212439267862 0)
(1.002084195309462 0.0005043223823095041 4.410815937202884e-20)
(1.322830045718622 -0.1324677080969235 1.586024791599344e-19)
(0.01538249935064796 -0.1392751331574281 -2.383716854763894e-19)
(1.071130864990308 -0.005412489591290714 0)
(1.114104141256673 -5.945013916613522e-05 1.20155802455434e-20)
(0.7269191842003306 0.01784889931257136 0)
(1.059072010881087 0.005560455077684478 0)
(0.8636287899745039 0.1631968529257616 4.664779514254566e-19)
(1.278776214025141 0.1180137357911007 1.826281093511748e-19)
(0.6540652213321844 -0.003122333047582493 -6.419321767690461e-20)
(1.042297290024627 -0.0006952684403669709 -2.700660588443964e-21)
(1.054950565446326 -0.0002307101897660771 6.501234744318053e-20)
(1.359307106781054 0.1195221295756733 6.621087491789456e-19)
(1.338001975089287 0.2527571073933327 0)
(1.057410283987419 0.00766149092267839 0)
(0.9955193412013897 -0.005500095401878425 1.40261415813547e-20)
(0.9958924313138433 -0.005971412444016324 1.537589513530606e-21)
(1.386012103158471 0.1999407092014945 4.311391706254957e-19)
(0.6816524590486485 0.0006142426767319299 9.88700861897515e-20)
(1.005546625493368 -0.002099288234845582 -5.984080657170797e-20)
(1.097839117649769 0.01307059690849801 2.547041559759463e-20)
(0.6694384901941167 0.004987652354096807 0)
(1.066081571250738 -0.01203346958542042 0)
(0.9917785633761007 0.1250655712724791 -1.304944165990255e-19)
(1.082431428793913 0.004552011001812364 -2.523907324372437e-20)
(0.9817028684088372 -1.062239380669117e-05 3.297268551992426e-20)
(0.9912110131603153 0.005993515989645572 0)
(0.6380589759995333 -0.001159508775768981 0)
(0.9766531891798553 -0.001318966219243131 0)
(0.6418089477153696 -0.001459776252422029 2.701185794753516e-21)
(1.087209335491172 -0.05727085063373901 1.21377758858459e-19)
(1.109431601822037 -0.003639576300212215 1.196078586207104e-21)
(0.9579598933374481 -0.0008677819226797187 3.892864320168812e-20)
(1.016230940199646 0.01074183117853282 1.68783172045058e-20)
(1.063963353367254 0.009939060589111877 -2.154145253404899e-21)
(0.6347680859257026 0.008863075095132889 -3.627542629336569e-20)
(1.002393870708323 0.01252230834640594 -6.579385407283803e-22)
(1.036044434475022 0.01176732495006489 4.992884042103276e-21)
(0.9889312120067549 -0.004422264897690771 0)
(0.6099881943301384 -0.0004431400784839601 0)
(1.068769221932193 0.02265671591940571 0)
(1.015208107209106 -0.01590703725654463 1.051472332823089e-20)
(1.023049003907089 -0.002209535200742407 0)
(0.9923272023202102 0.01465132331697409 -9.39652134685331e-21)
(1.012714262280664 0.006993860712958457 0)
(1.131588641353737 -0.003593762779225397 -1.261323423440761e-20)
(0.0320440280919327 -0.1382458657633586 -4.401054514470357e-20)
(1.034594845269375 -0.01574498873790647 -7.450748270586565e-22)
(1.04612210993783 0.009551298777869036 0)
(1.087646823284842 0.06713315931455374 8.382681876559875e-20)
(0.9688993431946357 -0.0007215491628637528 3.110823886557411e-20)
(1.020394065399625 0.01711148428915346 -2.273973323850119e-20)
(1.006371158985374 0.000477284163185209 2.417236389619921e-20)
(1.039748942274634 -0.005263559234123037 0)
(0.6408757916411615 -0.004057942386624341 0)
(1.026011063194381 0.02447852963282428 -7.794033531123924e-20)
(1.081105263221598 0.005129968466081486 4.970590413869031e-20)
(1.011677229939608 0.004109246027590637 0)
(0.9815094035866155 -0.001323056267047902 -1.902888304622742e-21)
(0.8654901958677343 0.01969981840116305 -1.437598183504275e-20)
(1.013919129665544 0.003057300775718542 -9.835038279462947e-21)
(1.025455045055936 -0.001180096307438335 1.787129904695742e-20)
(0.979155920609586 -0.00126010642135449 0)
(1.006510373918751 0.008714616698667653 3.2838282390423e-20)
(1.107375983169938 -0.004613296965329969 0)
(0.9329934008770846 0.006022136044067187 -3.423364779071542e-20)
(0.9575800154056364 0.006194983189645169 0)
(0.9049129516503869 0.2055151360908838 5.049605773367864e-20)
(1.011170413389272 0.0675427505074344 0)
(0.9908008914312099 0.003906878711039498 -2.308637675545022e-20)
(1.053619102941646 -0.05022284147917884 -2.735132533548451e-20)
(0.9925942387875732 -0.001222557324754265 3.337369093371719e-20)
(1.008112522885709 0.002510086311142738 0)
(0.9802063930767736 -0.0004538421247995278 -3.10647747035454e-20)
(1.176078928788979 0.09534115957521246 -3.3105190916426e-19)
(1.067691058124778 -0.2631244996009335 0)
(0.9947494270072045 0.001592621338228466 -2.212751421295611e-20)
(0.980225306807493 0.008922573172013629 4.823288486325961e-21)
(0.9588690944386826 -0.001194733634910999 1.061869058777732e-21)
(0.7460327564989642 -0.00109657517320622 0)
(1.113249937670523 -0.07264538937640044 0)
(1.00715780608913 -0.0001992851131796507 -2.158123575783791e-20)
(0.9005261853302761 -0.001407853143470393 -1.077453770480815e-20)
(0.8463320140581234 0.0101161381237221 5.725465049508057e-21)
(1.011007884108915 0.002756132443053912 0)
(0.9565871812473108 0.006467203804631792 1.595215125496682e-20)
(1.005796636856759 -0.0002019566228509157 -2.261549930499619e-20)
(1.024349894137163 0.001724559341810456 -2.500701324632065e-20)
(1.111319841581076 -0.005943560916220929 -4.885644357942315e-21)
(1.114155654384513 -0.004706687360529568 0)
(1.011078005683205 0.004578761707012302 0)
(1.02504751409493 -0.0007744488238322042 0)
(0.9506715006072517 0.01041354103275198 -2.127189042698164e-20)
(1.017886149881367 0.01315775273780556 5.549146542155083e-20)
(1.082994776621866 0.005426527056436788 -2.296325017328806e-20)
(1.037466107862018 0.00562568254342411 0)
(1.107271536838228 -0.005059251396215897 1.803884040276624e-21)
(0.9955852112625628 0.001099869443755926 -2.218774259872437e-20)
(0.9809816194968087 0.002186435891546363 0)
(1.010798733518234 0.001859516723901608 4.689466031350222e-20)
(1.362340099757115 -0.3135210322580318 -1.121496390940269e-18)
(1.121261152086861 -0.0458980152950992 -1.10512564403413e-19)
(0.9758493788406003 0.01120392840352294 4.792988545163704e-20)
(0.7801839235344059 0.02338975917689934 -3.563132400414781e-20)
(1.221327826244492 0.04901231134839768 0)
(1.21451567155839 -0.1363798982476714 -1.475829073943577e-19)
(1.08364202618213 0.001714195681685168 0)
(1.009399129726153 0.001089652820310083 2.236804107198327e-20)
(-0.183200948409526 -0.07054848907620663 0)
(0.9939716745666011 -0.004673719750842309 0)
(1.012347848360034 -0.02307878105441851 4.009916204984831e-20)
(0.7061511200439946 -0.01941296006284872 0)
(1.09674746350051 -0.01505117240593323 2.341741624945729e-21)
(1.040473358782367 0.001488350907174473 1.438338239161533e-20)
(0.6329624455053449 0.004164399849618351 0)
(1.444935846588894 -0.1232984878819014 0)
(0.9862849798975264 0.002158332834321306 -1.073421536939986e-20)
(1.069556283125783 -0.01493767843979782 0)
(1.03803830921267 0.000586189586263543 2.091491071550181e-20)
(1.087246542012841 -0.003413919576788775 0)
(1.010715438989904 -0.003547116791957629 -1.243953125838095e-21)
(1.006227721159924 0.003210733906410677 0)
(1.01260038818597 -0.00559934120030186 -3.1073562217662e-22)
(1.003428904013435 -0.02010307235402994 0)
(1.035014865840361 -0.001037787750157062 1.854189158650692e-20)
(-0.2134160560198955 0.0526080503410826 2.76749794616759e-19)
(0.8206978157972181 0.03983117000567262 5.882036848279428e-20)
(1.005182596991496 0.002388224454421097 0)
(1.124426638198459 0.02112825196070978 -1.316086997871842e-20)
(1.110774179248259 0.01198065035299419 9.667617476270615e-21)
(1.053839300981424 -0.01300873234741161 -1.312591690600297e-19)
(0.9987759326517589 0.0103921104073701 5.299221736773696e-23)
(1.084265929732886 -0.001922916526202787 0)
(1.186713963087653 0.04959980614914273 0)
(0.8350776970106224 -0.07372980910370779 4.606789352603318e-19)
(1.09715721332834 -0.01403895574180217 0)
(1.032660170968366 0.007954942024751029 -7.62979880320737e-21)
(1.042759851523972 0.005381225279817483 5.79030515621236e-21)
(1.050590116822175 -0.05997126114445107 -7.525923481684568e-21)
(1.140104388031843 -0.002508712424126598 1.708469015703602e-19)
(1.07680853766865 0.0003755010097925645 0)
(0.9950137159748603 0.001759256442236083 0)
(0.9977641098605825 -0.02438769644565867 -2.335579279358228e-21)
(0.9915414331438137 0.003045767810216405 0)
(1.028988257670383 -0.03715254076770452 6.46793562918772e-20)
(1.29417841691097 -0.09807531471087495 0)
(1.04569214644891 -0.01046773503942573 -1.610773014911046e-21)
(0.9861729480259536 0.01680467980948988 -8.926678017076054e-20)
(1.035381772950193 0.0423369280609755 -2.347829967817712e-21)
(-0.09070609781806765 0.1907136949812776 -1.69367092784288e-19)
(-0.06456901380510205 -0.281261461378693 -1.360051875104686e-19)
(0.8582942075846065 0.112881467115921 0)
(0.2796183321920639 -0.006966965249916465 -2.921787800816292e-19)
(1.013442464911471 -0.01789796178958679 -1.195080825427669e-20)
(1.064015502140653 0.002649868755949604 -2.078987458208287e-20)
(0.9933189090356055 -0.02076070710459189 2.962037011882463e-20)
(1.025695478135372 -0.02696972021094899 2.579019792564839e-21)
(1.008524293889926 -0.03059488156588602 -6.657467513616126e-20)
(0.9884587597427656 0.004891148171477056 -3.484351023532655e-20)
(0.9938188149931299 0.004380962696149778 0)
(1.024395770157605 -0.001783576497516516 -3.552593650511983e-21)
(1.930540739091627 -0.1557811689258604 1.067400179405606e-18)
(1.053043817122221 -0.01875298350756657 0)
(0.9964102894021104 0.007239246143932526 1.496653131000839e-20)
(1.00308379045147 -0.0003422592878338838 4.034929284830595e-20)
(1.177529280342621 0.1440741385133924 0)
(1.007494719842222 -0.01933035455581757 -6.120558037008855e-22)
(0.9539572205979955 0.0003643817037455924 0)
(1.037849933794657 0.04171548668498382 0)
(1.292740956544985 0.1536888830882776 2.17048934045366e-19)
(1.07908349472282 -0.008627815700911584 2.290625076537007e-20)
(1.01734426258167 0.03219750115051143 4.565499065022629e-20)
(1.078696150172186 -0.003370331769069895 -2.208306529215646e-20)
(1.057213455209992 -0.0179735987994079 9.519815943371214e-22)
(-0.3862447576975171 -0.03525878580828632 0)
(0.9983742612603886 0.01305469170249534 0)
(0.1228408461410772 0.0578241331640752 -8.99106107847376e-20)
(1.005588047811588 0.02213414231267722 -4.035791258603819e-20)
(1.000811190050329 -0.0114452045769427 0)
(1.000283973846105 0.005648904430782302 -4.968006272137796e-21)
(1.081658509138621 -0.04213402107601352 0)
(0.9953168403881808 -0.01893496113538216 -7.922475792710769e-21)
(1.091832528938477 -0.04640522814482102 0)
(1.440390889858289 0.1726674340180321 0)
(1.054282366086954 -0.0117018281000997 0)
(0.9917281639520655 -0.0232577292970463 -3.983271908994844e-20)
(0.9815287436363473 -0.02353710790134133 -2.607800461732116e-21)
(1.019920802268721 -0.01937214590327864 -1.9839832566521e-20)
(0.9972713062601606 0.01726141336259263 -5.463611639484306e-20)
(0.9954116548168486 0.009481524887529092 -1.458591546187143e-20)
(0.9944532401566785 -0.02634102209971028 0)
(1.002105336112993 0.02554234915108033 1.905310576832307e-20)
(1.036077916378144 -0.02842190110738201 0)
(1.110416499761989 -0.03635918715776787 2.54500976796192e-19)
(0.9951545614450985 0.01706830462065408 4.527105070207607e-20)
(0.6150841438664306 -0.008677914283663414 0)
(1.150650897327217 0.1412342480541211 -2.026762374593622e-21)
(0.831071348203364 -0.09537255221700781 0)
(1.139244349092444 0.0727169802024186 -2.770249951812611e-19)
(1.313199849792925 -0.3874581276358308 1.278066919350478e-19)
(1.07593488407058 0.06500631642722524 -1.31545910200661e-20)
(1.010204251911613 -0.02945639032646321 0)
(0.9547511873551057 -0.2138051884296569 0)
(0.5292535871359081 0.1612218378846106 0)
(1.011853876951653 0.01315287943617551 1.056680559147285e-21)
(0.7105623197004675 -0.01330521740922018 0)
(0.9980543475894196 0.01733543285351086 3.474532767011666e-20)
(1.022048933362953 -0.0004503537762674095 -2.66981378969225e-20)
(1.07915777106773 -0.008010933005054602 2.685890552291378e-21)
(1.045902170544354 -0.01099607879197718 2.901889589615244e-20)
(1.042911052391021 0.01087975808390361 0)
(1.053856555248261 0.02702486176708767 -9.737656369983761e-21)
(1.051605056527705 0.03489685444529305 -1.781140509359619e-20)
(0.9831381540943929 -0.02171262920558009 0)
(0.6247897732101864 0.005146908016382274 9.176345236747345e-20)
(0.8939775724677923 -0.005877734326420246 -8.851732820388375e-20)
(0.9090714799071797 0.005259515608718807 1.443661863557981e-20)
(0.6293993889998005 -0.00640856095593249 1.40884652227674e-20)
(0.9790510066362149 -0.0002265459922947855 2.574553795202852e-20)
(1.004432304892809 -0.01762454170413776 -3.355685507756816e-20)
(0.9691921381532029 -0.01261949157634355 -3.124937715957656e-20)
(1.08551304237507 0.001488809200005335 0)
(1.018539377012715 0.004736638635428779 1.083043121916001e-20)
(1.133335491163205 0.04821308610920977 1.336741712155173e-19)
(1.033742932514056 0.04261805587706845 0)
(1.022167209577383 0.002623028200523108 0)
(1.580414937056812 -0.167269330767414 4.366448074249896e-19)
(1.041407944286729 -0.02714253764992457 0)
(1.022116613833039 0.008010281735086755 -3.608866291059349e-20)
(1.087181036332114 -0.003171027115970834 0)
(0.4860934305694916 -0.01600494267973199 0)
(-0.03906381973477803 0.005832682011468989 0)
(0.9901095090218103 -0.02360006499030554 1.239670261421616e-20)
(1.299255106298892 -0.09607726818899705 3.683892543737138e-19)
(1.033235571178937 0.03935943410635175 0)
(1.022623896775106 0.003402986192931408 -2.201779027148654e-20)
(0.941489731144294 -0.1656026898445331 -2.480116512644604e-21)
(1.253048283524446 0.07378662090667526 0)
(0.5992198470305949 0.7327101594750031 0)
(1.305539783364728 0.1450842152694996 1.070446917304902e-19)
(1.673291100536443 -0.02575688134140909 0)
(1.071166564490645 0.1248251169076442 0)
(0.7300720097247573 0.001071892207214631 3.051675960593676e-21)
(1.050404017599301 0.04927549422850793 0)
(0.7182086795857747 0.0997910990535491 1.274933508159433e-19)
(0.9968193978648205 -0.01629103324972166 3.584357094434427e-19)
(1.034859377215235 -0.03867292874092022 2.64477607413601e-20)
(-0.3709815789067142 -0.03694234916750681 0)
(1.071626583301799 -0.0161806250411475 0)
(1.093445591165122 -0.01676581125937672 0)
(0.6470866648372561 -0.5001737762110019 -2.506781126918556e-19)
(0.9919475930640873 -6.037111769375312e-05 0)
(1.091777936579639 -0.02213664629367935 6.042575034624319e-22)
(1.189281685090329 0.1210627270488947 -2.034240434707053e-19)
(1.093271790913108 -0.03761634935318185 0)
(1.004976975198983 -0.02096970040623472 0)
(0.8070704583010688 -0.1956657236009562 -1.720304982562605e-19)
(0.900408730251599 -0.1420133499244595 1.50721951086705e-19)
(1.0305308829691 0.01014466746765172 -2.112620941023334e-20)
(1.023130230537004 -0.009268348578598521 -4.341409383709073e-20)
(0.8675809098740899 2.548879756680388e-05 -3.085049224161456e-22)
(1.502161101315281 -0.193740623468956 0)
(1.302255838960085 0.1129690462296068 3.130881189908977e-20)
(1.243680952009799 -0.07942957369935855 -3.062816293927133e-21)
(1.095867498234895 -0.01878661340587749 -3.928654534913634e-20)
(1.043235997759496 -0.01706591641528711 2.836447622955438e-20)
(1.092801660593695 -0.03919036937274132 9.428930429158922e-20)
(1.032719118349191 0.01979899795711855 0)
(1.048021864056 -0.0317939759615653 0)
(1.115853671199776 -0.009048559430499375 0)
(1.094263544321646 -0.02734234110491631 0)
(0.9980081984773271 0.01078022435318728 0)
(1.153040672370774 0.0754999449355475 9.340262486370264e-20)
(1.345515936099091 -0.1571916224474467 0)
(1.042378084117087 -0.0226264331880161 -2.15955276302003e-22)
(1.052654882890916 0.05442800551282496 0)
(1.009933302507085 0.01440660303815694 -3.854086166313736e-20)
(1.033539269001939 -0.008189916053286124 9.285109294152167e-21)
(1.088995937859639 0.01330704743404518 -3.186138617566875e-20)
(1.084356016195799 -0.02977343471852132 0)
(1.076418556955972 -0.005681658283102619 0)
(1.102146724124496 0.09317335278773523 -1.406077362716608e-18)
(0.9348922145623207 -0.1480870293390859 -7.106218805488029e-20)
(1.178661954304284 0.1070673545565209 1.111962748520628e-19)
(-0.4617077314433188 -0.009408537609797134 -2.930269585652734e-19)
(1.019442695577893 0.02942363817934686 -8.630409912458004e-20)
(1.007795520207082 -0.005972069052331481 0)
(-0.2701845398624756 0.02608991381005633 3.566841732123813e-19)
(-0.04959113037400759 0.3402358386150381 7.480450179790435e-21)
(0.9952208253287895 -0.006330149828095943 9.099666204421694e-20)
(0.1868389615924987 -0.04083294506811264 1.370229947624942e-19)
(1.096634270807744 0.08849178526187465 1.495599390683774e-20)
(0.09350419600501748 -0.1067309759498216 -5.373917446631753e-20)
(1.107911875314102 0.003141664086735979 0)
(1.095664680163964 0.2523929254537363 0)
(1.021554990946395 0.02199263811370419 -1.690943015561182e-20)
(1.069992061793056 0.06087934615091918 0)
(1.024358425988334 0.02636248613156797 -9.017858269517029e-21)
(1.260214253600948 -0.5474740619096232 7.990188757968575e-19)
(-0.08360226939192779 -0.2126925429185125 2.124215160352214e-19)
(1.295861645838882 0.1125780768854615 -6.163599583514816e-19)
(1.124241435181919 0.0006047645715109013 0)
(1.134912563222659 0.1021232358688919 0)
(0.5225547007346352 0.0790283213690636 2.475545182552819e-19)
(1.022926780549616 -0.02103679234920799 9.508803872011789e-20)
(1.00529718849357 -0.02362520554492297 0)
(1.213274937629332 0.2716751970824448 -9.777590337941803e-20)
(1.250532559064845 0.1310780032763309 -1.529380881283061e-19)
(1.026521350385245 0.002671007762923222 1.574979493905851e-20)
(1.296256216879297 -0.08477913669992457 -4.966575842478287e-19)
(0.3054747429948548 -0.02049936754504951 2.756302129348381e-19)
(0.8335555537833701 -0.149210584140732 6.83657930147488e-19)
(1.057863065846868 0.07035756866395974 1.078295892981677e-19)
(1.041599339297983 -0.006324481167173179 1.309460865860525e-21)
(1.000960421244346 0.01997039212267814 2.885466494551057e-20)
(1.066485103007433 -0.03687447267535512 0)
(1.034511081064464 -0.0384478743413116 -1.460039362339706e-19)
(1.018511900476609 0.0354764837709808 -4.654734254263672e-20)
(-0.06131903492393159 0.07996197422424098 -4.936098794649354e-19)
(1.010737955369276 -0.05780919389001709 0)
(0.896510052353128 0.01073661495767357 0)
(1.091597337332969 -0.0009563959544466 0)
(1.36159758178834 0.2576040764764989 3.761164876925119e-19)
(1.69374063358899 0.103358574923517 1.325724439601368e-18)
(1.401827708572486 0.148222988239618 0)
(1.029869953554379 0.02468558884762332 1.125229201801172e-20)
(0.3475137563769356 0.03299610801341771 3.406315267782943e-19)
(1.121254435636811 0.0003428380893291308 0)
(1.099785390089759 -0.01823160359182755 3.260109557444271e-21)
(1.096634513430228 -0.0231845711070294 2.241796893325631e-22)
(1.142282424046291 0.09737136765694532 0)
(1.298568487430799 0.05448051231474109 0)
(1.040069574774231 0.0008049596554600974 1.151181674366023e-20)
(-0.1483823837131586 -0.1050031038294943 -4.025342516357395e-19)
(1.332568468593156 -0.1555365019075019 -2.188957633740407e-19)
(1.067803596165164 -0.00735326120995544 0)
(1.013922629289437 0.0152255556372851 3.041867396462271e-20)
(1.141306782641088 -0.09783156070351938 0)
(1.015808783254873 -0.01797842105239867 -1.136398768568576e-19)
(1.03071936582596 0.007710048708987849 0)
(1.509650160271724 0.08725872536644874 -2.822943966626938e-19)
(-0.06484552920231032 0.06994997350195568 7.544153108796441e-19)
(1.098017212653789 0.0495057689358551 2.082613333733524e-20)
(1.093113396317207 0.07888928076138352 2.12102901648777e-19)
(1.009736588319195 0.008403565791253103 -6.127981944687903e-21)
(0.00607811704510135 -0.1123370862357066 -5.108935402956359e-20)
(0.02641468657219911 0.1183919658960986 3.573794999732937e-19)
(1.235323677935894 0.1293609749059197 -1.531672097809187e-19)
(1.113039618945631 0.09406323893423081 0)
(1.08812419191964 0.02490335734101172 1.765066812950866e-19)
(1.007155661168536 0.02199115438791611 1.736418989113632e-19)
(1.028980531480715 0.001298712967275964 -3.685884653721272e-20)
(1.214396121074237 0.1299097961896191 2.487965873139686e-19)
(1.400445109158261 -0.1334716147809672 -2.078225091953859e-19)
(1.066195739544997 0.05005587944936812 -7.28934064919105e-20)
(0.993700075304804 0.00655733383462447 0)
(1.089224611752943 0.07571275439006052 0)
(0.9785228664957709 0.006931876138232927 0)
(0.9974041921170558 0.007281863693345632 2.305478795946884e-20)
(0.4931777081612487 -0.07285564845860881 0)
(0.9895331412945131 0.004474432942601665 -3.118700819075086e-22)
(1.287096089355307 0.07632571685702652 0)
(1.009287107961126 0.0074635841178851 2.150052850181889e-20)
(0.8246583773572899 -0.1282080563234241 5.44094704565615e-20)
(1.103665304719762 -0.01771040013041399 -9.028540632147958e-21)
(0.9395031045705786 0.01661630358074713 -1.767872224098974e-20)
(1.444053777391162 -0.2850451284461933 -5.332118129240729e-19)
(1.137397670859748 -0.09203297475321041 4.72998278209788e-19)
(1.088737186930844 -0.02506692706482408 0)
(1.928933604766937 -0.4698491662103244 0)
(1.619925521595149 0.1887784537190091 0)
(0.9869860926396624 0.005809895983550469 -9.083949890257856e-21)
(0.8611507218004966 0.7761955398238165 2.426317237443992e-19)
(-0.02008986450018517 0.2247804030392367 5.369096011198917e-19)
(1.044028459066182 0.008607960353593843 0)
(-0.2082978995993429 -0.08837436858683165 2.14364211167555e-19)
(0.9835164065043542 -0.001906784378679457 4.054511720459032e-20)
(1.182195509433868 0.1619327264330776 -1.642096342994673e-20)
(1.044409755294908 -0.02237292508177622 5.477324007224521e-20)
(1.061167667006259 -0.1458931861855855 1.47760825746986e-19)
(1.130734524897661 -0.002484084292306931 4.50661038918031e-21)
(1.112135044095719 -0.01753643136484278 0)
(1.312856422240111 0.5315174579520004 -6.055032391008341e-19)
(1.030612995599364 -0.004801614270286632 -2.229486361218493e-20)
(-0.2970944295250827 -0.05695262861854418 -1.955106209370411e-19)
(0.6795978089973501 0.01847319816896711 0)
(1.084879484745787 -0.6963026913232707 -4.796411434956842e-20)
(1.316676177008954 0.08558592578030372 -1.109600836622673e-18)
(1.113760180034668 -0.1080605065391235 0)
(1.088948283034291 0.2804864017626616 0)
(0.9725024908014374 0.0037563006281249 -6.170895485255228e-19)
(1.061334785890416 0.008189190956976988 -4.178699645116446e-21)
(0.924518565786679 -0.01206771957696893 0)
(1.090359398177883 0.03084632035936987 -1.752167188154357e-20)
(1.366247013569447 0.214349782246112 -1.862413484369131e-19)
(0.7325345248277239 0.1001775594218771 -1.051067370433033e-18)
(1.07855126236501 -0.000615004234219993 0)
(1.265259022798287 -0.06105188116680228 7.061606064263851e-20)
(1.005725354190662 0.0005537181662515211 0)
(0.8469780085011318 -0.7727970445354678 -2.130737999323958e-22)
(1.081358398896115 -0.05215693523072994 -1.083182844085003e-19)
(0.877330301498734 0.327300831601201 2.916528489824779e-19)
(0.8339593494784432 -0.1992919362103155 0)
(1.029945120240984 -0.03566386548755145 0)
(1.053640950435148 -0.02924746893757905 0)
(1.005198285347835 0.000730823280823285 0)
(0.9811811317871113 0.006240678956020705 0)
(1.349317602830626 -0.2380230480462281 0)
(-0.1034756633937584 0.1698798324904809 2.399025195200211e-19)
(-0.07051571296736053 0.05720617751633249 -5.833039069893498e-20)
(0.2497460142549868 -0.1227205928328281 -4.284040713041768e-19)
(1.516447727707231 -0.4373536174707482 0)
(1.033989781361647 -0.01661847218062479 0)
(1.767722714928989 -0.7565842641684553 -2.335615822100162e-19)
(1.131040668648948 0.004283851500434342 8.150032990367426e-21)
(1.32763075181553 -0.09233402651321126 2.829534112682655e-19)
(1.110358840622682 0.7108216455009797 1.477198298084295e-20)
(0.339856648968581 0.5967631949070771 -2.147151022729719e-19)
(0.6772006620284682 0.4621078446870655 -4.745423370305101e-19)
(1.061951817231397 -0.1616967396069159 -2.146662060661729e-20)
(1.22376478666643 -0.3587005068105089 0)
(-0.07211376332261302 0.2137469425264804 -7.403583434692994e-19)
(1.047255574116556 0.02263087714776244 0)
(1.113580574298612 0.04532021684888334 -1.521697143430847e-19)
(0.8168461128682636 0.9007238191906966 0)
(1.069442677172123 0.04455710249484655 6.724040277880572e-21)
(0.2730275998853583 -0.05528565778712669 0)
(1.113192172206333 0.03813040635275973 2.309321170056559e-20)
(1.373850444686292 0.3252108516311242 -5.584804504814562e-19)
(1.074626980034983 -0.01311446087803218 -1.661495313963249e-19)
(1.473506857825311 0.1595105406005294 -2.545799059957085e-19)
(1.334186402613381 0.4199469031074891 0)
(1.175861877529575 -0.2699477966750144 0)
(1.307077659513337 -0.1385425240472767 -1.22860590050732e-19)
(1.066613800528725 0.01619424386374264 -3.316142955471055e-20)
(1.060603554317876 -0.01191725259424986 0)
(0.7397952929199887 0.1450512762861147 -1.175380599166463e-19)
(0.7723000697786105 -0.5736002242673802 -5.84380794382675e-20)
(0.666904701895832 0.2066695302537995 9.568648032615242e-19)
(0.9691127877408351 0.1152100314913343 3.316267351399792e-19)
(-0.001613942112912566 0.09609221817647261 0)
(0.5576779287125767 0.02297426727765389 -6.464278213991689e-19)
(1.057612201083995 -0.04019916368355862 -1.891957130443803e-21)
(0.6984086305197265 -0.1169061188411124 -2.775000765492614e-19)
(-0.003380002379215449 0.2512551487414135 -2.962478263045491e-19)
(1.181712885016117 -0.08008637021858404 0)
(0.4033235044380636 0.01773746679649997 0)
(0.161179981779336 0.3761481488034978 0)
(1.444805217769503 -0.2634029032285975 0)
(0.2332289212261843 -0.3542919033183795 -6.454648197520349e-19)
(1.592840001064704 0.03916718623841663 -3.874980376780004e-19)
(1.024665503769446 -0.200502556974351 0)
(0.6692347424438795 0.02721946587399134 2.481957053147141e-19)
(1.024571109192135 -0.0113597638351923 3.530564091600091e-20)
(1.139490634385358 0.2368710457091728 0)
(1.737095906776775 -0.1123183505229183 0)
(0.5792841992485298 -0.733927878781907 -6.671778213847728e-20)
(1.272844722549038 -0.1113532284214861 -1.012222057283891e-19)
(1.410385779839006 -0.08647054212195782 -4.322277375110462e-19)
(1.48724137417317 -0.06653427832139464 3.673031963317659e-19)
(0.09698044945880338 0.1044712890027228 0)
(-0.1381910749705381 0.1020902939002255 2.810041946594933e-19)
(1.038158566965063 -0.0632322534063106 -4.627401584640646e-21)
(1.119312832883915 -0.1398310984140732 0)
(0.6396869582229865 -0.3530821870386034 5.239175931772742e-19)
(1.048772196708543 -0.06314264107416759 1.381431485197581e-20)
(0.8627812756685489 -0.1477111070331742 0)
(1.319591003347089 -0.136882092803003 -1.043154469101573e-20)
(1.122337151374636 0.07944714673685815 -4.374645863176814e-20)
(1.090995132433411 -0.00499054338065552 0)
(1.130027949568441 0.5723197639745249 -1.1293862421614e-19)
(0.3409825951641922 -0.5957968386940421 0)
(1.060923979863226 -0.003427528982907847 2.831734766881376e-20)
(1.097272520645998 -0.006251733774720508 2.668126645055328e-19)
(0.09198520299609478 0.1716257185258318 -1.665290522229459e-19)
(1.183840157157502 1.00523531806658 -2.262317226304539e-19)
(1.366407001705754 -0.1376780895495219 -8.785349998627076e-20)
(0.9123427498503399 0.1083923955642121 5.597651265081106e-20)
(0.9973703716533617 0.004072275535228995 1.053767390576828e-20)
(1.066777864571745 -0.156264513122375 1.840965985067319e-20)
(1.504558559096011 -0.9460534859549379 -5.194217276309089e-19)
(1.536555933318365 0.9530199048504125 2.381074615043159e-20)
(1.428349280445465 0.2243009894394545 3.405162513821697e-19)
(1.028216328466038 -0.00769364957922473 2.074195827337277e-19)
(1.035292249226733 -0.03315348269042064 1.599945678622126e-19)
(0.9921521623976105 0.02278696132639479 -1.912270111881302e-20)
(1.058055608383258 0.0383265216121747 -1.469213322821752e-19)
(1.078540565490029 -0.06536745252169536 2.857630716448838e-20)
(1.439123237197342 -0.1368338061100114 3.40024374986115e-19)
(1.824034137876249 0.7504784324810228 1.877757349152015e-19)
(1.033460690784894 0.0340258260961207 1.046068933264118e-20)
(1.0720921681191 0.01346768774393321 -1.063808415654869e-19)
(1.991870919418342 0.4790532699284183 5.384069939059265e-19)
(1.934494191427963 0.1605000603992124 9.379161256435494e-19)
(1.08382385793612 0.6411390802824214 -9.949005384947043e-20)
(1.110658238629407 0.1722781515903694 0)
(1.044130868964835 0.02297630119959555 0)
(0.5115278923157404 0.4424921773285498 1.155996040604272e-18)
(1.373214589721783 -0.2978226830940106 1.863652008487801e-19)
(1.186923396860085 -0.1581448754793076 0)
(1.637355997532112 0.2363858299583471 -6.228473665831926e-20)
(0.808977228544297 -0.152220435496162 -1.24835071431039e-19)
(1.324871620121482 -0.2086710616189715 -8.991051405248055e-20)
(1.252207495088595 0.3911175149332453 1.455366052583175e-19)
(0.4927092085805934 0.1993916124599281 -5.586167512619953e-19)
(1.692800629302528 -0.0205452340276053 3.307750511285401e-20)
(0.8543060249796773 -0.5422152796804189 2.327834747455612e-19)
(0.9992982996973628 0.02414225823287913 0)
(1.623583007055157 -0.1874755109406219 -3.121024903429637e-19)
(1.090892553592661 0.1008391119933021 0)
(1.342309299747621 0.5829492348127353 0)
(0.9408530395642898 -0.4115481090593305 -2.837383294656641e-20)
(1.249293210611515 -0.02768159152690661 0)
(1.038114614053442 -0.004068038468480729 -1.254680890657118e-19)
(0.7256509107180927 0.1126410233628887 3.058172140716442e-19)
(1.320945624871604 -0.5796599892032999 -5.531194053223705e-19)
(1.049489992509541 -0.6306474719145021 8.747919798353983e-21)
(0.3503677487689215 -0.3729489550468949 -8.605071301457762e-20)
(1.006807969545806 -0.09505681698466542 0)
(0.4460927145409682 0.3062350483320532 1.676526897464802e-18)
(0.2642120582980263 0.02977628292272236 0)
(1.316474661826226 -0.1389079563909594 8.102164806610046e-20)
(1.573339907839185 0.1902139757404831 0)
(1.168893682359429 0.4487717439028495 1.358225811511567e-19)
(1.054032138436791 0.1537411276608637 -6.294005374378436e-20)
(1.03172846595755 0.004286042783054014 -2.023430711580081e-19)
(0.9584880698287023 0.4116382984770531 0)
(1.159494887382524 -1.007197599924362 5.720069485938226e-20)
(0.8911513439440388 0.01110368547214571 0)
(1.070819623290506 0.3809358930058389 0)
(1.055116152970819 0.03592738926569735 -4.547711753892811e-21)
(1.469849060467321 -0.2986234021116 0)
(1.24203471141355 -0.1844396654097396 -2.931798468259452e-19)
(0.02516832574828975 -0.0003925325181928549 -1.836564929909062e-19)
(0.240260987905685 0.02388269130375792 8.861617070136854e-19)
(0.9807290341856245 -0.09782545416561908 0)
(0.473498917163557 0.6522740640249075 -2.522602819208234e-19)
(0.9175814908182974 0.03141370506727398 0)
(1.541461805054974 0.4161940987599542 5.512093156925984e-19)
(0.4735069821265905 0.1451591536270619 -5.872247636881759e-19)
(0.04925984676540084 0.1881062704192356 0)
(-0.4094288450614834 -0.04132400284412754 0)
(1.032292599041663 -0.0004304566911092917 1.280955318811721e-20)
(1.654958021959845 -0.2257797050975444 -1.096422146677719e-18)
(1.107156562863869 -0.5612117439271311 2.337655103660785e-19)
(0.782612888292998 0.3361146541294001 -8.7114760038525e-19)
(0.9041415308184055 0.1365669720571108 1.407535774319528e-19)
(1.044267585759632 -0.003599576175291331 0)
(-0.2812394121489883 -0.1040166300258408 4.025745998356785e-19)
(1.033622676812441 0.04671164130782582 0)
(1.200390566718584 -0.2424522752998368 0)
(1.565429664842242 -0.1902020555711177 5.164277445569173e-19)
(1.126773930361136 0.07275783227459752 -7.450287282433456e-20)
(1.07782258756842 -0.1420001253145861 7.762229859649883e-20)
(-0.01028529693879975 0.06698411429169839 3.31744099325513e-19)
(-0.06290664350445824 -0.1641701817737687 2.451545452212748e-19)
(1.070623675495284 0.2134092687864211 0)
(1.098438644377162 0.05773356516563792 2.103032972501981e-19)
(1.490716275926584 0.2859539748484257 -3.612350645794695e-19)
(1.320252381840914 -0.486171006154003 2.345004232021482e-19)
(1.144571244315368 -0.1541620243502802 0)
(1.122173277750161 0.1508886133555964 0)
(0.5250829914221288 -0.6851459874401196 4.18389027475476e-19)
(1.315360598761535 -0.04057527012578982 -2.989005565944876e-19)
(1.000727508670532 0.1057633287847648 2.505131534162763e-19)
(0.3134470192476798 0.3616486765887515 -8.862219574226852e-19)
(1.025768593240324 0.1105678484458631 -4.157070544015565e-19)
(1.035618520176601 -0.3944388725571566 -5.290569689463892e-20)
(1.462953067357566 0.1079073501551329 -6.551833174104707e-19)
(0.7776667600233493 -0.8811892187731656 0)
(1.056440536696796 -0.03091645704830529 0)
(1.120006988428474 0.1622815344029094 0)
(1.620551620826217 -0.041384056558738 0)
(0.8163814285385854 0.596447308989384 -1.99705854838046e-20)
(1.489115737041695 -0.3565630046240699 4.527270321994803e-19)
(1.544519288115664 0.1468765772171553 0)
(1.134165513136756 -0.4574471896490396 -1.605567761064625e-19)
(1.464299770738581 0.3442871905064036 -3.571330158108229e-19)
(1.010640214472164 0.02851206332962962 0)
(0.2145651108166183 0.01012481011275925 -2.431599522305655e-19)
(1.339245001466554 0.5116026308068642 0)
(0.9744321878052423 0.007981206192534932 -3.97954536906453e-20)
(0.7625932593950987 -0.2988547884472518 -2.077092747493607e-19)
(0.5084872625191246 -0.07940555072424982 7.892794955581474e-19)
(0.2323226565211273 0.06645274079639282 3.589222893566634e-19)
(1.061357212741078 -0.137882097699376 0)
(0.04540141505082531 -0.01238994155210011 0)
(0.3461402746020242 0.04352833900105909 -3.011381072580227e-19)
(1.006553647610602 0.0177791357086022 0)
(1.456065661252981 -0.009443811980987225 0)
(1.007940698019552 0.02938846686963772 0)
(0.4675343325107649 -0.2710002578846346 -1.010038571623823e-18)
(1.049481718459389 0.08884176546799583 0)
(1.527334402245343 0.03992892249294135 0)
(0.2441344226564881 0.1172226308783535 5.551217948957645e-19)
(0.8788259797597601 -0.3204448934489521 0)
(1.368628203000589 0.05189230011324943 2.704264796865794e-19)
(1.23968033368313 0.20507052299453 2.081573840042817e-20)
(0.8998720303944306 0.5559201841160264 1.514133736047132e-20)
(1.034235927212397 0.09954620112723303 4.690722049972823e-20)
(1.031605504121756 -0.1482046080672457 0)
(1.369743241041744 -0.02400359571786028 0)
(1.291979712913778 -0.1258573253738345 0)
(0.6243940306491971 -0.03786036118715062 -1.364400938599124e-19)
)
;

boundaryField
{
    FrontBack
    {
        type            empty;
    }
    Top
    {
        type            noSlip;
    }
    In
    {
        type            fixedValue;
        value           uniform (1 0 0);
    }
    Bottom
    {
        type            noSlip;
    }
    Out
    {
        type            zeroGradient;
    }
    circle
    {
        type            noSlip;
    }
}


// ************************************************************************* //
