/*--------------------------------*- C++ -*----------------------------------*\
| =========                 |                                                 |
| \\      /  F ield         | OpenFOAM: The Open Source CFD Toolbox           |
|  \\    /   O peration     | Version:  2412                                  |
|   \\  /    A nd           | Website:  www.openfoam.com                      |
|    \\/     M anipulation  |                                                 |
\*---------------------------------------------------------------------------*/
FoamFile
{
    version     2.0;
    format      ascii;
    arch        "LSB;label=32;scalar=64";
    class       volVectorField;
    location    "441";
    object      U;
}
// * * * * * * * * * * * * * * * * * * * * * * * * * * * * * * * * * * * * * //

dimensions      [0 1 -1 0 0 0 0];

internalField   nonuniform List<vector> 
808
(
(0.7562721369650232 -0.01751462398234232 0)
(1.03155195611815 -0.01260095103535237 0)
(1.111318704289062 -0.004622786240331509 -1.716572233135267e-20)
(1.085125926776853 0.01258399175289355 0)
(1.362302136625945 0.01284373543407935 -3.817253049655429e-19)
(1.038748391322674 -0.009425706044273768 -7.325084570529232e-20)
(1.014521181652663 -0.02091181722469845 -2.438386496011633e-20)
(1.079244535715057 -0.005203119733396034 9.052115604473552e-21)
(1.253781066767213 -0.02166650781035635 6.258824334118073e-20)
(1.085323684524988 0.009462495113585564 0)
(1.007600976527431 -0.009807319066074349 0)
(1.304951632308559 -0.05458581133945568 -3.462629564353261e-19)
(1.086416189011487 -0.00197221453954331 2.044923735159583e-20)
(0.6752068175097895 0.006355965080258839 0)
(1.275163114909736 -0.1190639382133378 0)
(1.081766589009917 -0.0004505815976525379 -3.872347438541718e-20)
(1.223933546087367 -0.1469751712113027 -9.509599157889518e-20)
(1.074193416052055 -0.0003522466176279972 3.210918468713735e-20)
(0.9889277324384841 0.003970358117190273 0)
(1.026669186436965 0.009641998280954011 0)
(1.032719807961163 -0.01362852302762773 0)
(0.9875847939704289 0.0451999890458709 0)
(1.051072833652081 -0.006050269017075384 5.803158648033278e-20)
(1.053816920956769 0.008814082023059243 0)
(0.9334247620157035 0.1987199955722453 4.568655235682085e-19)
(1.161583715642666 -0.08688938091132839 0)
(1.185434870239491 -0.01986352539073871 1.540717948959411e-19)
(1.077247676446944 0.009669325209910214 5.235037361001772e-20)
(1.083661173742666 0.002092123755289513 5.125001206866472e-21)
(1.071755117056713 0.03091560252178574 0)
(1.075251438796001 0.002775006848133958 -1.183646214307354e-20)
(1.033297578483656 0.006700901552178136 -1.876660571538643e-19)
(1.06007421340941 0.01451657725483277 -2.350400622987533e-20)
(1.088761903910722 0.00564258892473079 -2.939020704063072e-20)
(1.121699251091081 0.03773355002655954 0)
(0.7548959646546937 -0.121716380629984 -4.549486155996052e-19)
(0.9547762525078387 -0.005810051908836231 0)
(1.068761122476168 0.02222614869301752 0)
(1.068800006280898 0.007224307378682277 0)
(1.073793969823446 0.008714504038646697 -2.818595981319645e-20)
(1.093268462887337 0.02373573241287744 1.079792928435848e-19)
(1.150777170623865 0.002383219274060939 2.116756186732216e-19)
(1.095822132048427 -0.002270862503630127 0)
(1.015169557947865 -0.009334730983365762 0)
(1.129583328605127 -0.0929645806546042 -1.628750517924051e-19)
(1.044071649671797 -0.01169501351731154 -8.367565631702175e-20)
(1.058144252331329 0.02665114632928922 -2.676197177197311e-20)
(1.230259987813012 -0.1126635713059596 -5.560174152818972e-20)
(1.067483887624975 0.01202214425818056 -4.073573683957294e-20)
(1.257623446612089 0.01515405698135291 0)
(0.9970406241644529 -0.01920038949485465 2.214936684152911e-21)
(1.044752380716025 -0.002231621255920114 0)
(1.087453461488687 -0.002130750538444066 0)
(0.9989397417298694 0.007812203560552823 -1.883563247070942e-20)
(1.251410834285232 0.03282611916651854 -2.389734008914316e-19)
(1.063423722022964 0.01810292134151861 5.876449574843355e-20)
(0.9905991834544564 0.01144948443152298 0)
(1.015620656742492 -0.006640923207828638 2.526436211079265e-20)
(1.107540529422869 -0.00123405611361059 -1.156235586664231e-19)
(1.061191179393257 0.0312337289019619 0)
(-0.08702713545264151 -0.007089885690722646 7.694448264397633e-20)
(1.154379779019634 -0.05240114342976165 -1.848662451167066e-19)
(1.004681617419382 -0.005665868963468485 -2.774693229986414e-20)
(1.188203209585767 0.06666380570728321 -1.206110266025892e-19)
(0.9971118290817418 -0.009786537786304592 3.104466007742666e-20)
(1.084184491165228 -0.0054550837190103 0)
(1.249038574237554 0.09289902112261959 0)
(0.6960820725019512 0.003163219024510625 -7.423066738578701e-20)
(0.9882897468970794 -0.01480080901774715 -3.234214801609623e-20)
(1.458137737664033 -0.02005874090950117 4.396697318493096e-19)
(1.060541785091818 0.007606552638064074 -6.531873523703279e-20)
(1.366504682339147 0.09300219561350954 2.838876580830745e-19)
(1.054867340772463 0.006804547832168148 -1.956131654536777e-22)
(1.080948801398273 -0.013981171705274 -2.41655674372647e-22)
(1.163684632549501 -0.2357718540384623 0)
(1.022136657557442 -0.01511977158631076 0)
(1.017286666022907 0.01808623377355377 -2.994787171220147e-20)
(1.387971880330666 0.3487729986006669 4.228056358064347e-19)
(1.097441705083325 -0.04244973405178801 9.592758610145987e-20)
(1.046380799987343 0.2104340358098632 2.414563387446468e-19)
(1.122987516823999 -0.06105563691654454 1.179153656906718e-19)
(0.9219672072446686 0.005175348880634222 0)
(0.97534163575683 0.01852957452772254 0)
(1.004004866459065 -0.04853765341388168 3.143628707393535e-21)
(1.009943883541419 -0.01370615979515639 7.828442554265685e-21)
(1.030539629474305 0.02684277976777278 1.352390274789551e-20)
(1.527064958578398 0.03362301360676885 3.213448298084146e-19)
(1.29043134690329 0.07007872145327733 5.633450745821119e-19)
(1.07247322178095 0.003093115318347592 -8.8249519481777e-20)
(1.194326600236259 -0.09574635977249633 0)
(1.033874964109621 0.001799751029851774 1.290149284018806e-19)
(1.165183492844358 0.02070120613469627 -3.128689358400217e-19)
(1.001500983096368 0.03251835068867073 0)
(0.999627623751106 0.002003038349290184 0)
(1.044279987182557 -6.126675981697777e-05 8.005110880569666e-20)
(1.2182882305943 0.106779775582691 4.073396422141473e-19)
(1.011143961159674 0.006968937962205528 0)
(1.089682050896001 -0.06794033769826836 -1.066261357475392e-19)
(1.151438408203537 0.03610978100796532 0)
(1.216332306220503 0.09118401109527743 -1.907951893180995e-19)
(1.108311148534653 -0.02890710008059341 -7.822965098481089e-20)
(1.027526236799329 0.01192615888781853 0)
(1.085155470012171 -0.004590511397338716 0)
(1.019431375204773 0.0264729587132543 7.840347128450339e-20)
(1.073647279281345 0.05660324992833613 -9.523594787758203e-21)
(1.103724451724596 -0.004210655820945661 6.436853865303227e-20)
(1.106701300590131 -0.09175182990235446 1.499777568800589e-19)
(0.9637170882664111 0.002206886332455491 0)
(1.066022126979391 0.03128913249399552 3.688041863747766e-20)
(1.168172234292303 -0.07689536365799211 2.259336517033435e-19)
(1.052370256638795 0.04729447558254799 -2.849192112988936e-20)
(1.022955319232823 0.06796122242667998 3.647620339760537e-20)
(1.09021967069236 0.02609612431154436 0)
(1.017456607646 0.01431882572595012 0)
(1.028983787697529 0.009362706073972485 7.838999616100414e-20)
(0.9485394849966771 -0.03246762370999205 0)
(1.052900466202002 -0.005438366948887541 -7.408536084288896e-21)
(1.340918838832148 0.05576692702241229 -1.54167741160046e-19)
(1.079684165563851 -0.01316384669795882 2.667187556959178e-20)
(0.7440514403375124 -0.001733513364415382 0)
(0.5883115508254934 0.1896434244979789 -1.132676951239791e-19)
(0.7061026489799807 -0.002481390273809672 0)
(0.6988192808085084 0.01463691110982383 0)
(1.077733228509192 0.003611919435467436 -6.462492579593609e-22)
(0.9906526565104031 0.01447198733277864 0)
(1.279893479138195 0.1219961358930717 2.550384903851132e-19)
(1.012238431972835 -0.02789143254793258 -7.397626882931464e-21)
(1.044020159598673 0.01657991039231187 1.459212683227449e-21)
(1.058613788852756 -0.01213619630601105 0)
(1.126532635174165 -0.009149492318516389 -5.130637484985124e-20)
(1.271381588888621 0.1276673182340781 -2.252330828800015e-19)
(1.08911175923387 -0.01090744473738079 -8.622473826312985e-20)
(1.070947800812086 0.02626087665783696 -1.070324881500661e-19)
(1.04101809270474 0.04679584004259759 7.418174847739368e-20)
(1.02257709764049 -0.003651959383926986 -3.479355216882022e-20)
(1.060960755707154 0.02367658820690502 5.706357446612263e-21)
(1.138342584283514 0.004212040037622109 1.034016262206757e-20)
(1.039301246260312 -0.01404855541286999 -4.770429392562255e-22)
(1.087394542241265 0.03473366420916168 0)
(1.028341795102452 0.01371057554403289 0)
(0.781282161522738 -0.07930403467196255 -1.818541766988389e-19)
(1.030292652841208 -0.001837120373735311 -6.547268878661074e-20)
(1.132122786787628 -0.0009282997132919505 -1.246542848247829e-20)
(0.7034579817335914 0.006556264326967026 7.123054120969409e-20)
(1.17529079998199 0.01903826578357293 -1.971617658388071e-19)
(1.136792774357339 0.004200174045294108 5.190105746494881e-21)
(1.12901587941415 -0.01005447855284108 3.367885278738128e-20)
(1.000933368721176 -0.002965188355061602 -6.736130330590461e-20)
(1.101491604304663 -0.0578229593139751 0)
(0.9898555616562073 0.004870588829828259 0)
(1.057832362542 0.007022415312247531 0)
(1.005955772604312 0.1890831921754097 -2.367424544115694e-19)
(0.7792588131114971 0.01243721360112967 0)
(0.8570361360393954 0.1024001006208491 -8.217353128445689e-20)
(0.09416980912149882 0.03236792864431168 -2.971787893090793e-19)
(1.171818177294884 -0.03169034514462853 -2.291752042976172e-20)
(0.6712609548841342 -0.007338409317544807 2.453743904210474e-20)
(1.164122351216198 -0.1011755432955775 6.931588863610836e-20)
(1.126446141108038 0.0003784227427157918 -5.822631983760371e-21)
(1.153612358912534 -0.04966869273633349 2.227006189488803e-20)
(0.08102975614821095 -0.205226535159989 0)
(0.240782930615672 0.06382336687140691 0)
(1.261456663676956 0.104892459283228 1.856866032937282e-19)
(1.021166721966309 0.01983549379467105 0)
(0.7377151407656251 -0.006253613285846656 0)
(1.074986169647621 -0.01142603574486707 2.742444424040977e-20)
(0.9748713824941742 0.002879457448344118 0)
(1.296818875947044 0.1193951843729545 -1.480076306825107e-19)
(1.057356241072849 0.01095582544986091 0)
(0.9929174186862366 -0.007146366352924136 0)
(1.065171104899726 0.008270212862502553 0)
(1.006242072294842 0.02090617503289046 2.184200519138299e-20)
(0.9343557442187471 0.01005134600414259 1.276902526353917e-20)
(1.176033825574571 -0.1995858428637163 0)
(1.005077344309581 -0.005196773484334354 8.050747937534649e-20)
(1.059191097325232 0.006310129652325024 0)
(0.7745892408197778 -0.003304072022916125 0)
(1.21796210348536 0.02622100761263536 1.619784277896742e-20)
(0.7050219183268152 0.001368751450317201 0)
(1.433138120632878 0.08387558928985547 -5.107136233393384e-20)
(0.9948803406693824 -0.005297976891639155 1.675880386315361e-20)
(1.274106159849048 -0.003929345929445393 -3.005458863510272e-19)
(1.059711121122758 0.009030184150349115 1.327910157199662e-19)
(1.000908088588335 -0.01353345750173999 0)
(1.209403989130242 -0.144703182289349 2.053377590753719e-19)
(0.7331739791443904 0.01378484542600364 0)
(1.098324617745101 -0.004915342066492039 0)
(1.156384662966178 0.06693547015967785 1.889550722379796e-20)
(1.006417927072322 -0.0064800413567784 -3.04791160727513e-20)
(1.122950025064214 0.05170976639551034 -1.718814931055479e-19)
(0.1297650355112784 -0.09405845070035507 0)
(1.073468720936779 0.03892129460476757 0)
(0.661694188238492 -0.002875362814282877 -4.972003509410164e-22)
(1.012107221775006 -0.01957587256430454 9.046681209675993e-20)
(1.061461973759372 0.0008758669799832578 0)
(1.079448615690673 -0.1383133995353995 3.768745474544072e-19)
(1.002683804399833 -0.006133401199481572 -3.291844156187037e-21)
(1.003180182441851 -0.004126043560888492 1.020581452857412e-21)
(1.094001063549472 -0.009202182401684326 0)
(1.020757306144932 0.02031222950298312 -6.647289560751111e-20)
(1.106657440398165 -0.001594425925448019 6.340248448391583e-22)
(1.07449029530592 -0.01080321425132331 6.652413460880851e-20)
(1.085638857072956 0.0221695579429744 0)
(1.326005912966902 0.1556061609211185 0)
(1.002077079027326 0.0005224979129472868 4.407627753871588e-20)
(1.319190075437963 -0.1329791673417644 1.604428784503249e-19)
(0.008927804371197869 -0.1586622277901168 -2.311219750204083e-19)
(1.071105799075127 -0.005355810955341283 0)
(1.111268116588446 -0.00508530453646206 1.164394923446003e-20)
(0.726750099578382 0.01779665718906719 0)
(1.058195557642382 0.01112221613031907 0)
(0.861525913083696 0.1613543247638002 4.592706575523987e-19)
(1.284534130135117 0.1243187861654818 1.896436115124979e-19)
(0.6542196861317909 -0.00310296898713274 -6.532845115517459e-20)
(1.039657569261542 0.005487098391080966 -4.059409855123382e-21)
(1.054812640088373 -0.0002065095845726189 6.44528643992617e-20)
(1.362437186595104 0.1166525207729959 6.559626282659455e-19)
(1.336597289328756 0.2519475848159538 0)
(1.058064440791203 0.009471356239499054 0)
(0.9991041998877818 -0.0041243181290208 1.379856418525e-20)
(0.9931986224017201 -0.002113387955808156 2.762951839513493e-21)
(1.384521706757001 0.1992432028829418 4.324521365945584e-19)
(0.6818592705166716 0.0004982089859343513 9.968526033539871e-20)
(1.005701245792515 -0.002197321965581982 -6.022718536386895e-20)
(1.098166422351046 0.01315187544640206 2.561781466375595e-20)
(0.669451985990031 0.004951170116333891 0)
(1.066085382228027 -0.01202613691507541 0)
(1.012065109211834 0.1391986898021424 -1.424541504217258e-19)
(1.088763913098242 0.001358113685186307 -2.585513388742297e-20)
(0.9819238376448316 9.348249606329287e-05 3.311075376592328e-20)
(0.9912118204945166 0.006000647236385316 0)
(0.6381250939126289 -0.001095151054730736 0)
(0.9767102404288655 -0.001255193115219665 0)
(0.642033798114014 -0.001416763176291117 2.640993401186845e-21)
(1.087735790798813 -0.05549016564539565 1.21425723997978e-19)
(1.109840471324733 -0.00573338378900929 1.141267412804551e-21)
(0.9579802567285457 -0.0008540907236693935 3.878256341694847e-20)
(1.017222947535765 0.01035040886416404 1.740027307154942e-20)
(1.065743628330141 0.007351157824445689 -2.424898065244701e-21)
(0.6347818423824164 0.00886917131092534 -3.613930864891735e-20)
(1.005835550963928 0.01056564941317333 -6.337195509686952e-22)
(1.037850749159402 0.007947231756474946 5.346459335156501e-21)
(0.9856490772283149 -0.00498692911774263 0)
(0.609982759943586 -0.0004421692868404086 0)
(1.069004434083963 0.02250219452757171 0)
(1.016194524928102 -0.01687662797597227 1.031860558772124e-20)
(1.023060329984039 -0.006732124738898185 0)
(0.9931253488347336 0.01359405370587161 -9.835932367810657e-21)
(1.009170294141739 0.003613162423519274 0)
(1.134689004721775 0.002771612530694881 -1.211834845144544e-20)
(0.03142862447267668 -0.1413530767115068 -3.887404831556974e-20)
(1.034317731491496 -0.0180361410664175 -5.973190705148511e-22)
(1.042967453473647 0.007354912713188561 0)
(1.084257952546037 0.07048375681571679 8.43048293695054e-20)
(0.9673162509368418 -0.001355308730104865 3.109519629035923e-20)
(1.020071267184226 0.01676617388302581 -2.238151559230745e-20)
(1.005628116674782 -0.002587188809784886 2.400213630459824e-20)
(1.038910151967562 -0.007860606285058646 0)
(0.6409285014847976 -0.004087192510551093 0)
(1.025961775428114 0.02450557939089993 -7.940109784533786e-20)
(1.087463450301708 -0.001355356980885462 5.09568410664789e-20)
(1.012639655280741 0.007645703963759058 0)
(0.9806861189923151 -0.0004195966960857893 -1.936598109877744e-21)
(0.854746947171837 0.00903582089911106 -1.084609258559081e-20)
(1.013973781151857 0.002721652660689721 -9.507484913656576e-21)
(1.022363131504531 0.002388474667575376 1.868305636134309e-20)
(0.9826035466977479 0.001335452254575211 0)
(1.007606130525103 0.01104604605152367 3.217240053951276e-20)
(1.110816605585349 -0.00106710811834603 0)
(0.9342155133960863 0.01204941246798152 -3.176338648121488e-20)
(0.9533919324108815 -0.0005199826161908095 0)
(0.9012399127802699 0.2021175184779206 4.947784558601177e-20)
(1.011139596927781 0.06743464110153136 0)
(0.9908590314667761 0.00488080249660223 -2.283333994755372e-20)
(1.058006294944451 -0.04920357881079675 -2.796011210731713e-20)
(0.994006556206757 0.0001668965477671815 3.245684936388715e-20)
(1.006829609473793 0.006155667431042526 0)
(0.9802441605603658 0.0006789449308474468 -3.007054830281283e-20)
(1.178391859796332 0.1014175453990313 -3.386904285315825e-19)
(1.068486306107454 -0.2641594382508128 0)
(0.9943317456131117 0.0004730841545142795 -2.267664261501547e-20)
(0.9737851012384067 0.003095733694130369 4.76298789199728e-21)
(0.959989897897701 -0.001497408019974076 1.019606366862896e-21)
(0.745994069465191 -0.001061759398027017 0)
(1.119952820110305 -0.06954959479388602 0)
(1.003739137386518 -0.0001818544774753805 -2.253404199148479e-20)
(0.9086698870265004 0.008736911429361725 -1.071134710545259e-20)
(0.8407456477791764 -0.00128107151198165 3.567223891459461e-21)
(1.012410038509237 -0.007085242499762612 0)
(0.9622236378938421 0.01387373518520302 1.488940150920585e-20)
(1.005625975076319 -0.0001965233854005214 -2.241733436560168e-20)
(1.026413749441955 -0.002228709638445698 -2.481653344565012e-20)
(1.114206954043813 -0.003727163415130476 -4.908971510702721e-21)
(1.116488281171048 -0.00467629572847984 0)
(1.009870175934684 0.0002567097745978106 0)
(1.022696658434074 -0.002929647990254442 0)
(0.9447834747264966 0.006257158178271537 -1.979978235860455e-20)
(1.017863285185746 0.01337407700565074 5.622491784372686e-20)
(1.088145924816488 -0.003941993769169549 -2.359972094559639e-20)
(1.038743926863834 -0.003663743284039153 0)
(1.109044241547118 -0.002449595940282198 1.835430313739577e-21)
(0.9942670793108526 0.00110067840862158 -2.245494710764508e-20)
(0.9802544896890167 -0.0007880046923473527 0)
(1.009931933228949 0.002477176420287403 4.692368456418596e-20)
(1.363331348835375 -0.3140268775942162 -1.120066489393412e-18)
(1.120707594702125 -0.04442637403566715 -1.110406230449304e-19)
(0.9716852466606803 0.01086764255270165 4.457841881704825e-20)
(0.7668692171830066 0.008311890799817111 -3.563342159467392e-20)
(1.223866446338105 0.04958580953043438 0)
(1.216259566857053 -0.128596935771143 -1.481831880735814e-19)
(1.085450782908768 -0.004718083086979305 0)
(1.008669319171668 0.0004339564646934153 2.292322004915889e-20)
(-0.2006008175018681 -0.1101873473514881 0)
(0.9939691402644524 -0.004669847116219749 0)
(1.012332600275505 -0.0230373038043975 3.917565576539325e-20)
(0.7064045815131577 -0.01943256410868516 0)
(1.096790693580318 -0.01490165396109111 2.329894577414186e-21)
(1.039146329569172 0.002780674125733132 1.538304168836243e-20)
(0.6332251792206064 0.004138624340477119 0)
(1.446408966997797 -0.124164843433439 0)
(0.9857751926306226 0.001988424143344041 -1.066577995013914e-20)
(1.06967041095328 -0.01508299694069546 0)
(1.037817377055287 0.0005195665714544438 2.044423477728501e-20)
(1.084008936549076 -0.001026364852542698 0)
(1.012146137956375 -0.005835718808558966 -1.204014925971643e-21)
(1.00598908698914 0.003304306166491403 0)
(1.007956699563453 0.003659384600399696 -1.262132649068302e-21)
(1.004373218494872 -0.02031495615377491 0)
(1.036251530910079 -0.007885068441477622 1.79293091831129e-20)
(-0.1929673229558537 0.04062591984840845 2.809833979218112e-19)
(0.804031046681696 0.02855155530399598 5.932773815091757e-20)
(1.005079695816753 0.00211468704141498 0)
(1.121970833551213 0.01064922680679932 -1.203211084565501e-20)
(1.110393660020369 0.003902721944550369 9.260714088172529e-21)
(1.054246193993024 -0.01275368397958385 -1.327825303992123e-19)
(0.9987721745953682 0.01040080573706947 -2.921135143068199e-22)
(1.083748557567383 -0.005770420305972399 0)
(1.188960487512374 0.05067317123515165 0)
(0.8350751244879833 -0.0747726784916595 4.606959116585186e-19)
(1.089358023241863 -0.003705938347125289 0)
(1.033851385831504 0.007844996429980634 -7.706068025227598e-21)
(1.042544099264511 0.005357894522620581 5.643372239487526e-21)
(1.053517137069219 -0.05835162237028785 -7.597547977188568e-21)
(1.139374549784003 -0.002027300690250103 1.722228028712497e-19)
(1.081577401657055 0.002238024425426102 0)
(0.9942939981653622 0.001946668535117253 0)
(0.9980497415240384 -0.02639730484237108 -2.437612820243245e-21)
(0.990606546410143 0.003617144815682859 0)
(1.030648951556172 -0.03660456067407707 6.516738326755492e-20)
(1.29132702590646 -0.09808025017052936 0)
(1.040683887203727 0.001654454784770938 -4.251057129343156e-21)
(0.9861870590311211 0.01689784018047014 -9.068972653481076e-20)
(1.033566685535204 0.04314831642048358 -2.321802644720219e-21)
(-0.07551989471653202 0.1877429042760948 -1.738858252616011e-19)
(-0.07001388059001343 -0.2866103218209445 -1.295786560864525e-19)
(0.8811932998347486 0.1183133556634968 0)
(0.2771127387794536 -0.02812758726895801 -3.02098953523059e-19)
(1.007916210778383 -0.005195623211827565 -9.535424743859601e-21)
(1.063951030324969 0.002717290760727702 -2.063262176850842e-20)
(0.9921018597078332 -0.02172848734829355 3.102132032211556e-20)
(1.026772328438708 -0.03031897914831157 2.691337829882486e-21)
(1.009899854097223 -0.03056779125513303 -6.710131449040914e-20)
(0.9888320319799433 0.004882221403834149 -3.491936567672954e-20)
(0.9936634353998647 0.005023825149004192 0)
(1.02446968620464 -0.002212394744664864 -3.474133524248126e-21)
(1.931470517365704 -0.1564936645689427 1.066064025307908e-18)
(1.047219099089191 -0.009986445902407475 0)
(0.9966706265667306 0.007955236178792298 1.488765177323873e-20)
(1.003635285737471 -0.0005484851816684312 3.991379473229218e-20)
(1.169213190052687 0.1594193673057695 0)
(1.005978937406 -0.01906405895173935 5.136252356055271e-21)
(0.9532214561406664 0.003776562379966527 0)
(1.037844597972301 0.04172591922375361 0)
(1.301156118325448 0.1497304626501933 2.221459649829987e-19)
(1.076589148217889 -0.0004359102688973696 2.334980076175182e-20)
(1.016002119018716 0.03060023140738774 4.457730141747824e-20)
(1.078999428370314 0.004239026459463511 -2.248088583458139e-20)
(1.057299513115351 -0.02306861844480728 -5.474728684339647e-21)
(-0.3896625959304502 -0.04504609046012423 0)
(0.9995902224204184 0.01255505007838825 0)
(0.1240213530033109 0.05352912367334662 -9.481506517231563e-20)
(1.005982766974281 0.02032540375584589 -3.991439160267831e-20)
(1.007073669384824 -0.02674966267619916 0)
(1.001096454470243 0.00530644467744471 -4.868607063539629e-21)
(1.082034139594753 -0.04237673646739415 0)
(0.9940174041034344 -0.01876774460609931 -8.142539978099462e-21)
(1.100378974353572 -0.0509929778502496 0)
(1.442991616844455 0.1693919651823924 0)
(1.054843543144645 -0.01193438520965778 0)
(0.9915330021714148 -0.02489745453249506 -4.16958940930258e-20)
(0.9930497498689824 -0.02468804766131627 -3.470850103845052e-21)
(1.016610712150959 -0.02184762362300529 -2.171474779575164e-20)
(0.9966217947896474 0.01693141215501104 -5.392294640888338e-20)
(0.996115556314331 0.009573793822762623 -1.450907918062427e-20)
(0.9954635373669908 -0.02766464200378059 0)
(1.001625034062586 0.02413451239382227 1.874147968613636e-20)
(1.044339609595028 -0.02414413426894766 0)
(1.110907681983086 -0.03638054732316603 2.526442267400418e-19)
(0.9953179609564066 0.01655607335041545 4.460523305263398e-20)
(0.6150390762807977 -0.008695258372982118 0)
(1.155142449103318 0.161593977566071 7.948765278073239e-22)
(0.8263280953551255 -0.07940958759251268 0)
(1.13859397443863 0.07257318657310786 -2.797405471375969e-19)
(1.314621969681854 -0.3886678388742105 1.277979573271147e-19)
(1.070815814490977 0.06694971466592005 -1.25219175415732e-20)
(1.01178978151733 -0.03054646498859436 0)
(0.9552744243169632 -0.2148711827137998 0)
(0.5495040160129824 0.1781605040695417 0)
(1.015329892128709 0.01315309481649526 1.074335158034837e-21)
(0.7094501232105433 -0.0154039311202742 0)
(0.9988422263629455 0.01622746104614958 3.436730182217589e-20)
(1.02660918867993 -0.001007777164919451 -2.67341494018073e-20)
(1.079017663318913 -0.008020139032218919 2.632290778337489e-21)
(1.054750381356125 -0.02595889001189098 2.537241051587633e-20)
(1.042896070158396 0.01148007593419966 0)
(1.056715685203115 0.0206620631360829 -8.758794353080548e-21)
(1.050703184151211 0.03625253209430723 -1.766045614467096e-20)
(0.9838802250840739 -0.02230419199741948 0)
(0.6248800838118521 0.005112876024469561 9.17043581534941e-20)
(0.8941608908514983 -0.005950323010409194 -8.845912600660054e-20)
(0.9093610220119156 0.005225364050411904 1.451166902093385e-20)
(0.6296480058951698 -0.006440773414609902 1.410895013973724e-20)
(0.9809285897889193 -8.59087285986659e-05 2.46787744747642e-20)
(1.00440844688494 -0.01754293277888017 -3.30789824736965e-20)
(0.9815635263754806 -0.02870352473119016 -2.737712743978558e-20)
(1.085641915970132 0.001580631424985992 0)
(1.019203493588075 0.005331933376126314 1.049865272855687e-20)
(1.132784349576532 0.04825713979306597 1.349172286151723e-19)
(1.031471967076194 0.04252522545091382 0)
(1.022572352692244 0.002608591264520776 0)
(1.582149610806718 -0.1681931794854569 4.358911149088649e-19)
(1.054795383250225 -0.03720234901134853 0)
(1.02107781206291 0.01061557563383734 -3.605152638603181e-20)
(1.082853589885044 0.004470931893816952 0)
(0.4930826541625793 0.003604830141207143 0)
(-0.00509352815143409 0.00814939981073191 0)
(0.9911109601981617 -0.02355823255040486 1.2535719120321e-20)
(1.300656508991345 -0.09680050067455646 3.666124698202958e-19)
(1.030863001631724 0.03667368317886889 0)
(1.02254406700664 0.003569064571970864 -2.177813845686313e-20)
(0.9307435102387245 -0.161215619877649 -6.277520613519754e-21)
(1.256239848888615 0.07383849245991737 0)
(0.5981161327487148 0.7304450535497591 0)
(1.307108173737601 0.1407627819984579 1.037733934970231e-19)
(1.674820724781639 -0.02665859778887707 0)
(1.063819720800926 0.1331404252909194 0)
(0.7265361727110516 -0.003703127412019692 4.069287189768732e-21)
(1.046313539266636 0.04709607552431849 0)
(0.7487727454828754 0.1146160568939176 1.387883463539585e-19)
(0.9968143176847765 -0.01629689035789133 3.585266067760345e-19)
(1.038843288086173 -0.03920567933515598 2.702901260320836e-20)
(-0.3741132101024712 -0.05489148404380378 0)
(1.072161857153823 -0.01618825347317391 0)
(1.085174123489526 -0.0115489681672934 0)
(0.6480827516025024 -0.5027923870546378 -2.492810934803622e-19)
(0.9902561990555769 -0.0001138649035351733 0)
(1.092227791737346 -0.0219824739636277 6.789202974845905e-22)
(1.188344498574405 0.1207103030173755 -2.046418117359712e-19)
(1.099591898147191 -0.04375489986520638 0)
(1.005767097292496 -0.02073497764388763 0)
(0.7766245202915887 -0.1909158146378112 -1.642596099378779e-19)
(0.8872271022446285 -0.1414968691752674 1.455962311076409e-19)
(1.033995248151342 0.01265362606856419 -2.050733318035622e-20)
(1.023131985650312 -0.00908543926015784 -4.284808766043342e-20)
(0.8725027396553167 0.0009204555533958216 1.181840683477038e-22)
(1.503717782221904 -0.1948167268109901 0)
(1.307636901269703 0.1098767842871971 2.995202237296639e-20)
(1.241009690399503 -0.07787217132756394 -3.267130871543696e-21)
(1.095817621162759 -0.01875706162670447 -4.016159389066782e-20)
(1.037270348220594 -0.01817221620846109 3.086167457885207e-20)
(1.092813787026966 -0.03912940481029599 9.55506875796634e-20)
(1.03234135646523 0.02052481603309247 0)
(1.051424611936017 -0.03462502797109393 0)
(1.115894896591065 -0.00899626353774375 0)
(1.100672323622343 -0.03850213504563588 0)
(0.9982736492563972 0.01080231059726997 0)
(1.153887064834536 0.07991985158639732 9.398394856185133e-20)
(1.342133566743099 -0.1599629024780567 0)
(1.04066614633213 -0.02701339073295039 -2.592202085373734e-22)
(1.048474560350131 0.05447873146592174 0)
(1.010098144061544 0.01415960729943121 -3.797229434083051e-20)
(1.033573282305455 -0.007677614343112189 9.374664851006401e-21)
(1.088967800238908 0.01339210737680593 -3.168153888051635e-20)
(1.084357123152455 -0.02866159986015266 0)
(1.072706402095586 4.651206787643603e-05 0)
(1.101230029979851 0.09246787148360153 -1.397448435884106e-18)
(0.9350976131795425 -0.1489438719194363 -7.106853472959934e-20)
(1.17832458159431 0.1158827968261356 1.144263070039974e-19)
(-0.4554599738724135 -0.03057831349703774 -2.917630926603893e-19)
(1.018290619789525 0.02965912125800833 -8.555341684352321e-20)
(1.007173755460046 1.044521758228399e-05 0)
(-0.2422392731690189 -0.003489580788655155 3.578694870384412e-19)
(-0.03335558438492477 0.3162616832957289 7.646270974022343e-21)
(0.9952078444379343 -0.006294364287060514 8.953800513876022e-20)
(0.1829572891361319 -0.04474617882194989 1.282750529499217e-19)
(1.088033489650892 0.0913492012154712 1.424970994741353e-20)
(0.09340100100618454 -0.108983148297921 -5.397118481290666e-20)
(1.108322189226574 0.003097000467483128 0)
(1.094326683441912 0.2490543901301844 0)
(1.021070431705418 0.0216532059508117 -1.675488167270931e-20)
(1.06224010031997 0.05708216789418585 0)
(1.024736581445006 0.02378790946383105 -8.289096525464889e-21)
(1.261573258851595 -0.5483127788515864 7.993244070628417e-19)
(-0.09984263114660613 -0.2393676629213368 2.076349261627551e-19)
(1.299845180096586 0.110874657817945 -6.1197318483371e-19)
(1.123775986845662 -9.017494042593547e-05 0)
(1.127861643603506 0.1080689871425123 0)
(0.5200574326570593 0.07593135618200539 2.401132548592313e-19)
(1.02323233464104 -0.02040396710561738 9.600017067566119e-20)
(1.005988273602334 -0.02312964064717762 0)
(1.212200923557842 0.2708398321420488 -9.797778981555928e-20)
(1.255172487389463 0.1255060541858435 -1.49325956532947e-19)
(1.026496410268313 0.003023086900386302 1.592924464695641e-20)
(1.29648555369329 -0.08517622294037895 -4.948925634303808e-19)
(0.3094020497828616 -0.02397286674265391 2.9212110728848e-19)
(0.8346395201374228 -0.1504707276224184 6.930974993691927e-19)
(1.045427925720245 0.06271157868719743 1.102100703947383e-19)
(1.038772391921343 0.001759198251908506 1.429389709785137e-21)
(1.000728152782873 0.01931181649287578 2.841100255124923e-20)
(1.066485713545831 -0.03685641817648725 0)
(1.034556715186418 -0.03845663424569724 -1.442888772714815e-19)
(1.016786402193041 0.03475463929213966 -4.544888312103462e-20)
(-0.06745638261049969 0.08475318278781316 -4.93102553567272e-19)
(1.010830030453516 -0.05784851924463595 0)
(0.8988672755752652 0.007868827666159182 0)
(1.092543707882846 0.001186467726426037 0)
(1.359479476979867 0.2554729215471843 3.730932718681715e-19)
(1.693342058956723 0.1023343420943453 1.31899073897178e-18)
(1.406821468328819 0.144934085889816 0)
(1.033010922241737 0.02068376358742237 9.98883876540068e-21)
(0.3425808129436552 0.0286816843485715 3.207881381714101e-19)
(1.127935715938593 0.001815148329673438 0)
(1.097844766617121 -0.02718777650363868 3.271200007887605e-21)
(1.09696049468021 -0.0324111789581901 2.689798031167288e-22)
(1.139304383541255 0.1053546358427162 0)
(1.300936653958021 0.05371585720231738 0)
(1.039886314831143 0.001093855543790454 1.169308898209128e-20)
(-0.150484756829026 -0.1050499639012425 -3.810115678508618e-19)
(1.325591860367944 -0.1537466459666105 -2.170725575191626e-19)
(1.067894125862041 -0.007363025845095792 0)
(1.013249428158621 0.01527582722138841 3.006713414132983e-20)
(1.149570461473247 -0.08987521639963308 0)
(1.016195738972227 -0.01743973062772152 -1.147329791341445e-19)
(1.030662274830377 0.008022311957368702 0)
(1.511253977499796 0.08583160663376131 -2.798612023479762e-19)
(-0.05479288330027061 0.03702158584856506 7.819391586708629e-19)
(1.098102783928515 0.05171148425644604 2.069660146413437e-20)
(1.092789496312672 0.07875560763763714 2.145086597932297e-19)
(1.009919135114691 0.008531422168593926 -6.059150568360563e-21)
(0.003724358834093527 -0.1153826493544706 -4.727961093300493e-20)
(0.02024773610204199 0.1055612198137373 3.745083462423484e-19)
(1.235671132414059 0.1413985960991637 -1.619749088135578e-19)
(1.103337442356356 0.09327963677816875 0)
(1.087828035463239 0.02510516339608933 1.785498228878738e-19)
(1.007152940696913 0.02207640254060593 1.763324405624095e-19)
(1.028604766006227 0.0009698663475417133 -3.686485348023772e-20)
(1.22372951563421 0.1431774760939643 2.628112569402969e-19)
(1.397047952257064 -0.134680538166121 -2.101487329453242e-19)
(1.066021120613869 0.05008386497156736 -7.380842853936807e-20)
(0.9937207681658223 0.006810449098220686 0)
(1.079223372815986 0.07406186371349525 0)
(0.9796435700503918 0.00565797210791009 0)
(0.9944406233469407 0.00865460597674431 2.30863899558431e-20)
(0.4950616735424026 -0.07582694883091173 0)
(0.9921034873006915 0.004224489466380927 2.373506974088035e-22)
(1.290227409222106 0.07567494327632891 0)
(1.005454634661542 0.006914158412268242 2.205373702766988e-20)
(0.8031070414988127 -0.1240058001096273 6.003619180117435e-20)
(1.096964583896215 -0.02198157136543229 -9.262916442773724e-21)
(0.9398585276688237 0.0165647462758283 -1.770417208774834e-20)
(1.442982140716919 -0.2862932703340546 -5.394825000516108e-19)
(1.137495726502261 -0.09252521447862247 4.755446717583251e-19)
(1.08876171221592 -0.02521253578827353 0)
(1.930690921805448 -0.4707592114632086 0)
(1.620901146012903 0.1876329438820203 0)
(0.9843008075717962 0.004731224239478029 -9.667433274249159e-21)
(0.8597813994715382 0.7744407185138789 2.417058707433132e-19)
(-0.007572544836245735 0.2014973446846612 5.548674414531984e-19)
(1.042179827504731 0.008537250011349506 0)
(-0.2203495926768074 -0.08995086247184438 2.026503868590746e-19)
(0.9845262372284853 -0.002687825593809349 4.118502788926686e-20)
(1.181301948509146 0.1614334423564364 -1.651877102624261e-20)
(1.044548346364651 -0.02226062611733515 5.426104569047613e-20)
(1.045049331071202 -0.139461913216908 1.420617185164622e-19)
(1.136787416273464 0.002186320614439059 4.517871412992946e-21)
(1.103575971410499 -0.01559866246955126 0)
(1.311366493489828 0.5306749706047642 -6.052038517992036e-19)
(1.030622520935467 -0.00211575350601582 -2.153801689858863e-20)
(-0.2906821187582638 -0.07159718788904584 -2.030134492974777e-19)
(0.6794820260343702 0.01845955608688632 0)
(1.086354525811444 -0.6975490350520229 -4.804601093029108e-20)
(1.315993944731924 0.08524998025711283 -1.111751313242922e-18)
(1.114212448848467 -0.1084648126266041 0)
(1.088108803171046 0.2795041445104736 0)
(0.9724393045999787 0.003680744375325543 -6.171838336348879e-19)
(1.063187586023113 0.0104392723562383 -4.357277297621171e-21)
(0.9245749208786221 -0.01212061476558203 0)
(1.090656937592421 0.03086387211239578 -1.761277985902413e-20)
(1.367142761214442 0.2117992545689175 -1.824695415511476e-19)
(0.7324375375663061 0.09850914525045232 -1.050294200027635e-18)
(1.078940751571672 -0.0005788874265812795 0)
(1.26276896635746 -0.06060045831502132 7.097127272519527e-20)
(1.006264055788886 -0.0003727887209622868 0)
(0.8483933223685642 -0.7745084993173584 -6.570627413410131e-22)
(1.081627718899341 -0.05222229370967294 -1.074811190668795e-19)
(0.8766785876365412 0.3256198368023693 2.917903660289252e-19)
(0.8363430377812899 -0.2021417726698182 0)
(1.030943132590795 -0.03464185679586341 0)
(1.053965733622773 -0.02822265129718319 0)
(1.008317530397666 -0.001001168126902358 0)
(0.9811508946677293 0.006174623045474653 0)
(1.35009079935574 -0.2394507624587974 0)
(-0.08293098312876014 0.1708315726200848 2.458869539198572e-19)
(-0.02844925665326613 0.07331376625916586 -7.471082588664653e-20)
(0.2147764426356678 -0.1090377064157171 -4.271724459776237e-19)
(1.518362361940929 -0.4383649273965124 0)
(1.034570121932547 -0.01648141986563107 0)
(1.769885978190514 -0.7579476385122395 -2.336744630381773e-19)
(1.134996776104651 0.001366193511630501 6.241592594662357e-21)
(1.325146215018308 -0.09282600086579024 2.853942206559985e-19)
(1.108870197757668 0.7095395642796499 1.433839239908148e-20)
(0.3390500482016996 0.5939312711887766 -2.182641544867655e-19)
(0.6766813849547836 0.4598781747949912 -4.758825883373314e-19)
(1.050017150959517 -0.1563962206571487 -2.096038166296334e-20)
(1.225022547246051 -0.3599340251179862 0)
(-0.05103601591184099 0.1953146830314215 -7.50501308549825e-19)
(1.047049481860695 0.02350180438367868 0)
(1.103534173631668 0.03452383712415086 -1.57272346967493e-19)
(0.8152196081630363 0.8973284800442296 0)
(1.063899789882558 0.0370532146729168 7.579149815766427e-21)
(0.2709287320582252 -0.06891430113565229 0)
(1.101294306898918 0.02419096705118568 2.449107441346139e-20)
(1.372613407849665 0.3246932637038534 -5.587264399897855e-19)
(1.07444096835457 -0.01243537072826015 -1.677260622191107e-19)
(1.471741491146051 0.1587984648751732 -2.552502125671478e-19)
(1.332548818426112 0.4187230309704848 0)
(1.175573988001175 -0.2722168163307496 0)
(1.302614942572341 -0.1382767888917236 -1.233579273285155e-19)
(1.066872682101635 0.01621524783555684 -3.335321939570877e-20)
(1.060639507945293 -0.01201879225004831 0)
(0.7368742683172765 0.1406387910716903 -1.093950021183651e-19)
(0.7736629655452887 -0.5758371441969701 -5.794421814714751e-20)
(0.6668909586159543 0.2046892374409931 9.573509343910337e-19)
(0.9792546278482902 0.1082457968657904 3.3537343586362e-19)
(-0.003820958470991732 0.08613314792091407 0)
(0.5640250260511168 0.01103726536335166 -6.507290491871206e-19)
(1.058438625201781 -0.03889920612014214 -1.902905486905625e-21)
(0.7005616859318782 -0.1248177187894496 -2.838920901720133e-19)
(0.001058621474577929 0.2185277365569451 -3.138274538708008e-19)
(1.179875920020428 -0.07839602791590393 0)
(0.3978301624577608 0.01417681761990425 0)
(0.1606476299142073 0.3726020898884443 0)
(1.443153074947177 -0.2651116552265825 0)
(0.2339272582452179 -0.3566361640648559 -6.425961752970826e-19)
(1.594374029328665 0.0381996145570332 -3.852984050916811e-19)
(1.025259237915069 -0.2013592439481041 0)
(0.6695215447288909 0.01456540671528717 2.452468976572802e-19)
(1.02469019242223 -0.01085410019532904 3.565225412995804e-20)
(1.138708290288118 0.2360692898226235 0)
(1.736575477427043 -0.1130077891479937 0)
(0.5804637755184483 -0.735992623045869 -6.727446940432162e-20)
(1.269364020033404 -0.1098330605585134 -1.014956431888418e-19)
(1.407995122756766 -0.08738244036690701 -4.360383417899659e-19)
(1.485132386047497 -0.06744552726703343 3.702568085010138e-19)
(0.0950128059499237 0.1013276969518206 0)
(-0.1042231266190827 0.0842436721778199 2.853415617293623e-19)
(1.038256177484145 -0.06335205463839372 -4.721100597052809e-21)
(1.119877077388023 -0.1403770146356111 0)
(0.6404890770278343 -0.3554211927818858 5.223835278550922e-19)
(1.048830589658874 -0.06324079260257497 1.358201116707901e-20)
(0.84204696506829 -0.1411269505922179 0)
(1.313677476624418 -0.1373182427873018 -1.087879523340075e-20)
(1.119840241140448 0.0845149736702223 -4.355728100942674e-20)
(1.091042465165009 -0.00495272605775784 0)
(1.128478471912747 0.5708213050788707 -1.129777734660937e-19)
(0.3418894379873697 -0.5981463109671349 0)
(1.060622679545306 -0.003242572309795284 2.81085792248668e-20)
(1.096945526308003 -0.005705721716771202 2.693680455899911e-19)
(0.08735116489825449 0.139255923630469 -1.728399345344176e-19)
(1.181801402615985 1.002595334925682 -2.253518751448552e-19)
(1.367891487412215 -0.1385735967886869 -8.750038047887323e-20)
(0.9460045506304385 0.1303172111092627 7.078029855172525e-20)
(0.9977858535185311 0.003698544833601419 1.018726887409448e-20)
(1.05537506848439 -0.1450445544759661 1.824574025917326e-20)
(1.506827898967798 -0.9479951586204236 -5.210002448962799e-19)
(1.53426415260096 0.9510579366177182 2.377143497190884e-20)
(1.429656848813985 0.2221094717426297 3.343582631862692e-19)
(1.028535570082341 -0.007318573246196357 2.09828122698997e-19)
(1.035346645986785 -0.03314272107965588 1.581951896490254e-19)
(0.9916677426633741 0.02192419363825075 -1.880964785365918e-20)
(1.057937706142349 0.03843957783016519 -1.486208344581512e-19)
(1.078791802145918 -0.06552778426425544 2.821285161951244e-20)
(1.436560096108684 -0.1383770942829624 3.433708492758434e-19)
(1.821712188565087 0.749138048292993 1.869599804405622e-19)
(1.03269624466942 0.03041639718689172 9.622785851740642e-21)
(1.071884131323359 0.01376542841624917 -1.074486860089939e-19)
(1.989766138769988 0.478186483267264 5.386326017338362e-19)
(1.933020900755197 0.1599082894801595 9.399463432389234e-19)
(1.082128315323154 0.639396856270782 -9.915469484867503e-20)
(1.110021746167489 0.1717211574318653 0)
(1.044119902230312 0.02304323786892067 0)
(0.5109954687222219 0.4402506780836071 1.160359766391396e-18)
(1.374640578279043 -0.2989181791086177 1.858628278438692e-19)
(1.188194288029438 -0.1476390795945798 0)
(1.635424028004906 0.2356953644374151 -6.240003907587866e-20)
(0.8101502152575231 -0.1555841335181554 -1.324749173561853e-19)
(1.326203732892413 -0.2095027492809834 -8.980313928245544e-20)
(1.250777508184417 0.3898657379782435 1.45865442910908e-19)
(0.492607003902909 0.1971787721554172 -5.594452436140701e-19)
(1.690928730928218 -0.02105426011627524 3.316475563076282e-20)
(0.8554248722988966 -0.5441326028608376 2.301823447516889e-19)
(0.9984715460300385 0.02351556559603588 0)
(1.622029508242688 -0.1881500876736788 -3.146035971861388e-19)
(1.090492616044828 0.1006197749994002 0)
(1.340313409434191 0.5816094682815 0)
(0.9417464110492804 -0.4132522489810864 -2.785366634960365e-20)
(1.247504822782619 -0.02714244268633694 0)
(1.038292427862321 -0.00370157846546789 -1.268713010350758e-19)
(0.7221689362804805 0.1068793176810981 2.936567378368174e-19)
(1.322804922898782 -0.581026639555725 -5.535061582989636e-19)
(1.051178450804853 -0.6324567602459564 9.365699497881987e-21)
(0.3512255575172066 -0.3764070419511232 -8.636413279183049e-20)
(1.00698891359636 -0.09535501760188103 0)
(0.4461423379433614 0.3033063536861911 1.679273426559119e-18)
(0.2888877318514294 0.02977823076267548 0)
(1.311361966948609 -0.140873193591609 8.153461962352591e-20)
(1.57447649897353 0.1888710843714529 0)
(1.16749947832299 0.4473035617957243 1.356258055402054e-19)
(1.053657096563431 0.1532169852245984 -6.144100098951188e-20)
(1.031736856863025 0.004487722595987943 -2.049270223890849e-19)
(0.9575038786098649 0.4099111844285879 0)
(1.161602140979447 -1.009780973256893 5.769847590207617e-20)
(0.8910467133455902 0.01040777098404172 0)
(1.069728757037337 0.3795265822121585 0)
(1.053474409511536 0.02877927617212137 -3.927787105364083e-21)
(1.471416381711437 -0.2996274315404939 0)
(1.243148584022289 -0.1851925961727079 -2.918007331647544e-19)
(-0.004092503464358204 0.01642135656442666 -2.040961611500946e-19)
(0.2390331057877833 0.01960034126751103 8.860313520158163e-19)
(0.9809428351021973 -0.09827310703225375 0)
(0.4725300459757985 0.6482309892013748 -2.535435323756941e-19)
(0.9174751432211058 0.03077937147655072 0)
(1.5393193279883 0.415282292654655 5.510736115286575e-19)
(0.4761794097374973 0.1375924212929317 -6.137260001721577e-19)
(0.04833187205405308 0.1675333661535069 0)
(-0.4232664253075583 -0.05975888883217339 0)
(1.032316135350084 -0.0001529439026386839 1.298896125389207e-20)
(1.65688005771213 -0.2265311105334567 -1.094425750024083e-18)
(1.108607579684162 -0.5627584966269759 2.343596551027901e-19)
(0.7820243881834096 0.3340415907992317 -8.715468107715419e-19)
(0.918486214525818 0.1318978970616532 1.476616315130131e-19)
(1.043696359117868 -0.003553691620770925 0)
(-0.2930763870174323 -0.1120699946629976 3.907542917862301e-19)
(1.033542180460777 0.04674412085905907 0)
(1.199418410794416 -0.2462594380445052 0)
(1.563559517057522 -0.1910788171633246 5.223300970196875e-19)
(1.126318653361721 0.07713296118577165 -7.527443108498909e-20)
(1.074172413268006 -0.1480092823524184 8.422408676506189e-20)
(-0.04515620939942499 0.09558532680548613 3.456648912400522e-19)
(-0.07742463303498946 -0.1647281541610865 2.717990692496051e-19)
(1.069198937589717 0.2093703391674807 0)
(1.097713047803428 0.0607677504718006 2.106153061433133e-19)
(1.491312705627525 0.2839192938560984 -3.557837726726149e-19)
(1.321898573659849 -0.487338733140695 2.348442830593095e-19)
(1.148189690737996 -0.1449662863486413 0)
(1.12154627867184 0.1504809507460243 0)
(0.5263649627777606 -0.6885988612930752 4.158888154466799e-19)
(1.31338943133547 -0.04075323288580388 -3.013808835920355e-19)
(1.000149057019768 0.09831974076397672 2.462939298561766e-19)
(0.3129440887523132 0.3568809040771245 -8.891996548754583e-19)
(1.024744530897967 0.105212102656531 -4.005932868131306e-19)
(1.036569709215028 -0.3958852978913094 -5.23208878218133e-20)
(1.461211709213824 0.1072528933541581 -6.578840572619133e-19)
(0.7793465918927951 -0.884196870155096 0)
(1.056611562217929 -0.03088619434668192 0)
(1.137960957098008 0.1647656619346705 0)
(1.618631525009871 -0.0419881427384341 0)
(0.8151562299576124 0.5942292511922115 -2.013589018749109e-20)
(1.49087249197037 -0.3574644007682628 4.520362650233888e-19)
(1.542652114749391 0.146247568137672 0)
(1.135400396424227 -0.458939694299571 -1.611072768241641e-19)
(1.462448393788512 0.3433739483093917 -3.577534197006185e-19)
(1.009503251776957 0.0284347215907856 0)
(0.2191742098708405 0.0009780783669474157 -2.522669856410957e-19)
(1.337407680210163 0.5104266593935118 0)
(0.9763491137141693 0.006916604259317052 -3.885587533029607e-20)
(0.7630126957771427 -0.300720665985763 -2.071253773685803e-19)
(0.5084195529351637 -0.08188208001382487 7.888025082762979e-19)
(0.223877092217284 0.0489764273462735 3.753065662750618e-19)
(1.06168339530001 -0.1382801757362556 0)
(0.03598709675000632 0.004989534899733886 0)
(0.3449591238638691 0.04082993991350594 -3.01718962286922e-19)
(1.005732869433021 0.01767315987496257 0)
(1.45412448640893 -0.01014580974007216 0)
(1.006791017543877 0.02884055278561821 0)
(0.4685717853051679 -0.2738225553101554 -1.007333256821894e-18)
(1.049309323439507 0.08870348267318517 0)
(1.525378666661808 0.03916269177881099 0)
(0.2286370902610636 0.113771772690634 5.4349024203594e-19)
(0.879391185180815 -0.3220041030519704 0)
(1.366980322850389 0.05144149940487007 2.71654031441004e-19)
(1.238612120270761 0.2044032915332333 2.094140352370599e-20)
(0.8987562253042951 0.5540702921020294 1.526180490269776e-20)
(1.034026292317161 0.09930494676758479 4.57852626833183e-20)
(1.031988661707615 -0.1486984379605952 0)
(1.367885455316057 -0.02449662911791865 0)
(1.286838445783153 -0.1235287892915947 0)
(0.6245623121202222 -0.03994735776170873 -1.36402444340502e-19)
)
;

boundaryField
{
    FrontBack
    {
        type            empty;
    }
    Top
    {
        type            noSlip;
    }
    In
    {
        type            fixedValue;
        value           uniform (1 0 0);
    }
    Bottom
    {
        type            noSlip;
    }
    Out
    {
        type            zeroGradient;
    }
    circle
    {
        type            noSlip;
    }
}


// ************************************************************************* //
