/*--------------------------------*- C++ -*----------------------------------*\
| =========                 |                                                 |
| \\      /  F ield         | OpenFOAM: The Open Source CFD Toolbox           |
|  \\    /   O peration     | Version:  2412                                  |
|   \\  /    A nd           | Website:  www.openfoam.com                      |
|    \\/     M anipulation  |                                                 |
\*---------------------------------------------------------------------------*/
FoamFile
{
    version     2.0;
    format      ascii;
    arch        "LSB;label=32;scalar=64";
    class       volVectorField;
    location    "1023";
    object      U;
}
// * * * * * * * * * * * * * * * * * * * * * * * * * * * * * * * * * * * * * //

dimensions      [0 1 -1 0 0 0 0];

internalField   nonuniform List<vector> 
808
(
(0.7562732982439776 -0.01751623063283797 0)
(1.031541505867715 -0.01259394935310827 0)
(1.11148403354096 -0.004233490846337885 -1.717273697223599e-20)
(1.085126716741642 0.01258167249616016 0)
(1.362034078951027 0.01275072668966063 -3.814129372357795e-19)
(1.038744525214616 -0.009429692330688607 -7.325976743672179e-20)
(1.014543575271878 -0.02086468157414242 -2.439409102233951e-20)
(1.079234433599551 -0.005162083765049946 9.046761950869943e-21)
(1.253610472704484 -0.02176399270427626 6.255156995999969e-20)
(1.085319674895543 0.009360899789746385 0)
(1.007528026882424 -0.01010864715896464 0)
(1.304740232989044 -0.05464827819482725 -3.459093896726014e-19)
(1.086420834530947 -0.001952808841867811 2.044445666026639e-20)
(0.6752019055082649 0.006356960351286143 0)
(1.275070821300592 -0.1196399997283464 0)
(1.081796985325578 -0.0004499994528553505 -3.870809943100411e-20)
(1.224001349798591 -0.1475886954001367 -9.528501172893054e-20)
(1.07422432465387 -0.0003673224300698513 3.209365060675413e-20)
(0.9888196331146707 0.004120285957656531 0)
(1.026711787672299 0.00961683812839979 0)
(1.032901274965128 -0.01398997882947075 0)
(0.9875895783690529 0.04525467589245498 0)
(1.051066763235041 -0.006068970423965433 5.812073531204186e-20)
(1.053828382832711 0.008746828386326165 0)
(0.9335010723698824 0.1989028892924989 4.566651496108958e-19)
(1.161343653739136 -0.08728538643400931 0)
(1.185317545044793 -0.01994941082590825 1.538904954917076e-19)
(1.077232456412269 0.009675572413897087 5.236292304543746e-20)
(1.083681304200677 0.002060062451742362 5.125670411126454e-21)
(1.071764115046417 0.03092180861568208 0)
(1.075257555113838 0.00275995877955633 -1.183882430838297e-20)
(1.03332562753952 0.006665613608902912 -1.873532003952252e-19)
(1.060075852296613 0.01450861903490325 -2.35083209146302e-20)
(1.088746112176548 0.005630407728506657 -2.93890864761472e-20)
(1.121713666877017 0.03754203778445037 0)
(0.7548811520854152 -0.1214606900769521 -4.550138360880705e-19)
(0.954757824290415 -0.005801102895194944 0)
(1.068765715242618 0.02223386216819229 0)
(1.068801185462907 0.007218254356615361 0)
(1.073795556245291 0.00869486374309252 -2.818069241025994e-20)
(1.093297553025086 0.02360148196742373 1.078237892927635e-19)
(1.150700633239252 0.002265881534249504 2.113784777602955e-19)
(1.095793400611471 -0.002280001120472808 0)
(1.015163074610178 -0.009357253272894838 0)
(1.129144648135171 -0.09313701357051851 -1.631115434593392e-19)
(1.044069117743631 -0.01170837054277786 -8.381654522444053e-20)
(1.058157518371032 0.0266557743216697 -2.675863363523164e-20)
(1.230091103453791 -0.1126630552463341 -5.558636991065269e-20)
(1.067485551073345 0.01202651355032573 -4.068838522586643e-20)
(1.257447472153858 0.01498903234915716 0)
(0.9971002813943941 -0.01915822012205382 2.213672498694322e-21)
(1.044749325480463 -0.002278275343005874 0)
(1.087432232750879 -0.002147357972251198 0)
(0.9988317739249735 0.007869376867022869 -1.888482317841617e-20)
(1.251561370387859 0.03271854660436459 -2.392159095604888e-19)
(1.063429933898593 0.01811808054033936 5.869619400714594e-20)
(0.9903578670508835 0.01149205855219678 0)
(1.015309854940166 -0.006811870360109743 2.533834227207718e-20)
(1.107504936066195 -0.001331924866166768 -1.154470381400382e-19)
(1.06122501664537 0.03125128019752772 0)
(-0.08568806218347132 -0.009663229251106832 7.71467572372769e-20)
(1.154276234108347 -0.05243815594829442 -1.845947662929336e-19)
(1.004351941203563 -0.005726829949407578 -2.782894118198636e-20)
(1.188200209672523 0.06628794417852037 -1.20415578568034e-19)
(0.9970714789507286 -0.009869961121867237 3.103454993960974e-20)
(1.084154777564337 -0.005455947483898834 0)
(1.24883666880649 0.09245410711590302 0)
(0.6960796045967244 0.003161668215689159 -7.423303274205753e-20)
(0.9882888671725334 -0.01496440869426215 -3.233095629365901e-20)
(1.457829271780771 -0.02011849246621286 4.393132670656817e-19)
(1.060554172665751 0.007604331102506528 -6.526683071130735e-20)
(1.366197876704412 0.09284431223896915 2.836650443816159e-19)
(1.054872452938222 0.006794752108346245 -1.952723537857421e-22)
(1.080938640403916 -0.01400018278003909 -2.402395793760641e-22)
(1.163505110352015 -0.2356694105806958 0)
(1.022197688207195 -0.01512102838818882 0)
(1.017348652308154 0.018091404668834 -2.990620080277997e-20)
(1.388266376715737 0.3488572216767372 4.231768514689505e-19)
(1.09744442806817 -0.04243077390868315 9.595264565351384e-20)
(1.046478728221226 0.2105651515604085 2.408769320019176e-19)
(1.122831185309147 -0.06124903079691348 1.180380162328944e-19)
(0.9219768537993229 0.005179789129993719 0)
(0.9753483475127733 0.01853432269279463 0)
(1.0039965202728 -0.0485087834654125 3.163052549833818e-21)
(1.009989808786267 -0.01373695502033367 7.824695485898494e-21)
(1.030632565102852 0.02681418798249028 1.350814188900137e-20)
(1.526722405264459 0.03354388267199072 3.211370551235374e-19)
(1.290636080710522 0.07000429749395239 5.638713196661293e-19)
(1.072499904267657 0.003082666519436879 -8.810497302295887e-20)
(1.194183817606951 -0.09620384578656828 0)
(1.033892838093809 0.001773395857895514 1.288002512323755e-19)
(1.16510536650177 0.02054156152168985 -3.124237797815104e-19)
(1.001506564712506 0.03253040776346322 0)
(0.9996278729178637 0.001999258307112896 0)
(1.044259001711768 -8.736979466588211e-05 8.014086388619213e-20)
(1.218377713387488 0.1060968593908776 4.063540180984519e-19)
(1.011148015140582 0.006965656757131509 0)
(1.089362557992512 -0.06803194448511801 -1.067310431503847e-19)
(1.15140667988538 0.03590380079468754 0)
(1.216210149601659 0.0906961737312697 -1.903368425007535e-19)
(1.108315764952425 -0.02890499583824382 -7.82462579359224e-20)
(1.02757696964295 0.01192214053706579 0)
(1.085183913560064 -0.004592279149900211 0)
(1.019519171291838 0.02646926767176976 7.830559491090765e-20)
(1.073904500693257 0.05655259717041763 -9.500135273579896e-21)
(1.103711066381234 -0.00422597990155904 6.443564853886184e-20)
(1.10618469843731 -0.09183042734539616 1.502610343325121e-19)
(0.9635433250515059 0.001715964104339628 0)
(1.066049099731695 0.03131033734412701 3.683406443475435e-20)
(1.168049958855764 -0.07690450094375798 2.256010678420746e-19)
(1.052554038347509 0.04727333325350627 -2.846833878045393e-20)
(1.022982283594028 0.0680121847479986 3.643334528976679e-20)
(1.090239563602823 0.0261104163339945 0)
(1.017233293293193 0.01412721562621315 0)
(1.028981116765259 0.009362519767971825 7.83924947329965e-20)
(0.948535455029784 -0.03237557461914345 0)
(1.05293714724782 -0.005433850302100527 -7.39258707456818e-21)
(1.340641869376269 0.05563151170638805 -1.540152501496026e-19)
(1.079668639818053 -0.01317512287915309 2.665929975429149e-20)
(0.744068402815493 -0.001736716639942741 0)
(0.58594303530512 0.187996107075323 -1.13184398726752e-19)
(0.706080367743417 -0.002479775986361196 0)
(0.698837944437124 0.01463977755077581 0)
(1.077746420747791 0.003599310795718657 -6.449759332302264e-22)
(0.9906523293101209 0.01446639242431359 0)
(1.280095767500011 0.1219734781892868 2.553173502377095e-19)
(1.012231314099456 -0.02790183693309801 -7.377358315627302e-21)
(1.043596659409846 0.01643362095982462 1.437068337922297e-21)
(1.05859534697126 -0.01218092980535088 0)
(1.126513934551221 -0.009158086655390484 -5.135987504944577e-20)
(1.270860010862775 0.1266599706312359 -2.243963070245634e-19)
(1.089076081019946 -0.01089236463285576 -8.617184476004943e-20)
(1.071008825369456 0.02615371261083235 -1.068771572035886e-19)
(1.04103976289453 0.04679805122457496 7.438438549635592e-20)
(1.022561895831788 -0.003637153600620287 -3.478551795369623e-20)
(1.060991475113771 0.02368611529376763 5.694069528099075e-21)
(1.138697975883393 0.004210200717202182 1.035107515959468e-20)
(1.039397774496913 -0.01384826207115398 -4.761672538095272e-22)
(1.087410361542631 0.03473941232832969 0)
(1.02838922797423 0.01369582834034786 0)
(0.7827822866603162 -0.07994475292709188 -1.820628294468037e-19)
(1.030299125331446 -0.001870030786288744 -6.532613906544833e-20)
(1.132613788043889 -0.0003942414445220389 -1.248806960790025e-20)
(0.703465795345728 0.006554236053179169 7.11739686278023e-20)
(1.175385644672791 0.01894228130233617 -1.973662102201707e-19)
(1.136460269457133 0.003529814614807666 5.239041671867129e-21)
(1.129021365915466 -0.01006069845141331 3.363571769174793e-20)
(1.000933312380523 -0.002968734462085231 -6.700410824987488e-20)
(1.100979812290681 -0.05735961968372634 0)
(0.9898790396117669 0.004641103758483217 0)
(1.057839844622712 0.007021038274008787 0)
(1.006014959598036 0.1892088261538905 -2.362535975370663e-19)
(0.7792795730364376 0.01243799875019535 0)
(0.8570447244954499 0.1026028574066495 -8.206395670257452e-20)
(0.09585603886307154 0.03199446788847005 -2.973755531807119e-19)
(1.171864756727435 -0.03186796607003874 -2.294021750260989e-20)
(0.6712557610823454 -0.007343075806198544 2.454094835460016e-20)
(1.163704243730362 -0.1015405230838629 6.940869539656045e-20)
(1.126844679996192 0.0006830559527187067 -5.852388588167363e-21)
(1.153591043214752 -0.04987548405190063 2.229212121004105e-20)
(0.07920768313174388 -0.2032092446636982 0)
(0.2420180927334381 0.06300175665337494 0)
(1.261199973733044 0.1044425587615196 1.852312493112886e-19)
(1.021192943929899 0.01984156845985152 0)
(0.7376965660462562 -0.006256731738155379 0)
(1.07495226549272 -0.01142774243728303 2.741243314433068e-20)
(0.9748991410695766 0.002883009258091835 0)
(1.296321866494178 0.1187935311527301 -1.471996115645646e-19)
(1.05735287864046 0.0109543731918148 0)
(0.9928276863795411 -0.007210215071847404 0)
(1.065191859873081 0.008252901211259205 0)
(1.006246821317573 0.02091067460141992 2.198855231630591e-20)
(0.9334816479069413 0.009225301131210924 1.28629506058321e-20)
(1.175874560214433 -0.1995110392767781 0)
(1.005062913138179 -0.005199634491248717 8.051313073900991e-20)
(1.059197922229307 0.006293124459586945 0)
(0.7745808340599409 -0.003308602262471491 0)
(1.217832499623382 0.02603404631742567 1.617512556119317e-20)
(0.7050336704989008 0.001368207818964569 0)
(1.432807643608415 0.08375280364278537 -5.10028270113395e-20)
(0.9947871861287407 -0.005260046328446408 1.672193976597726e-20)
(1.27427468114144 -0.004097674854212608 -3.008146182317226e-19)
(1.059745206859112 0.009022605452764211 1.325734189980336e-19)
(1.000907256550961 -0.01353342130964709 0)
(1.209387675111042 -0.1455007893286158 2.053698113980968e-19)
(0.7331723571052259 0.01378491387422113 0)
(1.098290390631646 -0.004915785086158041 0)
(1.156484539028371 0.06658696218705243 1.885521586545795e-20)
(1.006379954973779 -0.00651611403031968 -3.047038586249732e-20)
(1.1230376734815 0.05147555799858625 -1.716283654558369e-19)
(0.1334362278248047 -0.09410122850280341 0)
(1.073587499121276 0.03880748234983548 0)
(0.6616779991157933 -0.002873308754797282 -4.938120785310734e-22)
(1.012101077584876 -0.01959729697209266 9.021285624897399e-20)
(1.061493315233325 0.0008747052663142794 0)
(1.080205877733259 -0.1390238103049569 3.77325558554169e-19)
(1.002661621301491 -0.006130916790135268 -3.288729132121297e-21)
(1.003123320433156 -0.004056699811255383 1.055582797792868e-21)
(1.094007675702213 -0.009194501560367054 0)
(1.020765941184311 0.02028617273686843 -6.659597733936615e-20)
(1.106675394689057 -0.001600847684646126 6.327755947219985e-22)
(1.074449082403196 -0.01076427980955752 6.647661529656617e-20)
(1.085632035024535 0.02216980408319964 0)
(1.325602005452806 0.1554409201759543 0)
(1.002081725996866 0.000541697508924018 4.407279644374888e-20)
(1.319389741103654 -0.1333817158583783 1.606087662641111e-19)
(0.007428243592765175 -0.1555079530180447 -2.305781871072238e-19)
(1.071102966051078 -0.005359140282953197 0)
(1.111237834761065 -0.00485556875268435 1.165835123770159e-20)
(0.7267584759561859 0.01779861509169732 0)
(1.058081650710741 0.01094013291920473 0)
(0.8612283452834213 0.1612465065006258 4.590108628266647e-19)
(1.284716055016009 0.1233257526471252 1.889335136752982e-19)
(0.65420481797098 -0.00310410591458866 -6.532695743664605e-20)
(1.039714665392885 0.00535460077217615 -3.789662040812262e-21)
(1.054826590158932 -0.0002051783970897397 6.442471429383896e-20)
(1.36210803439369 0.1164837629683319 6.552034260331816e-19)
(1.336849665504689 0.2519914467540276 0)
(1.05788195422113 0.009769698590431712 0)
(0.9987943942062182 -0.004087247574744005 1.374782506136764e-20)
(0.9933075609895287 -0.002045282987201647 2.526649480101681e-21)
(1.384785543030364 0.1992485564566656 4.327944887519484e-19)
(0.6818561106846438 0.0005075669354871067 9.966121160759805e-20)
(1.005707418030002 -0.00219206054695464 -6.021259285103502e-20)
(1.098151827185881 0.01315452400743531 2.561369127904699e-20)
(0.6694514516263183 0.00495150270066008 0)
(1.066084802242459 -0.01202747991019591 0)
(1.010494156992336 0.1373818925143498 -1.42021754168814e-19)
(1.088149504665152 0.002169897184362832 -2.586665506989799e-20)
(0.9819129791623346 8.988780689254254e-05 3.311393269309427e-20)
(0.9912118138294049 0.005998098756891749 0)
(0.638122696305057 -0.001100180882764071 0)
(0.9767159498474495 -0.001263247141051035 0)
(0.6420225033835572 -0.001415647241593604 2.644561783848178e-21)
(1.087545804009649 -0.05560328193317211 1.21541892999724e-19)
(1.109642172405433 -0.005800810466224282 1.142425488400393e-21)
(0.9579910554897783 -0.0008547709258060448 3.878480895137622e-20)
(1.017215749681649 0.01040007997813689 1.738151123163072e-20)
(1.065538032628817 0.007904815580965872 -2.401425687748283e-21)
(0.6347893122596532 0.008867447205765908 -3.614140328388539e-20)
(1.005720790236116 0.01084955582078513 -6.240680627605864e-22)
(1.0378536911625 0.00828474551495012 5.323531707353658e-21)
(0.9857021162014439 -0.004567073376454289 0)
(0.6099902240171271 -0.0004410807914970243 0)
(1.069015160065407 0.02251091752488977 0)
(1.016115322604946 -0.01685573343192333 1.032717344067014e-20)
(1.022932021439991 -0.006220339649857505 0)
(0.9931964495169443 0.01366932279367125 -9.808969470561419e-21)
(1.009261487755856 0.003990941704987584 0)
(1.134771090425318 0.002438597992156812 -1.220955436036401e-20)
(0.03110538576858917 -0.1409835729998778 -3.918191106263548e-20)
(1.034305645068015 -0.01788364705172783 -6.049426112674613e-22)
(1.043262458007705 0.007659241507729649 0)
(1.084682220618271 0.07041563085416373 8.426321174114655e-20)
(0.9674102496257065 -0.001257101100664113 3.110056567153312e-20)
(1.020074244970395 0.01679212330741645 -2.235431837680058e-20)
(1.005923343334954 -0.002429448888766483 2.397388941750443e-20)
(1.03895011379658 -0.007741478087951405 0)
(0.6409354493327936 -0.004087662390823354 0)
(1.025974263501613 0.02450170154558967 -7.963518236452608e-20)
(1.087144512678988 -0.000626937050446551 5.099074876366076e-20)
(1.0123774121368 0.007521941774755112 0)
(0.9808548328660126 -0.0003885741071135912 -1.933780200533928e-21)
(0.8548340092874104 0.009467165026344334 -1.112006883642712e-20)
(1.01396838401223 0.002750636188981764 -9.511140205230617e-21)
(1.022513751567124 0.00194322426057041 1.86311240130871e-20)
(0.9822233348128184 0.0009318044744647852 0)
(1.007766484899292 0.01083830702179632 3.212607237264078e-20)
(1.110645298788174 -0.001398595443246645 0)
(0.9345522092070142 0.01208425224803359 -3.197556779558699e-20)
(0.9534036982997969 -0.0001701431428137379 0)
(0.9008449046603894 0.2019915869538859 4.945186093390457e-20)
(1.01116232998338 0.06747798535513927 0)
(0.9907678498101024 0.004827935783592735 -2.286127471982075e-20)
(1.057673241679381 -0.04903147410560074 -2.78598975840479e-20)
(0.9940208876002462 2.940326161600572e-05 3.24791720068174e-20)
(1.006732337358307 0.005885849075978692 0)
(0.9803652633129512 0.0006043806561368509 -3.009571056081736e-20)
(1.178658158950933 0.1007964980918649 -3.37911303403822e-19)
(1.068342812938237 -0.264013638498459 0)
(0.9944467131999791 0.0005356674540283915 -2.265360312910765e-20)
(0.9740914204897305 0.003573731656687568 4.754721189699774e-21)
(0.9596318907286618 -0.001832152097202852 1.024212397045853e-21)
(0.7460012653551278 -0.001064907120902919 0)
(1.119214337513133 -0.06916611523444459 0)
(1.004022312410394 -0.0003930685243493555 -2.247293173867048e-20)
(0.9081758943810974 0.007833100134483167 -1.077986776656394e-20)
(0.8405317428897471 -0.001020428075616732 3.736695734431717e-21)
(1.012140445508183 -0.006450063786439354 0)
(0.9622775272950473 0.01356813324614558 1.501676392993048e-20)
(1.005641350553202 -0.0001939371231853765 -2.240770343836033e-20)
(1.026535552944935 -0.001903429109460814 -2.478857342316616e-20)
(1.113998305754774 -0.004039407993807287 -4.906880200651694e-21)
(1.116151397525655 -0.004957981391921728 0)
(1.00969083769717 0.001186789091803848 0)
(1.023064026515188 -0.003015246913472554 0)
(0.9453339878794614 0.006949113690426508 -1.987434075517654e-20)
(1.017865609875688 0.01334422868949734 5.631514569370436e-20)
(1.08802400511319 -0.003256656482991243 -2.361714026059088e-20)
(1.038507763499184 -0.002741399279465809 0)
(1.109066208420661 -0.002558441917677418 1.832771653917667e-21)
(0.9943479822752854 0.001028808914394199 -2.245104678304668e-20)
(0.9799520680465083 -0.000866318146781146 0)
(1.009937833310582 0.002390188948567074 4.69472575392145e-20)
(1.363026120395158 -0.313953435556744 -1.11950617117821e-18)
(1.120650203964847 -0.04460351853524927 -1.111561040815005e-19)
(0.9723576134158178 0.01131132300323525 4.47776014218621e-20)
(0.7676993864753549 0.009636171255420017 -3.587171076756838e-20)
(1.223744096998445 0.04931358093293944 0)
(1.215695718506776 -0.1291944991564191 -1.482679699208919e-19)
(1.085668789745792 -0.004551819682365727 0)
(1.008761185614795 0.0004448516547786773 2.289985802300636e-20)
(-0.2005334372271063 -0.1059872011485053 0)
(0.9939694772454467 -0.004671394111184817 0)
(1.012327956896948 -0.02303427537571589 3.892049718598877e-20)
(0.7063912437801196 -0.01942958307786366 0)
(1.096791567520692 -0.014918464510773 2.342424670536204e-21)
(1.038989161779566 0.003419733548535686 1.515178462973669e-20)
(0.6332213004453667 0.004142436231659995 0)
(1.446115528208176 -0.1241726207683473 0)
(0.9857752523227893 0.002036900691051729 -1.066852037100312e-20)
(1.06965786154968 -0.01507712901376573 0)
(1.037831798483393 0.0005312294398054584 2.044537856698491e-20)
(1.084428615178586 -0.001598994677347072 0)
(1.012034647910657 -0.006169905850614396 -1.216348443093419e-21)
(1.006017915720363 0.0033113743105614 0)
(1.008111680620263 0.003589154329236369 -1.246919239913559e-21)
(1.004323283292766 -0.02026566897524248 0)
(1.036148019225427 -0.007812307692058184 1.803382206063254e-20)
(-0.1955089783751741 0.0421064642217947 2.815810033393881e-19)
(0.8054503167914948 0.02976499662387476 5.964891601821297e-20)
(1.005058677237375 0.00215078164035169 0)
(1.121669113010777 0.01112611984283315 -1.212220116735289e-20)
(1.109830666567492 0.003948637463280908 9.327372262795154e-21)
(1.054199623068063 -0.01276173551816325 -1.329157043538196e-19)
(0.9987718591340585 0.01040265312623041 -3.446146334925534e-22)
(1.084118271494772 -0.006003289598615526 0)
(1.188899979447463 0.05040155373956191 0)
(0.8350561447431254 -0.07458503755960097 4.607750079540739e-19)
(1.0896151048605 -0.004631632812081267 0)
(1.033804012331768 0.00788450999722522 -7.715238922631736e-21)
(1.042565475757923 0.005369247021590636 5.638289204107331e-21)
(1.053174543052852 -0.05832941786785902 -7.595884875302297e-21)
(1.139420266654334 -0.002139435285013222 1.72404765354105e-19)
(1.080949028648121 0.00261530552885925 0)
(0.9943401785105312 0.001962115164721562 0)
(0.9981371300196394 -0.02626289884616492 -2.434554390343167e-21)
(0.9907013710292814 0.003604198236168169 0)
(1.03049141379404 -0.03654147523564052 6.520855592797476e-20)
(1.291524352174567 -0.09838481127498422 0)
(1.040889971335231 0.001077265962283125 -4.092815395937261e-21)
(0.9861872972018292 0.01688405503059922 -9.08775216581801e-20)
(1.03373255032489 0.04318665590963874 -2.319418643228151e-21)
(-0.07650814173312701 0.1901006588233339 -1.739486130341153e-19)
(-0.06965977423200402 -0.285323414992018 -1.297267793569876e-19)
(0.8787587879469154 0.1167457208517744 0)
(0.2765738254654162 -0.02638848580920004 -2.997362487949338e-19)
(1.008414119497827 -0.006380693813580154 -9.452227848771165e-21)
(1.06396294525375 0.002713204316109379 -2.062410691136008e-20)
(0.9922347052270479 -0.02179492565001754 3.096164907235824e-20)
(1.026969166346698 -0.03001210548403148 2.687905582600371e-21)
(1.009804997520453 -0.03047509843671869 -6.715071190638566e-20)
(0.9888218225795143 0.004888820373881259 -3.492596398004108e-20)
(0.9937186410212003 0.004973491382336452 0)
(1.024426955008281 -0.00217924278281569 -3.478199170093268e-21)
(1.931008308044153 -0.156479847008109 1.06552339275454e-18)
(1.047844477619819 -0.01116599981200406 0)
(0.9967202080269346 0.007868318299336187 1.487030051735322e-20)
(1.003618494951493 -0.000551622388461752 3.992196516500703e-20)
(1.170330213253876 0.1590913863903118 0)
(1.006535076744893 -0.02001785974163993 4.471093142363628e-21)
(0.9533897390541529 0.003731494862428502 0)
(1.037845512854633 0.04172263212208258 0)
(1.299988380823754 0.1492828449378968 2.209506080679834e-19)
(1.076341192944385 -0.0009023179315609519 2.333807277398966e-20)
(1.016008203091529 0.03075905654729485 4.457199390657937e-20)
(1.07852594327595 0.004165697361140935 -2.24695666214557e-20)
(1.057832079376301 -0.02354879442493727 -4.735739284340337e-21)
(-0.3898001116442313 -0.04399448823586435 0)
(0.9995148825565928 0.01250250233358482 0)
(0.1248398210709123 0.05368712787112139 -9.479885026594327e-20)
(1.005887227521178 0.02040730841093759 -3.988673191182777e-20)
(1.007128141834065 -0.02624381054399094 0)
(1.001022387169243 0.00531222449250028 -4.870373359137549e-21)
(1.082020982669279 -0.04235354837716117 0)
(0.9940893346472518 -0.0188904462294567 -8.138614803175976e-21)
(1.099824456966627 -0.05012293377747556 0)
(1.442658077196063 0.1692199294336115 0)
(1.054813504340689 -0.01190082040785012 0)
(0.9916225890547379 -0.02482254648257324 -4.161928563997909e-20)
(0.9918337708360626 -0.02336121614900942 -3.42993113497813e-21)
(1.016986273793329 -0.02182755648168504 -2.173612322163971e-20)
(0.9966492188914639 0.01697637243265978 -5.38516832590827e-20)
(0.9960914150457215 0.009510124918701388 -1.449216788514703e-20)
(0.9954561472636517 -0.02751269265387326 0)
(1.001587314833858 0.02424755889838996 1.872816134946716e-20)
(1.042997030284408 -0.02344874574368246 0)
(1.110842341999053 -0.03642142989494806 2.522193976192134e-19)
(0.9952809845652199 0.0165730923582303 4.456943828842998e-20)
(0.6150417220834432 -0.00869484556949651 0)
(1.155847066987929 0.1606349315632082 8.093109197794616e-22)
(0.8250474077809671 -0.0797200918147058 0)
(1.138690408666905 0.07254901683482105 -2.80137986032121e-19)
(1.31436123686304 -0.3885327146200007 1.27667741444285e-19)
(1.071258751720634 0.06708487593321974 -1.256878238727107e-20)
(1.011735120390442 -0.03036750869442021 0)
(0.9551790958425932 -0.2146928603248215 0)
(0.5500998730268705 0.1781550357532347 0)
(1.015076904873416 0.01338388974249338 1.058800986645988e-21)
(0.710698244907234 -0.01433983738522315 0)
(0.9987432361358869 0.01624180157263807 3.434337480732227e-20)
(1.026321371132259 -0.0007269163747980796 -2.666778604276216e-20)
(1.079029644160951 -0.008015635830326941 2.630061738123568e-21)
(1.05456259549808 -0.02511387448723292 2.529707914371203e-20)
(1.042923938485972 0.01142157265502956 0)
(1.056041295800234 0.02092057098935378 -8.818740728042464e-21)
(1.050839163038662 0.03618568884902564 -1.76396916565324e-20)
(0.9838710870682127 -0.02223179310776003 0)
(0.6248799247666518 0.005115370945643105 9.171120583537404e-20)
(0.8941624475141619 -0.005950752424034126 -8.846573530156513e-20)
(0.9093592632172709 0.005224640111166972 1.450811789021973e-20)
(0.6296496067636139 -0.006439137515553722 1.411041365931484e-20)
(0.980853275244272 -0.000178635494736057 2.472352600074601e-20)
(1.004408160173546 -0.01755362461541478 -3.296379388163203e-20)
(0.9807019158509631 -0.02711312959536969 -2.729610177559709e-20)
(1.08564162245119 0.001567914307555073 0)
(1.019111022827845 0.005320733746676623 1.05454500317325e-20)
(1.132858813462264 0.0482119858058359 1.350891896885925e-19)
(1.031620553936188 0.04265128038379514 0)
(1.022545252936061 0.002614141464329239 0)
(1.581786546992668 -0.1681698208050555 4.356119052497582e-19)
(1.053735825020705 -0.03587948227460985 0)
(1.021400489395363 0.01052807455265272 -3.596732024345642e-20)
(1.083118883030808 0.003916749165910213 0)
(0.4931786599091011 0.00359836934338709 0)
(-0.00861192526700824 0.006511276009524635 0)
(0.9910391847431251 -0.02351395324132992 1.25446702805762e-20)
(1.300447716748043 -0.09681751184071762 3.662176955699921e-19)
(1.030859648350508 0.03696702110580781 0)
(1.02256718217536 0.00356189584908492 -2.176756573446617e-20)
(0.9300802507464127 -0.1615270338474046 -6.370571241453474e-21)
(1.256019726822382 0.07355885477985726 0)
(0.5982802925386375 0.7307398497350254 0)
(1.306613525461045 0.1406412445322969 1.036791562813757e-19)
(1.674428374489191 -0.02668174272982596 0)
(1.065173702246334 0.1336875104779827 0)
(0.7278078155317078 -0.00223862617295248 4.019984821372001e-21)
(1.046436098505406 0.04746583252572482 0)
(0.7461473992297467 0.1130511825605418 1.384164189989256e-19)
(0.9968174826089513 -0.01628298589711616 3.585967684724763e-19)
(1.038662268435473 -0.03897631356504947 2.693171829458762e-20)
(-0.373239507804984 -0.05588173124016282 0)
(1.072121599204793 -0.01617076291832624 0)
(1.08565538136767 -0.01236076441900807 0)
(0.6479328265734359 -0.5024362601289535 -2.495672945505828e-19)
(0.9904222513294061 -4.083899488484704e-05 0)
(1.092183274292352 -0.02203397625427956 6.860288240332019e-22)
(1.188495969967262 0.120705335471915 -2.04870803825465e-19)
(1.099490354320401 -0.04298872935434364 0)
(1.005689178677029 -0.020720345931472 0)
(0.7784671290915114 -0.1921546696813999 -1.650935627014506e-19)
(0.8885127294322965 -0.1421940716746436 1.456375531464624e-19)
(1.033954118514429 0.01235148402086219 -2.048341942334829e-20)
(1.02313278114079 -0.009106821959875014 -4.271826543802132e-20)
(0.8716640302852476 0.000109781026866974 7.352350454115926e-23)
(1.503396435814815 -0.1947896683835667 0)
(1.307247975510743 0.1095990926389748 3.002987068315323e-20)
(1.241069500744128 -0.07824073864807134 -3.256179964995319e-21)
(1.095831969683484 -0.01877586575204149 -4.015819600311731e-20)
(1.037783554256242 -0.01840696688405488 3.089450165539444e-20)
(1.092811461188504 -0.03913798113142925 9.571154857328991e-20)
(1.032406395968567 0.02047992270291706 0)
(1.051442222241439 -0.03422590579787451 0)
(1.115888443719762 -0.009003215326412404 0)
(1.100696888433638 -0.03764937043639249 0)
(0.9982619014304864 0.0107773138466661 0)
(1.154128395074305 0.07951494035788718 9.38320739120489e-20)
(1.342627483370637 -0.1603185403043549 0)
(1.041106942974653 -0.02677601754817165 -2.580601836703045e-22)
(1.048742742604988 0.054699188412933 0)
(1.010075424133079 0.01415636734025041 -3.794183887836005e-20)
(1.033551845723059 -0.00773147785936064 9.384560079283873e-21)
(1.088972384891118 0.01338132343048422 -3.164096234171187e-20)
(1.084297280071918 -0.02877744005781679 0)
(1.073078680853641 -0.000704557332703056 0)
(1.100923329991056 0.09241242316241514 -1.396672647607002e-18)
(0.9350501018789698 -0.1487832371893777 -7.109227548402651e-20)
(1.178914512366935 0.1153179557209601 1.142381375613767e-19)
(-0.4545378066102445 -0.0306464403985825 -2.91983436777131e-19)
(1.018389083619939 0.0296951214530553 -8.544592892074466e-20)
(1.007263032474569 -0.0006743773603726843 0)
(-0.2425402821308234 -0.002287466056773636 3.579772673857606e-19)
(-0.03402830292406639 0.3197968669857559 7.700636420788951e-21)
(0.9952081805456416 -0.006299368417082101 8.917343707788131e-20)
(0.1829988103388356 -0.04456075938587317 1.284483166065807e-19)
(1.088793247235311 0.09162053182035702 1.430176181059616e-20)
(0.09337115100209564 -0.1086547342160358 -5.387284205020473e-20)
(1.108293652782505 0.00310849835020187 0)
(1.093922360518239 0.2488804671082354 0)
(1.021088276584811 0.02168856119968724 -1.673555161634872e-20)
(1.062486020368208 0.05773366433520864 0)
(1.024582067838703 0.02393444630228879 -8.309612919968712e-21)
(1.261292476188278 -0.5481756715938528 7.988929089899308e-19)
(-0.09769807488579468 -0.2381239947657502 2.073603211227142e-19)
(1.299527058096505 0.1106452490045354 -6.110618119659307e-19)
(1.123979092699149 0.0001272315753210488 0)
(1.12876127876374 0.1081045444854842 0)
(0.519825264367171 0.07587891704993251 2.400443599642642e-19)
(1.023176410677114 -0.02044985056355004 9.609599076346977e-20)
(1.005904592799626 -0.02313569500353126 0)
(1.212399436382929 0.2709318660347392 -9.812809035014838e-20)
(1.254312237533862 0.1253887143500806 -1.490588363526438e-19)
(1.026490614898157 0.002980111975061853 1.595023058045416e-20)
(1.296173551854525 -0.08516628701833678 -4.946323271076601e-19)
(0.3099334889960595 -0.02419565921276335 2.920483721796778e-19)
(0.8350540835980009 -0.1506552744245208 6.937252065530584e-19)
(1.046585423665697 0.06413196826148061 1.101730517024738e-19)
(1.038927741760613 0.001206907987189732 1.397281061566444e-21)
(1.000709147850206 0.01935660008876014 2.837534273849944e-20)
(1.066484645489371 -0.03686075832647521 0)
(1.034540334283164 -0.03845319267460678 -1.438498020360853e-19)
(1.016865463212484 0.03489094474660571 -4.544345510930741e-20)
(-0.06822126386603361 0.08597894875342561 -4.921848934080619e-19)
(1.010808971332115 -0.05781290274780553 0)
(0.8979457165898735 0.007471698052519549 0)
(1.092663254525422 0.00120209431926244 0)
(1.359023093417598 0.2553294327388484 3.728722235021228e-19)
(1.692885393109274 0.1022629540187768 1.318261592724102e-18)
(1.406314227867559 0.1446003365634267 0)
(1.032557284168194 0.02080293478194978 1.004873098356355e-20)
(0.3423493933563659 0.02869827417443056 3.209767982743004e-19)
(1.127154442601414 0.001163535631500544 0)
(1.098550715711458 -0.02708127998501583 3.247424924593568e-21)
(1.097490335417426 -0.03191376165843399 2.677708315751602e-22)
(1.139996699778268 0.1049927522925612 0)
(1.300690538968586 0.05354016414745207 0)
(1.039927068669169 0.001060568891788443 1.167889235624625e-20)
(-0.1502099962232613 -0.1038249875540908 -3.813729899099626e-19)
(1.325916075203647 -0.1543839614406453 -2.172907983923347e-19)
(1.067900326931961 -0.007361006851906829 0)
(1.013299632036097 0.01529457652523334 3.002529634779459e-20)
(1.14830524599158 -0.08972906598874744 0)
(1.016133830904788 -0.01746905603630787 -1.14850358011505e-19)
(1.030664043194751 0.007977754166070088 0)
(1.510906363495702 0.08572274394093753 -2.796641548594102e-19)
(-0.05870192226893724 0.03784894728590489 7.759646574636755e-19)
(1.09823589572129 0.05152645509742685 2.06464439150863e-20)
(1.092855913998958 0.07876380613158337 2.148797636798932e-19)
(1.009920561380083 0.008508234686244634 -6.055881012854347e-21)
(0.003498089035601096 -0.1151710710307963 -4.736456551766092e-20)
(0.02035121850776773 0.1062614908432229 3.743715410532144e-19)
(1.236482383357897 0.1404274593211301 -1.614273200910775e-19)
(1.104248983190566 0.09431511945120567 0)
(1.087862406356441 0.02505475035530425 1.788096831408121e-19)
(1.007158691457794 0.0220648179617051 1.766834076839251e-19)
(1.028602815875769 0.001007996577311678 -3.686811789639618e-20)
(1.223745264006579 0.141805162895646 2.623174285538561e-19)
(1.397343671720105 -0.1350784566388988 -2.10359699743384e-19)
(1.06605565418041 0.05007323907271511 -7.395069166720156e-20)
(0.9937418859703494 0.006791455708942525 0)
(1.079849923565366 0.07471390748409468 0)
(0.9794254255625526 0.005714182448738112 0)
(0.9947886592781771 0.008673947699534142 2.302629421195265e-20)
(0.4954060564526759 -0.07601718315222948 0)
(0.991894483470326 0.004120444416483697 1.99910422201784e-22)
(1.289965972221677 0.07543052916258997 0)
(1.00572940292013 0.007107767569773994 2.20185532392337e-20)
(0.8050079305779545 -0.1247461613645491 6.022449329186121e-20)
(1.097803484373722 -0.02229076197607018 -9.241536403499395e-21)
(0.9398562051209881 0.01656933051893224 -1.770601752827011e-20)
(1.443485691326434 -0.2865933549111923 -5.400040289507741e-19)
(1.137911979851848 -0.09262635005919446 4.758927711058229e-19)
(1.0887734853557 -0.02520543920094249 0)
(1.930251876021215 -0.4706543186020901 0)
(1.620493495798102 0.1875248714468663 0)
(0.9843802194457146 0.004903000495579807 -9.632429105464476e-21)
(0.8599960254284965 0.7746834197390509 2.41987641361192e-19)
(-0.007939393985537389 0.2038044260746854 5.553857270618644e-19)
(1.042453010436441 0.008748389274885908 0)
(-0.2198099556155633 -0.08814879842004769 2.027254240446456e-19)
(0.9845287502000467 -0.002561104342624474 4.11428859381119e-20)
(1.181457197494037 0.1614681889677254 -1.654125424997319e-20)
(1.044530003085344 -0.02228518474609342 5.414483804001601e-20)
(1.046256059984785 -0.1402188431692608 1.430841356842118e-19)
(1.136367569928113 0.001534552126589162 4.537114070481016e-21)
(1.104427469547451 -0.01647317519229764 0)
(1.311670613836728 0.5308083245588001 -6.055339051394638e-19)
(1.030667848336455 -0.002762596193605452 -2.165605783711248e-20)
(-0.2889966746029186 -0.07301771082360756 -2.025620474115324e-19)
(0.6794909903751934 0.01846143911272847 0)
(1.08610100875064 -0.6973578767387146 -4.801153129508368e-20)
(1.316372040847537 0.08524363227492304 -1.112417727249426e-18)
(1.114121781927243 -0.1084322461567533 0)
(1.088262305967259 0.2796464477916049 0)
(0.9724477198149541 0.003734817579456547 -6.172854938428582e-19)
(1.062906988194234 0.01061358885756163 -4.353263511588771e-21)
(0.9245807461110718 -0.01211674124884483 0)
(1.090646392137747 0.03086454302899217 -1.760848391725728e-20)
(1.36677005180646 0.2116315491402789 -1.823268387676229e-19)
(0.7324500548913507 0.09876873192248435 -1.05017908422168e-18)
(1.078908616868937 -0.0005738895566730528 0)
(1.262907857490311 -0.06087524417916148 7.103787609028809e-20)
(1.006294288426177 -0.0002792788390496204 0)
(0.8481734695992359 -0.7742612731132584 -6.206528630806558e-22)
(1.081576646825995 -0.05223160243031101 -1.072901077401357e-19)
(0.8767947538378719 0.3258628665118466 2.915964111736224e-19)
(0.8369661979450906 -0.2024342107743511 0)
(1.030814722359813 -0.03467190275433756 0)
(1.053883470984045 -0.02830673685886163 0)
(1.008273600858663 -0.0007130333932685491 0)
(0.9811510186739287 0.006177334209664704 0)
(1.350723590476636 -0.239694618892883 0)
(-0.08486635146360139 0.1733118544629358 2.45190184000009e-19)
(-0.03197656300294498 0.07178506225606722 -7.473102965828782e-20)
(0.2167293691313131 -0.1105474659620412 -4.264240127068283e-19)
(1.518013789355654 -0.4382433319187739 0)
(1.034516244451937 -0.01646955828791247 0)
(1.769480271164786 -0.7577545598461173 -2.335409747214054e-19)
(1.134400177018369 0.001052477348267043 6.359449038223996e-21)
(1.325387310835214 -0.0930824424309392 2.856728098482133e-19)
(1.109129022743933 0.7097315621505396 1.435371352495406e-20)
(0.3391646617075765 0.5942815838245299 -2.175767309004324e-19)
(0.6767813812963878 0.4601956066934383 -4.755007037780141e-19)
(1.051027451808586 -0.1573270724657168 -2.078858242418026e-20)
(1.22479929817847 -0.3597895140386334 0)
(-0.04921720375828897 0.1969586355153301 -7.52395520955801e-19)
(1.047104568895548 0.02343336867687023 0)
(1.104041207012802 0.03574600347052476 -1.571920116359352e-19)
(0.8154540599351814 0.8977594792463111 0)
(1.063815290848079 0.03779269942873702 7.533765502851956e-21)
(0.2700430770989131 -0.06795517609353119 0)
(1.101715889035294 0.02524359178327769 2.441604441567338e-20)
(1.372951044707203 0.3247665828329863 -5.590361104017872e-19)
(1.074420757647119 -0.0125262436517726 -1.679004962504986e-19)
(1.472063865827568 0.1587732711836875 -2.554576146228637e-19)
(1.332833249787537 0.4188600984475874 0)
(1.176128371296975 -0.2726079765293319 0)
(1.302763475260813 -0.1387294675252178 -1.235059700402134e-19)
(1.066865659419918 0.01621586639856491 -3.334780959385747e-20)
(1.060648849034808 -0.01201046276801444 0)
(0.7364553311591007 0.1405535367097936 -1.095028278554599e-19)
(0.7734634954978287 -0.5755263388790298 -5.80881484302147e-20)
(0.6669056707272069 0.2049829600839944 9.570358973588591e-19)
(0.9773992029421916 0.1078191472635652 3.337296005116125e-19)
(-0.003675474780126249 0.08688601096839753 0)
(0.5618843700360193 0.01109801036375547 -6.47842681717671e-19)
(1.058302506967848 -0.03896450219378842 -1.904549044947441e-21)
(0.7013434805437483 -0.1249842675626232 -2.840955887314517e-19)
(0.001130900080966019 0.2205910391165986 -3.133697397781544e-19)
(1.179875568487026 -0.07870299312248985 0)
(0.3976311463638502 0.0142104177427133 0)
(0.1607043473054252 0.3730290994868797 0)
(1.443630177915015 -0.2654532681185109 0)
(0.2338318700084168 -0.3563052559634518 -6.430772343890647e-19)
(1.594004658846946 0.03814633201792731 -3.850526430429999e-19)
(1.0251526758083 -0.2012241538295799 0)
(0.6684261104387834 0.01523863766913588 2.445628738554861e-19)
(1.024657350661441 -0.01090074293434526 3.569065403768114e-20)
(1.138862113022468 0.2361679550176016 0)
(1.737172515104798 -0.1131445456826621 0)
(0.5802899746505403 -0.7357017909077705 -6.713438565373468e-20)
(1.269369134786403 -0.110274998702463 -1.016082621514163e-19)
(1.408280088853714 -0.0876442377982813 -4.364006289832246e-19)
(1.485474904701988 -0.06765969683086984 3.705693153113295e-19)
(0.09520729731053787 0.1017374792335112 0)
(-0.1037619057803722 0.0851857695601637 2.861899363324253e-19)
(1.038224899389452 -0.06332300610244969 -4.750295017633925e-21)
(1.119771020146344 -0.1403146012644458 0)
(0.6403748815059112 -0.3550969674196049 5.22733020012414e-19)
(1.048800346404863 -0.06322125697762129 1.351662432230171e-20)
(0.8437648447880598 -0.1419012556357787 0)
(1.314027695950622 -0.1378941181570515 -1.091009414515189e-20)
(1.120327248198593 0.08430460349223295 -4.357544187832132e-20)
(1.091050341532236 -0.004954860602554672 0)
(1.128740914095863 0.5710289548184261 -1.131642081531567e-19)
(0.3417633028865854 -0.5978222960068723 0)
(1.060661429769997 -0.00325732293071019 2.811725895158572e-20)
(1.096952418772036 -0.005801479204993182 2.696615492212857e-19)
(0.08853560661541855 0.1400378376920496 -1.730336169983435e-19)
(1.182109528228767 1.002944660024968 -2.256170244760689e-19)
(1.36763854367139 -0.1385687183572105 -8.741540479652342e-20)
(0.9443074349867556 0.1290200087222209 7.047441256563367e-20)
(0.9977239205210189 0.003736850275567736 1.019117167559131e-20)
(1.056621901184051 -0.1458885106613974 1.830357182127455e-20)
(1.506459805525692 -0.9477184603041997 -5.205112202845972e-19)
(1.534637972429507 0.9513289678491518 2.378882630119301e-20)
(1.429299627707334 0.2219414229648415 3.341131248237542e-19)
(1.02849120925649 -0.007338026340261355 2.100385704275092e-19)
(1.035330158068258 -0.03314453475763398 1.57737958934136e-19)
(0.9916571468896659 0.02199817994923544 -1.879617671929554e-20)
(1.057963172750758 0.03841674134515821 -1.488373419206591e-19)
(1.078736833587585 -0.06552200290976436 2.812466379918778e-20)
(1.436910435058876 -0.1386911958250749 3.436500706817842e-19)
(1.822143079291002 0.7493227459778391 1.870534045373368e-19)
(1.032502396638898 0.0306935252234847 9.646146969690256e-21)
(1.07189978842684 0.01371273311216729 -1.075726946867761e-19)
(1.990252586915272 0.4782818270324249 5.389341892482393e-19)
(1.933555987531078 0.1598936458743812 9.405387259740745e-19)
(1.082396518945829 0.6396445274616964 -9.940679284597653e-20)
(1.110145107724733 0.1717881682298525 0)
(1.044121820973632 0.02303240770068068 0)
(0.5110874958324673 0.4405788137879442 1.159289315261098e-18)
(1.374373124466018 -0.2988306485968771 1.856801613090543e-19)
(1.187636885750939 -0.1485217454644635 0)
(1.635821955078481 0.2357346272426322 -6.244846635503229e-20)
(0.8107726645979716 -0.1559556301231455 -1.324340997434482e-19)
(1.325965581192622 -0.2094532168390034 -8.971018115975881e-20)
(1.251020055205916 0.3900077456593938 1.460851730795612e-19)
(0.4926135890621157 0.1975068657436393 -5.592034517035309e-19)
(1.691372311964248 -0.02112938719082876 3.318700432889671e-20)
(0.8552440035626221 -0.5438634380199489 2.311678045898488e-19)
(0.998496123540478 0.02358831187312747 0)
(1.6225028967774 -0.1883348158271616 -3.148818060153434e-19)
(1.090573375954941 0.1006452597621989 0)
(1.340642650317531 0.5817955275690391 0)
(0.9415903804829269 -0.4130062822743271 -2.791458510493651e-20)
(1.247619026527524 -0.02735417290007268 0)
(1.038260595113138 -0.003729594408445756 -1.270143145490624e-19)
(0.7216277584333172 0.1069385907006413 2.935997612613604e-19)
(1.322494735491932 -0.58083793791204 -5.528930078218218e-19)
(1.050918261353039 -0.6322018095049735 9.128655615628545e-21)
(0.3511171491421468 -0.3759318719600028 -8.626384831379437e-20)
(1.006949713241884 -0.0952740534727706 0)
(0.4461547960579033 0.3037056812315475 1.678559877546848e-18)
(0.2853398512640106 0.02799337873965643 0)
(1.311980500887667 -0.1413769669594228 8.157559570699542e-20)
(1.574092082840844 0.1887503749359419 0)
(1.167733572443274 0.447491790809723 1.359060889165822e-19)
(1.053742252711603 0.1532993299742487 -6.11396509726968e-20)
(1.031734690192757 0.004464033925941613 -2.052443524663074e-19)
(0.9576755724501764 0.4101483016242252 0)
(1.161286751490915 -1.009421751748541 5.757589447988426e-20)
(0.8910500096242046 0.01056441250717794 0)
(1.069914163940686 0.3797185954830629 0)
(1.053077110305649 0.02931045376408103 -3.942977844197361e-21)
(1.471104527174513 -0.2995508829606613 0)
(1.242960618366956 -0.1851394175628525 -2.914393897913217e-19)
(-0.003089085588830696 0.01522966178833682 -2.044556317071436e-19)
(0.2391416631380437 0.02014408846849381 8.860518948202539e-19)
(0.9809019691883385 -0.0981648080972549 0)
(0.4726681426114185 0.6487274980393801 -2.532787443980041e-19)
(0.9174875184161444 0.0309255939815304 0)
(1.539697115713349 0.4153945106069826 5.514565222911008e-19)
(0.4747082537949985 0.1363574549384893 -6.096681780705388e-19)
(0.05089028058491824 0.1673122834898292 0)
(-0.4216696827024734 -0.05936178818878738 0)
(1.032306621110343 -0.000184058563706225 1.301119116700874e-20)
(1.656496426933545 -0.2264807741068447 -1.093702472107191e-18)
(1.108361984737306 -0.5625465683375853 2.338900749168303e-19)
(0.7821221601281291 0.3343374326054452 -8.710568434510733e-19)
(0.9161624237603799 0.1310944615148338 1.467609584602222e-19)
(1.043740248546025 -0.003554781392117473 0)
(-0.2916393742361317 -0.1099548729609554 3.903103283613218e-19)
(1.033564639715051 0.04674774591952004 0)
(1.200056241884396 -0.2466074783185201 0)
(1.563980284448772 -0.1913107987523712 5.228687605017862e-19)
(1.126651850216015 0.07681337709112376 -7.52008487995777e-20)
(1.075213470181399 -0.1483285240031303 8.403289931439605e-20)
(-0.04277296389884639 0.09330709412687102 3.449250236299599e-19)
(-0.07607266978841275 -0.1658199787567367 2.710982966097947e-19)
(1.068722940527088 0.2092399744203386 0)
(1.09795387848263 0.06058509392750588 2.103493730319427e-19)
(1.490900999106198 0.2837527058008151 -3.555153593516967e-19)
(1.321603191453021 -0.487190036426426 2.345774275793908e-19)
(1.147266167323628 -0.1456999905306309 0)
(1.121663775646793 0.1505256752667513 0)
(0.5261902314248493 -0.6881283437457745 4.163909021605681e-19)
(1.313621477058508 -0.04094324512956295 -3.016825808368249e-19)
(0.999251370437376 0.09841442545513718 2.457466534430153e-19)
(0.3129858025843265 0.3574745622901706 -8.886529761918891e-19)
(1.024123993486219 0.1052316397633516 -4.004459018203022e-19)
(1.036402592584761 -0.3956801169771512 -5.282934209438613e-20)
(1.461531775419905 0.1071897514283472 -6.583799745952802e-19)
(0.7791062527116264 -0.8837866029155116 0)
(1.056583887079479 -0.03090415723861398 0)
(1.136410196379295 0.1636565171040628 0)
(1.619045790239025 -0.04210174014177937 0)
(0.8153454542192963 0.594543310924984 -2.007257585829367e-20)
(1.490533563006391 -0.357373438396107 4.51732155883132e-19)
(1.54302777875315 0.1462410732221241 0)
(1.135184454726992 -0.4587405539467951 -1.606008387160233e-19)
(1.462797227412059 0.3434556762080672 -3.580605296547933e-19)
(1.009582115483008 0.02848697221916069 0)
(0.2195783206703538 0.001397156038249564 -2.522558147875524e-19)
(1.337727759503323 0.510578993781205 0)
(0.9761020632003157 0.006931797261277082 -3.887476577700853e-20)
(0.7629319461137295 -0.3004432179615876 -2.072686558973398e-19)
(0.5084165299915886 -0.08153800739530093 7.889116953109288e-19)
(0.2249915920093888 0.04878360970535738 3.753210153356313e-19)
(1.061613075823298 -0.1382067117309128 0)
(0.03514058270718386 0.004580728792337721 0)
(0.3450864321095118 0.04120896054452327 -3.016146035840866e-19)
(1.005784339865062 0.01771241775437393 0)
(1.454445307986721 -0.01030339673448855 0)
(1.006846415024774 0.02892654013271 0)
(0.4684440806533546 -0.2734409450802435 -1.007787737040693e-18)
(1.049359218543911 0.08873551782160551 0)
(1.525738142265749 0.03904565463886624 0)
(0.2302807281476313 0.1127196586096088 5.438174524341326e-19)
(0.8792867512880115 -0.3217632346301563 0)
(1.367247289449482 0.05134499639632876 2.718680587688198e-19)
(1.238808069738002 0.2044531516992443 2.096950852778039e-20)
(0.8989471701992366 0.5543322943914737 1.521444308592065e-20)
(1.034082003499198 0.09935676748371629 4.556135080279124e-20)
(1.03191595463702 -0.1486055747885703 0)
(1.368153764664259 -0.02464787884354011 0)
(1.286919904644678 -0.1240533169261962 0)
(0.6245430648400822 -0.03964315685498911 -1.364090804594742e-19)
)
;

boundaryField
{
    FrontBack
    {
        type            empty;
    }
    Top
    {
        type            noSlip;
    }
    In
    {
        type            fixedValue;
        value           uniform (1 0 0);
    }
    Bottom
    {
        type            noSlip;
    }
    Out
    {
        type            zeroGradient;
    }
    circle
    {
        type            noSlip;
    }
}


// ************************************************************************* //
