/*--------------------------------*- C++ -*----------------------------------*\
| =========                 |                                                 |
| \\      /  F ield         | OpenFOAM: The Open Source CFD Toolbox           |
|  \\    /   O peration     | Version:  2412                                  |
|   \\  /    A nd           | Website:  www.openfoam.com                      |
|    \\/     M anipulation  |                                                 |
\*---------------------------------------------------------------------------*/
FoamFile
{
    version     2.0;
    format      ascii;
    arch        "LSB;label=32;scalar=64";
    class       volVectorField;
    location    "942";
    object      U;
}
// * * * * * * * * * * * * * * * * * * * * * * * * * * * * * * * * * * * * * //

dimensions      [0 1 -1 0 0 0 0];

internalField   nonuniform List<vector> 
808
(
(0.7562743214926242 -0.01752505352256552 0)
(1.031364128166242 -0.01251859481838353 0)
(1.114209778251487 -0.000586766531397867 -1.747957857907287e-20)
(1.085131085940891 0.01256977094762614 0)
(1.360458883585123 0.0132536762977385 -3.823448574812577e-19)
(1.038685024294923 -0.009424021112426628 -7.28860716374635e-20)
(1.014370561431705 -0.02039986408884465 -2.415809841093719e-20)
(1.078934551738248 -0.004792044736383314 9.00332199384382e-21)
(1.252281251393271 -0.02162924214202763 6.265401872932264e-20)
(1.084993902459215 0.008769274108417274 0)
(1.009002776467707 -0.01228544050327976 0)
(1.303355251629125 -0.05424304221941813 -3.466893559965079e-19)
(1.086295981189907 -0.001701883437156785 2.041506955896133e-20)
(0.6751135992717673 0.006384238671079305 0)
(1.27775226683974 -0.1230812497438432 0)
(1.081942164100173 -0.0002383186296428572 -3.857863977436249e-20)
(1.227483055940387 -0.1526459911140706 -9.800868024497925e-20)
(1.074418111251147 -0.0003511768954006514 3.197288327026476e-20)
(0.9894062513552759 0.005883989320403746 0)
(1.026975755416586 0.009293532127734341 0)
(1.03683113754194 -0.01597534238882285 0)
(0.987582670807465 0.04542491571637035 0)
(1.051032940106402 -0.006208867312390008 5.78399623198984e-20)
(1.053762406782461 0.00825690938158828 0)
(0.9338773332004927 0.1999326713230687 4.565323811052118e-19)
(1.161189650519095 -0.09047154536128874 0)
(1.184394476035187 -0.01998441026265347 1.542340800795881e-19)
(1.077166298125925 0.009626530588071775 5.237805539102934e-20)
(1.083985350722312 0.001835649083167043 5.121784984558449e-21)
(1.071922284885243 0.03097585385579038 0)
(1.07542629850408 0.002583549688852694 -1.183742836162132e-20)
(1.033458551062143 0.006329691920148071 -1.879647981954418e-19)
(1.060006137090129 0.01457081965145102 -2.367388599493772e-20)
(1.088751383582818 0.005402328974904479 -2.936817519192234e-20)
(1.121093486923272 0.03634905026377793 0)
(0.7548625697934225 -0.1199780901132929 -4.550163418650137e-19)
(0.9545143684242902 -0.005737030397723683 0)
(1.068874048856332 0.02236836616072015 0)
(1.068822060168161 0.007212439897772864 0)
(1.073740374625469 0.008621711082047536 -2.817253007754659e-20)
(1.09306577065459 0.02263970470263359 1.07921253514158e-19)
(1.149884931669418 0.001879457898879839 2.11611373700879e-19)
(1.095575998239585 -0.002404556306184944 0)
(1.015376562910185 -0.009421547668973761 0)
(1.127103460429963 -0.096107223988372 -1.654122226499017e-19)
(1.044055398060316 -0.0118001248552622 -8.339886960385296e-20)
(1.058331884494223 0.02668980500711679 -2.714341557453217e-20)
(1.229068058760257 -0.1122421490364196 -5.572430226361928e-20)
(1.067590405553106 0.01214025004154603 -4.090174685996338e-20)
(1.255797689244833 0.01492712655449388 0)
(0.9973424624191533 -0.01851444794133813 2.171227639023919e-21)
(1.044659379854058 -0.00257291881640933 0)
(1.087294922503988 -0.002317833858422974 0)
(0.99782574622993 0.007909376108331577 -1.918226152534916e-20)
(1.252667657945393 0.0325577385141671 -2.385972967086873e-19)
(1.063613346185628 0.01831399797268523 5.900412826469644e-20)
(0.9884656290245074 0.01077632035246481 0)
(1.01443673901065 -0.009317758929267157 2.56436404550589e-20)
(1.107029171763525 -0.001757971401595671 -1.156964267669565e-19)
(1.061604546364473 0.03132071812114872 0)
(-0.07141056355785678 -0.02727808249000264 7.583837053471214e-20)
(1.153611484576274 -0.05235008016381824 -1.850678155280601e-19)
(1.001966195621957 -0.007150450946934147 -2.817659318301218e-20)
(1.186526564449508 0.06418447421046081 -1.198626514113586e-19)
(0.9971920482821055 -0.01056508524603206 3.086158624361197e-20)
(1.083878121256377 -0.005493912486204511 0)
(1.2456168401929 0.09106023519581009 0)
(0.6960430009190749 0.003163399088806292 -7.444746612374562e-20)
(0.9888880573626931 -0.0159901535117507 -3.214588576490304e-20)
(1.45632335351253 -0.01942304344870593 4.403833876396855e-19)
(1.060657952293782 0.00757374564326636 -6.567735823765841e-20)
(1.364246830858601 0.09374491097563678 2.851235264992627e-19)
(1.054861235938411 0.006731773363234412 -1.903529839826382e-22)
(1.080969901965978 -0.01414394029132323 -3.226637817611969e-22)
(1.162528523233781 -0.2349264076669551 0)
(1.022648756255162 -0.01486470545228689 0)
(1.017890947730473 0.01794087971419462 -3.008303930348336e-20)
(1.389814942695483 0.349736364032374 4.233528674270259e-19)
(1.097305399763128 -0.04217150179336008 9.535109597181627e-20)
(1.046917098016829 0.21128858079164 2.40851183504314e-19)
(1.122590422401645 -0.06294045036420692 1.178964288352807e-19)
(0.9220908126719239 0.005202329380052514 0)
(0.9754504586964837 0.01857969602484987 0)
(1.003973729590331 -0.04843404042370983 3.144132068350984e-21)
(1.010581047173063 -0.01370801213131867 7.720021900319972e-21)
(1.031246800699238 0.02626402306621068 1.356607039267564e-20)
(1.525100379462 0.0343079142221047 3.219993693243192e-19)
(1.29187570717764 0.07011960906869642 5.62327657801751e-19)
(1.072703664770051 0.002953363169847935 -8.849096648828209e-20)
(1.195028509920009 -0.09930988735511345 0)
(1.033984681868883 0.001534737764362853 1.292230851588389e-19)
(1.164057338834336 0.01998084864972321 -3.127682973923011e-19)
(1.001529786170024 0.03254536369860025 0)
(0.999629872521694 0.001974999537365875 0)
(1.044146131531419 -0.0003224420561200819 7.976190106724168e-20)
(1.215757445280588 0.1014796754885284 3.997595040779969e-19)
(1.011150808334491 0.006942126016799866 0)
(1.087492424447543 -0.0699430392001637 -1.070071410568535e-19)
(1.150438848952042 0.03485236057718737 0)
(1.213092629239513 0.08855933788871111 -1.878760463509922e-19)
(1.108252085738022 -0.02876745654902017 -7.782869448522381e-20)
(1.027976660377649 0.01176884611702934 0)
(1.08543428095216 -0.004633433716751257 0)
(1.020193041541608 0.02612753693092473 7.863574111279548e-20)
(1.075536050292478 0.05514202254796632 -9.268525432900883e-21)
(1.103623438125341 -0.004361353341600371 6.418928645676146e-20)
(1.103704998154775 -0.09428696491417422 1.534415017849854e-19)
(0.9610358354732809 -0.002649160840744561 0)
(1.066384611665867 0.03145647306937219 3.705136862501783e-20)
(1.167320352211504 -0.07661143164092978 2.261697855660617e-19)
(1.053938563359702 0.04626376738502809 -2.854555098235468e-20)
(1.023047389154742 0.06816724987600159 3.646277890444272e-20)
(1.090520606325639 0.02623589933381286 0)
(1.01406893776262 0.01384912601790825 0)
(1.02896249359706 0.00938723646691326 7.861895629687019e-20)
(0.9485688215842197 -0.03202827498460698 0)
(1.05327559817198 -0.005487126113598885 -7.445152008629614e-21)
(1.338813774747619 0.0562657279822748 -1.54751209964158e-19)
(1.07966249247187 -0.01329719235700954 2.640033729048219e-20)
(0.7441977568875906 -0.001773862497538321 0)
(0.5519691184957266 0.1668614803432688 -1.027515876985462e-19)
(0.7058699366769976 -0.002488192554036029 0)
(0.6990499783944268 0.01466852251553349 0)
(1.07783605579346 0.003485578444556178 -6.473478440825055e-22)
(0.9906431827147821 0.01443258528022518 0)
(1.281250828206241 0.1222239757085032 2.548139599740802e-19)
(1.012213322094354 -0.02797142869300012 -7.406909020416498e-21)
(1.039646525297621 0.01725058476878968 1.239363277437861e-21)
(1.058422219709671 -0.0124119341766573 0)
(1.126369542404362 -0.009239701833063723 -5.116367753879627e-20)
(1.262577983678163 0.1224435849934062 -2.174916496106004e-19)
(1.088809200922447 -0.01088486230076595 -8.568296590522548e-20)
(1.071084612909927 0.02522129896816392 -1.069687650706422e-19)
(1.04111632891039 0.04678277265823778 7.398171668452154e-20)
(1.022383328696028 -0.003536840440307943 -3.470360257631922e-20)
(1.061310755746564 0.02370509139871189 5.734556659218033e-21)
(1.138575333670617 0.000863199661768656 1.046967204954312e-20)
(1.040623173057142 -0.01253659526714096 -4.682641458592348e-22)
(1.087637423742191 0.03480664235779694 0)
(1.028741497488772 0.01345993202242928 0)
(0.7916116671936727 -0.07820065386266717 -1.843587360412608e-19)
(1.03030392997042 -0.002115085975460731 -6.558315741398343e-20)
(1.136902308796843 0.002558207240828435 -1.281300624835102e-20)
(0.7035338842514193 0.006544297962554423 7.162180931545755e-20)
(1.176122467930792 0.01868683331491653 -1.967173182189768e-19)
(1.130913136171836 -0.002688474149379504 5.66889681628339e-21)
(1.129054387381332 -0.01010520979997598 3.370739531167404e-20)
(1.0009355746074 -0.002989871298924871 -6.745864597150501e-20)
(1.095591810466887 -0.05760344676719793 0)
(0.9883472693707331 0.001210502620347971 0)
(1.057944661054105 0.007032040468016079 0)
(1.006283679262809 0.1898465347951025 -2.362898376188668e-19)
(0.77948048418364 0.01243329155424719 0)
(0.8570518506019321 0.1036740087338679 -8.204885643434137e-20)
(0.1052364257056668 0.03229210456065235 -3.0215112459496e-19)
(1.172689469549385 -0.03264655176471676 -2.28632804607099e-20)
(0.6712363021510542 -0.007371118085099072 2.44914041857978e-20)
(1.162431604926159 -0.1051393162645342 7.005335242853676e-20)
(1.129169042900509 0.0007059783548648726 -6.032331782491601e-21)
(1.154201008928033 -0.05107982183951405 2.221746105380693e-20)
(0.07230706088070277 -0.1897242113988001 0)
(0.2590527768818401 0.06429849863930193 0)
(1.256521202752857 0.1037970087571237 1.845082373022329e-19)
(1.021489417044112 0.01988398875000312 0)
(0.7375597123267038 -0.006302922719573134 0)
(1.07480181154298 -0.01160362722101299 2.728454230974524e-20)
(0.975173827361195 0.002878267420425177 0)
(1.289923884340111 0.1183488948756929 -1.437222099882238e-19)
(1.057366757009823 0.01104427570236069 0)
(0.9923437816477171 -0.007946235788055729 0)
(1.065329455310519 0.008077825479173994 0)
(1.006258151579594 0.02091058885653227 2.167628796037284e-20)
(0.9250239211423601 0.003618879580485534 1.272636980816998e-20)
(1.175001943495108 -0.1989227389861648 0)
(1.004978261146948 -0.00522520264758594 7.990747725883709e-20)
(1.05923848359956 0.006162853879226075 0)
(0.7745357642704569 -0.003347077034629096 0)
(1.216246157803612 0.02564115650976993 1.61893666342814e-20)
(0.705122108751974 0.001348273567785314 0)
(1.431093819590942 0.0849048823732427 -5.128567815091383e-20)
(0.9938241957754326 -0.005525672916313509 1.664124505254004e-20)
(1.275684702742408 -0.004370392192729675 -2.99969721300797e-19)
(1.060019252770011 0.00888200505349898 1.331542455304129e-19)
(1.000899389964144 -0.01355836240869803 0)
(1.211940324135665 -0.1527947251772055 2.045771199877818e-19)
(0.7331652862929712 0.01378787987273367 0)
(1.09800995698441 -0.004997443728308023 0)
(1.155561744002839 0.06418934723700892 1.900402048231762e-20)
(1.006300247920122 -0.007016848974844008 -3.048093848216951e-20)
(1.122652416084906 0.04964051141734142 -1.711986342813457e-19)
(0.1569757290464932 -0.09148771647101435 0)
(1.074051538604581 0.03749626409012604 0)
(0.6615336458940996 -0.002874859598658174 -5.235845806366143e-22)
(1.012064054011017 -0.01973122774081666 9.064587682109802e-20)
(1.061775809665552 0.0007978783576296678 0)
(1.086560826184456 -0.1406577383063274 3.80045934072741e-19)
(1.002495325523707 -0.00614032575040309 -3.325191800257785e-21)
(1.002335420549864 -0.00389819545146128 1.315553406956413e-21)
(1.094036907124458 -0.009175699924099693 0)
(1.020806556781614 0.02014067590624911 -6.622449099161347e-20)
(1.106812033630541 -0.001663204207154349 6.351016290880273e-22)
(1.07397319282452 -0.01061873103212116 6.605425017088722e-20)
(1.085640065672779 0.02224221564024014 0)
(1.324029612911894 0.1576768008062296 0)
(1.002093368899708 0.0005578750037818696 4.407047015520066e-20)
(1.322081621406388 -0.1337331176108225 1.597059280879896e-19)
(0.009311821294411365 -0.1368151661850803 -2.343488366005181e-19)
(1.071160494780482 -0.005453931126687768 0)
(1.113212803389461 -0.001107102838228715 1.192294856082685e-20)
(0.7268813336334584 0.01783703422184359 0)
(1.058814864870049 0.006903685981619224 0)
(0.8622609326853387 0.1623619288105715 4.635458646716364e-19)
(1.281100202799139 0.1175490904162003 1.831273252192584e-19)
(0.6541138984458971 -0.003114102055464342 -6.480845473073415e-20)
(1.040993509365974 0.0009178929006637903 -2.430802383265796e-21)
(1.0549409993 -0.0002240649614901492 6.47183997667122e-20)
(1.35949461035629 0.1181934585939502 6.581843507402534e-19)
(1.338179932257138 0.2525889214179998 0)
(1.057091966789005 0.009038272292590615 0)
(0.9959510261479068 -0.004943629237554936 1.394379196774688e-20)
(0.994407221047545 -0.004716831168688919 1.306182340274317e-21)
(1.386190504143431 0.1997090711457752 4.325452589413115e-19)
(0.6817704530496241 0.0006102473198941325 9.934969401894214e-20)
(1.005715201837197 -0.00210299702754074 -6.00738213861949e-20)
(1.098013358009529 0.01312725361314642 2.553254850257119e-20)
(0.6694540098652193 0.004974270973173749 0)
(1.066081287778108 -0.01203466148865263 0)
(0.9944750434350056 0.1252072072534534 -1.337184212381746e-19)
(1.082871938663972 0.005676505029347827 -2.553035485655179e-20)
(0.9818920650836598 2.500638191984275e-05 3.308105143973499e-20)
(0.9912112568475464 0.005988758452708448 0)
(0.6381663900587756 -0.001146251887115387 0)
(0.9768116805486512 -0.00130762052139701 0)
(0.6419572404009554 -0.001436570252783798 2.682409576817419e-21)
(1.086905876139756 -0.05695381424643468 1.217943162353581e-19)
(1.109234807086954 -0.004511712773805819 1.181627916376541e-21)
(0.9580719873016534 -0.000883033831788879 3.889942141994143e-20)
(1.016646801018019 0.01077804448707032 1.702367969856452e-20)
(1.063953444891057 0.01065403834158208 -2.199021943848172e-21)
(0.6348270824543983 0.008850871927055724 -3.624821583145854e-20)
(1.003629015551971 0.01275014131905026 -6.433740868399261e-22)
(1.036987201449782 0.01164913733865072 5.082817107700298e-21)
(0.9868720330183689 -0.003667618487314158 0)
(0.6100631999112025 -0.000450555029102951 0)
(1.068972350940663 0.02265024203001567 0)
(1.015673863401622 -0.01626330252595351 1.046747836362142e-20)
(1.021866590466094 -0.002259539706164684 0)
(0.9931316320013042 0.01461626540047697 -9.48713303257701e-21)
(1.010846782140948 0.006735919132541838 0)
(1.132786685947286 -0.002454159436234734 -1.258538406923644e-20)
(0.03096200324574559 -0.1380343276360925 -4.319111026482363e-20)
(1.0349729671809 -0.01623291965457772 -7.021966398328015e-22)
(1.045589270598625 0.00938197456216139 0)
(1.08764105460484 0.06804123879944961 8.394333112224742e-20)
(0.968800403209492 -0.0007395822650545054 3.115006238559166e-20)
(1.020291280593183 0.01706749728431428 -2.254266755861248e-20)
(1.007050081120585 1.276068565984192e-07 2.41350184880791e-20)
(1.039879757510079 -0.005976547293621706 0)
(0.6409859363408572 -0.004061293260321355 0)
(1.026024990296766 0.02447433868724373 -7.916178203659255e-20)
(1.082409945987874 0.005053271354707364 5.029930389911189e-20)
(1.011662955633378 0.00494952938929341 0)
(0.9818166304044983 -0.001050520620451976 -1.909589647600958e-21)
(0.8622088345627328 0.01734503931672928 -1.406116898371088e-20)
(1.013940796567843 0.003007151270438845 -9.731527986132813e-21)
(1.025175406146441 -0.00111434237696967 1.803235812696435e-20)
(0.9788240632594555 -0.001541349863162526 0)
(1.007275037099688 0.008904855376389785 3.23800819740482e-20)
(1.108104261830729 -0.004463070042325433 0)
(0.93397321358296 0.007951673345631185 -3.387177012579222e-20)
(0.9559006814741126 0.004993766356660712 0)
(0.9028231060718112 0.2041583996066393 5.010701094649069e-20)
(1.011218079036104 0.06761272752729716 0)
(0.9907474062651687 0.004110350585638923 -2.312469807512249e-20)
(1.054160588778186 -0.04938600566809 -2.735433560515969e-20)
(0.9931617775354209 -0.001187546593276774 3.316005626199498e-20)
(1.007765717015324 0.003018482675368379 0)
(0.9805808487981266 -0.0003412550927250786 -3.083248762035919e-20)
(1.177494447837645 0.09568414476798431 -3.316614165667647e-19)
(1.067596657127353 -0.2630980260159445 0)
(0.995011350130884 0.00144980688377809 -2.230190510167792e-20)
(0.9787860850448059 0.008262326293466129 4.779698637216452e-21)
(0.9577547814499757 -0.002111180787852398 1.061575509712366e-21)
(0.7460385864195007 -0.001093221352495472 0)
(1.113489239888544 -0.07073923301480572 0)
(1.00704455329924 -0.0006579099460107047 -2.177151479021043e-20)
(0.9016325295950532 -0.0005135405456192196 -1.084540976411223e-20)
(0.8438393439431763 0.007159484488742411 5.537148995465596e-21)
(1.010188168936033 0.001391845702454768 0)
(0.9583303697165778 0.007963064886971813 1.585858158066454e-20)
(1.005782437916041 -0.0001964146412837277 -2.251337389685396e-20)
(1.02544948592978 0.001403987310844312 -2.496749532492806e-20)
(1.111916918929345 -0.006108973934862759 -4.890375522032959e-21)
(1.114131738575473 -0.005473632355920227 0)
(1.009828719425189 0.005615126961829259 0)
(1.025464374032307 -0.001564326663148849 0)
(0.9499259630685999 0.01083579971421955 -2.096441174198665e-20)
(1.017881542564454 0.01315183614903941 5.602704017636035e-20)
(1.084279880457943 0.004387225641976032 -2.324970941107143e-20)
(1.036847957028969 0.005166882544585438 0)
(1.108169909664494 -0.004663150772811391 1.810133067481833e-21)
(0.9955163287121885 0.0009655863686046569 -2.230694199851378e-20)
(0.9796873476061683 0.001032689334389408 0)
(1.010658562546901 0.001869630115442042 4.705923425868328e-20)
(1.361925939626298 -0.3135062907315223 -1.119690213561967e-18)
(1.120909494704368 -0.04585642533393994 -1.110235757940705e-19)
(0.9760772939514533 0.01216090582581387 4.726829696689473e-20)
(0.7780005680941046 0.02196443008402853 -3.626933388749408e-20)
(1.221836420011773 0.04851462953751369 0)
(1.213576493821606 -0.1349691898245224 -1.481106521633061e-19)
(1.084921789046197 0.0002844198376877309 0)
(1.009493951961931 0.0009558990405255727 2.254432656565855e-20)
(-0.1890681401567021 -0.07222986680413801 0)
(0.9939716929777771 -0.004676178289119455 0)
(1.012331133814507 -0.02305788879869306 3.922193533110697e-20)
(0.7062117800531645 -0.01941108571383725 0)
(1.096801053917006 -0.01503628810937681 2.36607917725844e-21)
(1.039354822712898 0.003548282221733069 1.405733280516036e-20)
(0.6331580238309559 0.004176086936351557 0)
(1.44469632912289 -0.1235901906313029 0)
(0.9861424120854684 0.00220888725553361 -1.069824125380516e-20)
(1.069598486030536 -0.01499513948815765 0)
(1.038009845856742 0.0005846954235017794 2.074122437708506e-20)
(1.087539025148052 -0.003986511630757723 0)
(1.010165581898917 -0.004975648452884136 -1.260245632849635e-21)
(1.006226462935864 0.003248427393141777 0)
(1.011217513175943 -0.002887929916146517 -6.415600951465968e-22)
(1.003617377366489 -0.02002525976324262 0)
(1.034611402933451 -0.002832018234856188 1.863048954160632e-20)
(-0.2124743468455627 0.05249711739626634 2.796135593796314e-19)
(0.8189951054965373 0.0393792579704642 5.985073539103407e-20)
(1.005111240801084 0.002378565165340859 0)
(1.122831263980833 0.0190196460277953 -1.308919593912605e-20)
(1.109169262881509 0.009489596655638638 9.745886368672376e-21)
(1.053853045724465 -0.01293764744646941 -1.322439406968472e-19)
(0.9987741054483698 0.01039825585498753 -2.315905821145309e-22)
(1.085047546792898 -0.003543541053493667 0)
(1.187280158612735 0.04926053087767629 0)
(0.8350298089806439 -0.07360365894572544 4.60789638281658e-19)
(1.095409996547667 -0.01310677208484905 0)
(1.033043945489061 0.008053921565140483 -7.684709858443461e-21)
(1.042747711753392 0.0053940436239759 5.71714212218946e-21)
(1.050644692693657 -0.05938774134849286 -7.552449833646954e-21)
(1.139965695974526 -0.00263818849449004 1.718483518644737e-19)
(1.076847693132312 0.001956565934510014 0)
(0.994913103559121 0.001843571109608359 0)
(0.9981159773850974 -0.02465285154817139 -2.370476224508089e-21)
(0.9914975535691042 0.00317868306457061 0)
(1.029124865155878 -0.03678805757162562 6.502667533475495e-20)
(1.293700785915179 -0.09889284350342842 0)
(1.044433247628873 -0.008131082242100034 -2.04315728407415e-21)
(0.9861772509357344 0.01679856128629133 -9.034342879555414e-20)
(1.03521495911359 0.04270071116291332 -2.33379327037532e-21)
(-0.08855459767455756 0.1954137871306009 -1.711534967326218e-19)
(-0.065378837990873 -0.2791276271394534 -1.342469432379883e-19)
(0.8596433726703738 0.1107188630806867 0)
(0.2770258294726943 -0.009503683854910183 -2.883151283995906e-19)
(1.012741859033319 -0.01689032914906877 -1.08535917235027e-20)
(1.06402167065735 0.002655207937202981 -2.070827800093399e-20)
(0.993323237199661 -0.02120884161719418 3.008438355052975e-20)
(1.026587692878392 -0.02720251595353682 2.61730270692611e-21)
(1.008730650656225 -0.03032068332860787 -6.696286442307016e-20)
(0.9887202288876444 0.004920271647116481 -3.493093652294504e-20)
(0.9939115827433971 0.004446295724171767 0)
(1.024370956673277 -0.001872371335370012 -3.540837668961717e-21)
(1.929734990992413 -0.1559729708419527 1.065671518765746e-18)
(1.052610009350592 -0.01895436388063575 0)
(0.9966185941428807 0.007233437905631542 1.486569530880227e-20)
(1.003238749720178 -0.0004366888664045498 4.023140159733387e-20)
(1.177786496891339 0.1482576799844753 0)
(1.008202083500578 -0.02168384167054542 -2.784733760820844e-22)
(0.9531641624023779 0.001126451510632713 0)
(1.037850444925739 0.0417104106066478 0)
(1.292496399270813 0.151269840684213 2.154381111532577e-19)
(1.077767293255249 -0.007189665979211531 2.322413635121477e-20)
(1.01692324629686 0.03209045203197479 4.528192632484459e-20)
(1.077623346677873 -0.001159042449497934 -2.237941353794858e-20)
(1.058466110942209 -0.02091910469298181 5.517894964732875e-22)
(-0.3866678250708854 -0.03577141020952099 0)
(0.9985655567476832 0.01275494216517763 0)
(0.1256361200511671 0.05679610598548063 -9.158267081581607e-20)
(1.005463971309642 0.0217620999778266 -4.009305546749639e-20)
(1.002784637675528 -0.01497192386107364 0)
(1.000376324472583 0.005536650549967457 -4.940641091481556e-21)
(1.081763129013909 -0.04214011089478743 0)
(0.9951368386928878 -0.01916941660307504 -8.02904511902073e-21)
(1.093033349921116 -0.04557705295079142 0)
(1.44038861288205 0.1712048030276905 0)
(1.054395143492189 -0.0116747822310933 0)
(0.9919361190934621 -0.02356317316870622 -4.045864934679922e-20)
(0.9819767844987916 -0.02025109608576074 -2.793748925598879e-21)
(1.019887488204012 -0.02008295686334003 -2.073126181407921e-20)
(0.9971266685611007 0.01727283000366229 -5.421651778229166e-20)
(0.9955673426983027 0.009341251330717849 -1.448765207338612e-20)
(0.9947806251739969 -0.02634796869378694 0)
(1.001848345842197 0.0253799372283247 1.890775696017259e-20)
(1.035199499200482 -0.02508070602934239 0)
(1.110409595622658 -0.03646534316183169 2.528970278128468e-19)
(0.9951053484155001 0.01694661736157041 4.493028251337296e-20)
(0.6150833920318679 -0.008683283141494375 0)
(1.154063228137351 0.1452751435059687 -9.92416239943229e-22)
(0.8259855443128142 -0.09136979940906395 0)
(1.13926961722146 0.07259976237550349 -2.791341595642059e-19)
(1.313022803579617 -0.387514290847662 1.274946877403435e-19)
(1.075416349837025 0.06598321304909788 -1.308078729206297e-20)
(1.010590304686904 -0.02932096443412556 0)
(0.9546871467424881 -0.2137093304732769 0)
(0.537075861083931 0.1668572805222324 0)
(1.012672489576681 0.01383122500693349 1.009191385836431e-21)
(0.7136172125791574 -0.01132899758610406 0)
(0.9980469232212525 0.01701555447027889 3.451825300224988e-20)
(1.022868794200479 0.00013992453811953 -2.672318384637774e-20)
(1.07914493930566 -0.008008439525751922 2.658841592787348e-21)
(1.048125225828398 -0.01360961881891589 2.763571090097605e-20)
(1.042974583333926 0.01092760506515738 0)
(1.053046638645 0.02565154520080352 -9.548588003235549e-21)
(1.051658129491104 0.03516777122930759 -1.77150209367734e-20)
(0.9833725136614664 -0.02169105911304355 0)
(0.6248999890983197 0.005136032912270323 9.178824252307118e-20)
(0.8941746190681106 -0.005927653630850574 -8.854027209911319e-20)
(0.9093506126178394 0.005256188624393248 1.445930170335028e-20)
(0.6296295633038975 -0.00640901957496087 1.410824781907003e-20)
(0.9794915226679985 -0.0004456984262450442 2.552307838952989e-20)
(1.004423795780127 -0.01762545248795772 -3.313655423822063e-20)
(0.9707884264515388 -0.01363161389126929 -2.978043221643132e-20)
(1.085590019169994 0.001463266490536351 0)
(1.018635862050796 0.004919149633697575 1.086295626948221e-20)
(1.133335959881493 0.0481069581458906 1.346094384010283e-19)
(1.033386293997145 0.04291105320354086 0)
(1.022239755333628 0.002637019683163532 0)
(1.580094409127229 -0.1675047929930199 4.357315623469122e-19)
(1.042820080862264 -0.02683865689110725 0)
(1.022624817313499 0.008584291817651713 -3.574765150095513e-20)
(1.086688136052032 -0.002097947830787073 0)
(0.488578341542481 -0.00994150212455026 0)
(-0.03786971300778825 0.002772668317909552 0)
(0.9902578476244981 -0.02345264804493362 1.248355311049906e-20)
(1.299194952226484 -0.09634681981556271 3.668705012785208e-19)
(1.032453425982079 0.03925385418178206 0)
(1.022655150537476 0.003430002167760527 -2.189170805360251e-20)
(0.9362149540265227 -0.165608189814629 -3.700953651734459e-21)
(1.253515958898004 0.07311352812463648 0)
(0.5992684426399458 0.7327023423663541 0)
(1.304765264424057 0.1434637791423224 1.056718697409847e-19)
(1.672837277959491 -0.02609649354855972 0)
(1.072264991202518 0.1289105273100276 0)
(0.7322583832572493 0.003412754080909984 3.268376159097599e-21)
(1.049389287964731 0.04952676042366635 0)
(0.7208839025036254 0.1004421799017728 1.306402900993324e-19)
(0.9968256329634744 -0.01625825831660411 3.584998362767629e-19)
(1.035699518616132 -0.03819085532302342 2.644723908266574e-20)
(-0.3692133423881393 -0.04489924484883387 0)
(1.071703196087355 -0.01612599009042835 0)
(1.092166759248766 -0.01718208382583312 0)
(0.647041833725275 -0.5001475170598478 -2.508869642527756e-19)
(0.9919701439943533 2.363577549757094e-05 0)
(1.091809126362442 -0.02221303251532289 6.430693212140019e-22)
(1.189354166682022 0.1209233724277954 -2.044971216893036e-19)
(1.095033682168743 -0.03752847746488104 0)
(1.005036203226579 -0.02084136072512062 0)
(0.8024287078893015 -0.197667149432374 -1.728182355872351e-19)
(0.8991778040225775 -0.1437394202402846 1.490418048402659e-19)
(1.03154133099514 0.01015700844859474 -2.077914549066713e-20)
(1.023131978117625 -0.009262039952908179 -4.292926358504209e-20)
(0.8668096630122303 -0.001694614548702378 -2.570192508550741e-22)
(1.501883101740199 -0.1940145772704393 0)
(1.302997655946746 0.1112279401357489 3.109278071731378e-20)
(1.242894604913841 -0.0798740878341426 -3.103968613058779e-21)
(1.09591800046249 -0.01881200736305979 -3.971123376761387e-20)
(1.042727255727671 -0.01797058040835985 2.961484269817296e-20)
(1.092799207215537 -0.03919264211265404 9.523443706338749e-20)
(1.032760165368758 0.0199216862395446 0)
(1.049200032710335 -0.03161777203232315 0)
(1.115850213192328 -0.00904931645687543 0)
(1.096397204779734 -0.02862956146239887 0)
(0.9980571286553221 0.01071765577725656 0)
(1.15392138611406 0.07588585382617802 9.322452340730975e-20)
(1.345657626045156 -0.1591075059183963 0)
(1.043024444018837 -0.02337974236135864 -2.29773621286235e-22)
(1.051980726356899 0.05501629552647725 0)
(1.009920815280767 0.01431700796565382 -3.825023610776976e-20)
(1.0334914236318 -0.008155266426908427 9.346674767485186e-21)
(1.088998438295079 0.01330730089451626 -3.170839392974329e-20)
(1.084192825464305 -0.0296917246174958 0)
(1.076226063529042 -0.005681857286238433 0)
(1.101128282631189 0.09281826928593082 -1.401443384123702e-18)
(0.9348422402899722 -0.1479671640345242 -7.110520330699091e-20)
(1.180064559827969 0.1084817184685683 1.118405233443067e-19)
(-0.4561658192490438 -0.01641129651251265 -2.93215141716168e-19)
(1.019318214918316 0.02959590875455038 -8.580389743106955e-20)
(1.00689096010941 -0.005774612033588853 0)
(-0.2613622048457918 0.01889824255174047 3.571958976322882e-19)
(-0.04634196815376362 0.3411657931540363 7.621546358058686e-21)
(0.9952175122833642 -0.006331319172770884 8.968788118266326e-20)
(0.1857910849440247 -0.0416369613592999 1.346214593495135e-19)
(1.095801767515737 0.09012507526119318 1.487308244120459e-20)
(0.09339077834238682 -0.1066540448952094 -5.35646613895857e-20)
(1.107980627429624 0.003166883603441019 0)
(1.094277349078873 0.2509397449032298 0)
(1.021438974982362 0.02197618166761369 -1.680847543802996e-20)
(1.068156199152757 0.06130686418569178 0)
(1.024077700302119 0.02591092711984437 -8.815128847837557e-21)
(1.259973663283761 -0.5474123144412839 7.980815766486678e-19)
(-0.08316078701448357 -0.2185932930740467 2.101645197596958e-19)
(1.296354660136076 0.1114943091070303 -6.126072923938742e-19)
(1.124957765575118 0.0007156736403690697 0)
(1.134949746336291 0.1041898124580235 0)
(0.5212194148024339 0.07793957618603019 2.45006144798061e-19)
(1.022881801087216 -0.02093901869979338 9.571801568505486e-20)
(1.005309080581347 -0.02346629056014315 0)
(1.213424500401683 0.2716249467891441 -9.826796133498303e-20)
(1.249848881218367 0.1290191073302139 -1.509039268650415e-19)
(1.02649485260506 0.002678119626619551 1.587778527974095e-20)
(1.295585813178089 -0.08488151688885873 -4.95464968328124e-19)
(0.3082811059273787 -0.0223205777252722 2.812062700256282e-19)
(0.8350366411147468 -0.1501432155533656 6.886730584174481e-19)
(1.056834164360783 0.07151704391376164 1.086561227310991e-19)
(1.040614187857803 -0.005167012528623981 1.271452554174109e-21)
(1.000830245398403 0.01987410178909768 2.860735446361938e-20)
(1.0664821916584 -0.03688039452691388 0)
(1.034484369355436 -0.03844190611485047 -1.444423525280816e-19)
(1.018154408777146 0.03559479625049111 -4.616703942793908e-20)
(-0.06467249740310442 0.08506403519997252 -4.915716137723007e-19)
(1.010716079537059 -0.05773318206975766 0)
(0.894748749893351 0.008834373065008188 0)
(1.092285059720321 -0.0004308027285233918 0)
(1.359848331567063 0.2565959543314159 3.746160628918874e-19)
(1.692529759755986 0.1028664608646238 1.321812054530271e-18)
(1.40209423336571 0.1463101959489956 0)
(1.029706897462438 0.02370752659604581 1.095099362391579e-20)
(0.3454320193813772 0.03170752267092772 3.346780282035859e-19)
(1.121388322211338 -0.0008783464646869253 0)
(1.101015401019391 -0.02079570777748437 3.344873254708834e-21)
(1.098179774440672 -0.02478699658803024 2.384802192999685e-22)
(1.143096450975012 0.0990581014004972 0)
(1.298722246608027 0.05380850504822655 0)
(1.040146646665717 0.0007728198048713152 1.152765218357713e-20)
(-0.14813587166537 -0.101450583430491 -3.968249102352825e-19)
(1.330955672936075 -0.156613533637243 -2.188284224496023e-19)
(1.067905667318092 -0.007377402259790217 0)
(1.013829468876277 0.01529272819308448 3.020282904307076e-20)
(1.140798967115881 -0.09508707661956022 0)
(1.015775929348639 -0.0178687484173367 -1.143996874083539e-19)
(1.030701096156501 0.007699272286100876 0)
(1.509320182250888 0.08654861776017621 -2.81024935562649e-19)
(-0.07164375038306153 0.06102617636854821 7.469019294861325e-19)
(1.098381662445756 0.04974335991128331 2.065031364887534e-20)
(1.093172346162722 0.07886061032554278 2.140365332631872e-19)
(1.009794125385132 0.008378702394420108 -6.091882827396812e-21)
(0.004652977144920251 -0.1126186813991402 -5.008754236668084e-20)
(0.02474749014845262 0.1158015709693663 3.629871089074661e-19)
(1.237550417323876 0.1305994306767823 -1.548437961692029e-19)
(1.112236242936533 0.09641243154822823 0)
(1.088107511885049 0.02483800202860004 1.779955503925816e-19)
(1.007167778417972 0.02198753716897499 1.756632860412819e-19)
(1.028953477550266 0.001239590755282567 -3.690629644418159e-20)
(1.217456624626782 0.1306564134688941 2.525602898614063e-19)
(1.400038977454579 -0.1349713542662222 -2.092217170450706e-19)
(1.066222636380013 0.05003306851440024 -7.363477026005409e-20)
(0.9937594193578211 0.006581278587597712 0)
(1.087619413466065 0.07682228303680141 0)
(0.9783670493263255 0.006654134504691117 0)
(0.9973677966314098 0.007740944772201291 2.284045884617358e-20)
(0.4947414543271722 -0.07440787642350452 0)
(0.989888457384368 0.004101466334987349 -2.420919289260382e-22)
(1.287447776233231 0.07552128836844986 0)
(1.008815288113482 0.00775198456334478 2.152550826046022e-20)
(0.821833236686844 -0.1275728885956331 5.607051455931735e-20)
(1.103717827992747 -0.01979020745271599 -9.311607483219393e-21)
(0.9397947694233855 0.01662870082447302 -1.770340856577897e-20)
(1.445021526414232 -0.2862856542982857 -5.368362100483201e-19)
(1.138537738375252 -0.09247498169957602 4.748330954363789e-19)
(1.08887219544399 -0.02513717430615653 0)
(1.92844303594421 -0.4698865087008718 0)
(1.619262142828144 0.1881619565642236 0)
(0.9863776735484778 0.005878226820962582 -9.144750693087661e-21)
(0.8612400513554105 0.7762265864517364 2.43078102557564e-19)
(-0.01720919480468232 0.2231381648239346 5.444718031925187e-19)
(1.043838429111198 0.008903260607071013 0)
(-0.210518579414925 -0.08374613216593112 2.111021207915342e-19)
(0.9839192873871994 -0.001786099385345188 4.080835815803403e-20)
(1.182293092320789 0.1618466303595015 -1.65190534067113e-20)
(1.044407468395972 -0.02239651055073458 5.433600404368661e-20)
(1.059062641516941 -0.1450508446445229 1.493635874236399e-19)
(1.131610730824412 -0.002662306392793061 4.503571777491814e-21)
(1.111604950811768 -0.01923869603043476 0)
(1.313140625960123 0.5315764457991318 -6.062928880701993e-19)
(1.030111186239115 -0.005468082671674863 -2.238115501559992e-20)
(-0.2902928388558079 -0.06511991814891792 -1.970055100405492e-19)
(0.6795874907333612 0.01847318097380813 0)
(1.084739881287625 -0.6962401201142748 -4.790802159880673e-20)
(1.317440450440475 0.08545108890501134 -1.112160137498241e-18)
(1.113680489698189 -0.1081071567656301 0)
(1.089059919797502 0.2805162479592737 0)
(0.9725028677674995 0.003865049420929331 -6.171298155359045e-19)
(1.061611814983165 0.009440780371834783 -4.207779204134937e-21)
(0.9246566611453801 -0.01209306114165721 0)
(1.090558343410389 0.03088228144818921 -1.754938841432648e-20)
(1.365630379082347 0.213157402168461 -1.846688872966597e-19)
(0.7325345214686937 0.1002791774331163 -1.050311504078976e-18)
(1.078601338570535 -0.0005839510901240265 0)
(1.264751062652763 -0.06163016719917389 7.092493441499379e-20)
(1.006037465213143 0.0005432179968683639 0)
(0.846899568017084 -0.7727469958768068 -2.686930434405738e-22)
(1.081316392331484 -0.05219850748330176 -1.07597924140946e-19)
(0.8774087805615891 0.3273556885601785 2.911270929169808e-19)
(0.8364581224883287 -0.2010741975350272 0)
(1.029944329509256 -0.03539419487451091 0)
(1.053534466845335 -0.02911302928883065 0)
(1.006178991499088 0.0009743849653987148 0)
(0.9811872707353885 0.0062214173425928 0)
(1.351273543791679 -0.2391738309302945 0)
(-0.1014587461184965 0.1762248811900597 2.404096686880248e-19)
(-0.06490369962140333 0.05848723500628479 -6.312824390091365e-20)
(0.2431518009287482 -0.1221740183051232 -4.26132531744132e-19)
(1.516219463309997 -0.4373808715117577 0)
(1.034042308706911 -0.01653104844994648 0)
(1.767438941250857 -0.7565541691322147 -2.332777166491893e-19)
(1.130790814331908 0.00250938259330899 7.912109874473319e-21)
(1.327401035054729 -0.09319357434150022 2.845831248375347e-19)
(1.110523429264904 0.7108826580125339 1.466052555540308e-20)
(0.3398780794510736 0.5967064693845894 -2.140601807498056e-19)
(0.6772819808937649 0.4621673704928267 -4.739250643614403e-19)
(1.060441954867376 -0.1622662216610787 -2.079118666403834e-20)
(1.223625342744146 -0.3587409178577056 0)
(-0.06046567055241325 0.2115575831603667 -7.489991584037051e-19)
(1.047326400729668 0.0227406727574691 0)
(1.111656227579361 0.04500469799827204 -1.538206726171321e-19)
(0.8168985351619398 0.9006832638454697 0)
(1.067470797803269 0.04402777997192039 6.902497762525658e-21)
(0.2699604838404528 -0.05699017314357626 0)
(1.110426589783649 0.03640835705775962 2.338640146083137e-20)
(1.374312471272287 0.3252242084983733 -5.594061550033542e-19)
(1.074505278273237 -0.01312077945035608 -1.67222619456922e-19)
(1.473745633127608 0.1591927087474743 -2.55390240880543e-19)
(1.334368335103526 0.419881995767323 0)
(1.177241198498441 -0.2717964146372408 0)
(1.305895482856088 -0.1396639215122522 -1.234447944678165e-19)
(1.066806815605347 0.01622282538536428 -3.324204143780075e-20)
(1.060715875100169 -0.01195608566394269 0)
(0.7378786900738747 0.1434939882563193 -1.151629652802766e-19)
(0.7722535067234625 -0.5735614346461535 -5.861265886696855e-20)
(0.6669379414815986 0.2067523970205846 9.560493105759375e-19)
(0.9676725069069636 0.1117798282208606 3.279517256928518e-19)
(-0.001914078626741954 0.09463680594534463 0)
(0.554080980007288 0.0191740584757215 -6.391141731925552e-19)
(1.057534920212677 -0.03993063885742021 -1.901202332684122e-21)
(0.7012218902415878 -0.1201115937605072 -2.803412738245676e-19)
(-0.001732815815370644 0.2458554333429229 -3.010734011306178e-19)
(1.181058210162152 -0.08031093389022917 0)
(0.4011352123203087 0.01684852149191214 0)
(0.1611474030558764 0.376045513945829 0)
(1.445498808494489 -0.2649157305038957 0)
(0.2332204590393263 -0.35423811912093 -6.456393217073806e-19)
(1.592440341086889 0.03873586613423665 -3.861948323319629e-19)
(1.024596592601212 -0.2004448487473785 0)
(0.6664126516043253 0.02499923921097725 2.449466315619965e-19)
(1.024522569881446 -0.0113076001438115 3.554775736892832e-20)
(1.13962331970468 0.2368493289563192 0)
(1.738500730484203 -0.1129249356454081 0)
(0.5792405840444976 -0.7338837787064699 -6.656506240332812e-20)
(1.271624321156221 -0.112012759131473 -1.016305076406191e-19)
(1.410303640803993 -0.08749261432421607 -4.345562929595847e-19)
(1.487412895176625 -0.06742800130006005 3.691932621417844e-19)
(0.09681324452319542 0.1044561628206841 0)
(-0.1258826769170932 0.09811461570171359 2.8480364473721e-19)
(1.038112223378073 -0.06319777045179494 -4.721937613864739e-21)
(1.119233766526603 -0.1398499529593931 0)
(0.6396672823603661 -0.3530427629589289 5.241969478297745e-19)
(1.048714955309509 -0.0631245428535616 1.359135501085123e-20)
(0.8601165338935868 -0.1475057018725395 0)
(1.318439093059464 -0.1386116223536354 -1.068325180732989e-20)
(1.122796595292362 0.08053988678074804 -4.377043042595855e-20)
(1.091070148287165 -0.005014003189554595 0)
(1.130180969080352 0.5723454080006685 -1.134723484466413e-19)
(0.3409670774819381 -0.595762808725013 0)
(1.060959300532758 -0.00344784927824434 2.828104549935577e-20)
(1.097172559606722 -0.00631584338175016 2.685810496755255e-19)
(0.09384466420077374 0.1628397049766117 -1.692754925761809e-19)
(1.183943355746049 1.005240282665228 -2.266485993883137e-19)
(1.366268157303098 -0.1379490067717505 -8.753665205108273e-20)
(0.9187983753345788 0.1120291925071506 6.024802671993827e-20)
(0.9973649517631014 0.004033265228450124 1.042692310387561e-20)
(1.066054276895155 -0.1547182573515913 1.848512998544705e-20)
(1.504396985098806 -0.9460059084721923 -5.187625226659431e-19)
(1.536744698067696 0.9530529182730726 2.384433516015131e-20)
(1.427902966185062 0.2232114828230304 3.379282147043902e-19)
(1.02820583731366 -0.007613644056788729 2.089761111066848e-19)
(1.035268037385751 -0.03315384588562022 1.583621540998194e-19)
(0.9919620815965262 0.02270102699171094 -1.897645912225411e-20)
(1.058077529866899 0.03830250169972499 -1.481607619433153e-19)
(1.078483690596014 -0.06540236675989027 2.825623671930217e-20)
(1.439156204191468 -0.138215921219792 3.419636793281699e-19)
(1.82436357096957 0.7504992821373861 1.877390448696348e-19)
(1.032709964892596 0.03357965384203831 1.02268362890303e-20)
(1.07205663740577 0.01343044444041639 -1.071234236358974e-19)
(1.992424110897179 0.4790023940882233 5.3930347799875e-19)
(1.935398668377643 0.1602530001252522 9.402306176457545e-19)
(1.083940666870666 0.6411858364373977 -1.000718032104459e-19)
(1.110760969475933 0.1722568584900178 0)
(1.044131998065411 0.02297037414599165 0)
(0.5115841950193643 0.4425749815033165 1.154507823101767e-18)
(1.373022750400235 -0.2979568551528058 1.857689600090756e-19)
(1.186004069617634 -0.1569390028215623 0)
(1.637736345805905 0.2362481960428536 -6.245811392145216e-20)
(0.811043250094406 -0.1543970822250536 -1.274014098564951e-19)
(1.324720265342121 -0.2088124099321964 -8.965554894304828e-20)
(1.252350726217877 0.3910553194722947 1.462681691790093e-19)
(0.4926945221932376 0.1994835793722428 -5.581945437359196e-19)
(1.693324072862105 -0.02092380057931546 3.31685310576201e-20)
(0.8542255396166808 -0.5421739451433064 2.342275378067436e-19)
(0.9990883230167596 0.02413021672594322 0)
(1.62429892962908 -0.1882048923317263 -3.137384723126606e-19)
(1.090963690914677 0.1008250189654885 0)
(1.342483767066064 0.5829735156078244 0)
(0.9407594301420051 -0.4114928503654372 -2.835253029837936e-20)
(1.248966516510723 -0.02806016491811987 0)
(1.038089065359904 -0.004014756648981513 -1.264198188577837e-19)
(0.7232706897684277 0.1110662350337682 3.015399444508196e-19)
(1.320791052407584 -0.5796386785040054 -5.517901641884573e-19)
(1.049400917426964 -0.6306070237563949 8.392987449640036e-21)
(0.3503792312435091 -0.3729025199655863 -8.589937636241908e-20)
(1.006770417497363 -0.09495267831010813 0)
(0.4461436365029587 0.3062686323481378 1.675390120643063e-18)
(0.2637749916053824 0.02501032875742797 0)
(1.316353799652348 -0.14097273976384 8.13058232620054e-20)
(1.572780386918287 0.1895042320048462 0)
(1.169026320807792 0.4487566530734231 1.365326267800395e-19)
(1.054124377769273 0.1537711605036424 -6.150725838336477e-20)
(1.03172365323793 0.004291997100035316 -2.042333370062439e-19)
(0.9585969359885587 0.4116625493552047 0)
(1.159407429879312 -1.007154666736333 5.707035224230344e-20)
(0.8911253456049093 0.01126562712193364 0)
(1.070928488892167 0.3809502976612735 0)
(1.053584614619894 0.03499033676340835 -4.352645791123513e-21)
(1.469596462058521 -0.2987561425835367 0)
(1.24193411849684 -0.1845471123270689 -2.918786453275288e-19)
(0.01748895429702038 0.002177688204770213 -1.891717095612642e-19)
(0.2401259893374177 0.0238274055002512 8.860667256735582e-19)
(0.9806986395127798 -0.09770212489208611 0)
(0.4735262382722076 0.6521826705096717 -2.519680773931302e-19)
(0.9175780990132595 0.03156984221362217 0)
(1.541714519199014 0.4161725130303539 5.522067746806682e-19)
(0.4710188160475255 0.1390691362180138 -5.841227214141459e-19)
(0.05597807075381579 0.180359454967462 0)
(-0.4089604899344317 -0.04614300839119746 0)
(1.03227355251165 -0.0004178912868174342 1.294173318421066e-20)
(1.654648921899069 -0.225894766213532 -1.094046534516025e-18)
(1.107026019541253 -0.5611907037828658 2.32851988674177e-19)
(0.7826638529921393 0.336172287608092 -8.698252640138919e-19)
(0.9029507887508884 0.1329999257300688 1.40576460220029e-19)
(1.044255887815662 -0.00363726387921001 0)
(-0.2807096139805241 -0.1010303911291398 3.974624223433772e-19)
(1.03365160884012 0.04672680732174236 0)
(1.201753042025298 -0.2447056708994877 0)
(1.56589479370278 -0.191130509760611 5.199662256906953e-19)
(1.127488644827275 0.07334620540985923 -7.462157153987956e-20)
(1.079385633716288 -0.1449679623645606 7.936628585214348e-20)
(-0.01572381778482562 0.07116709282470404 3.335086361884793e-19)
(-0.06323676081140685 -0.1678655051625361 2.517315644370429e-19)
(1.069035709826687 0.2118702591728073 0)
(1.098820313358814 0.05824733576025592 2.098155451917988e-19)
(1.489923542725526 0.2849220548134883 -3.588245702208047e-19)
(1.320064747186456 -0.4861822332247151 2.339778891084593e-19)
(1.143551649188409 -0.153266586812787 0)
(1.122263637534331 0.150860017841925 0)
(0.5250706128059379 -0.6851094499836495 4.187431143206448e-19)
(1.3152867491794 -0.04114646344554188 -3.006076897249197e-19)
(0.9982880137554198 0.1036784503837957 2.47449312264613e-19)
(0.3133890518441153 0.361558700234917 -8.857097916222867e-19)
(1.023895851375753 0.1090406065285327 -4.101736519480181e-19)
(1.035516623913711 -0.3943996738340548 -5.388785105609993e-20)
(1.463194290188976 0.1075085281136732 -6.574987715892735e-19)
(0.7776227581271073 -0.881157372541611 0)
(1.05642574173592 -0.0309500715329888 0)
(1.12191849689096 0.1602092692793732 0)
(1.620980995654331 -0.04189958234276848 0)
(0.8164534787820568 0.5965029464753066 -1.985129081833192e-20)
(1.488859593856615 -0.3566285213559669 4.517768987132624e-19)
(1.54486401580487 0.1466384227980478 0)
(1.134036764467321 -0.4574382519718337 -1.595501206755536e-19)
(1.464578509206111 0.3441841849019103 -3.581988652338205e-19)
(1.010469485554669 0.02862480982321469 0)
(0.2171029244255916 0.008087946009602429 -2.463919338081575e-19)
(1.339451425451265 0.5115948064094815 0)
(0.9744465607425592 0.007667043055578185 -3.953623917781724e-20)
(0.7625298395064006 -0.2987743221862855 -2.078385078129437e-19)
(0.5084572941075923 -0.07936079571378406 7.892889945261118e-19)
(0.2324729547598703 0.05973615699576846 3.647386398952183e-19)
(1.061289284079945 -0.137827404598501 0)
(0.04221260674447395 -0.007536312911638332 0)
(0.346068412458866 0.04358802124681516 -3.010283218796661e-19)
(1.00641574412123 0.01784887404832403 0)
(1.456238543177433 -0.0101117288260373 0)
(1.007706364003723 0.02943637361279039 0)
(0.4675582178451308 -0.2709775390408627 -1.010148152346347e-18)
(1.049550657686308 0.08887215663481272 0)
(1.527605660509775 0.03934623025325477 0)
(0.2428136816338019 0.1133618242292666 5.515722030046367e-19)
(0.8787523326669877 -0.3203545697572531 0)
(1.368760700485569 0.0514758264745343 2.714480386476845e-19)
(1.239824940097315 0.2049673788838903 2.09396093760441e-20)
(0.8999862893611575 0.5559667950380903 1.505084862457546e-20)
(1.034308048452917 0.09959235016889492 4.583948480622655e-20)
(1.031550924862261 -0.1481333206262842 0)
(1.369805719061356 -0.02458087981358524 0)
(1.290381581250315 -0.1264328621582979 0)
(0.6244025804074612 -0.03778634883638952 -1.364253405601726e-19)
)
;

boundaryField
{
    FrontBack
    {
        type            empty;
    }
    Top
    {
        type            noSlip;
    }
    In
    {
        type            fixedValue;
        value           uniform (1 0 0);
    }
    Bottom
    {
        type            noSlip;
    }
    Out
    {
        type            zeroGradient;
    }
    circle
    {
        type            noSlip;
    }
}


// ************************************************************************* //
