/*--------------------------------*- C++ -*----------------------------------*\
| =========                 |                                                 |
| \\      /  F ield         | OpenFOAM: The Open Source CFD Toolbox           |
|  \\    /   O peration     | Version:  2412                                  |
|   \\  /    A nd           | Website:  www.openfoam.com                      |
|    \\/     M anipulation  |                                                 |
\*---------------------------------------------------------------------------*/
FoamFile
{
    version     2.0;
    format      ascii;
    arch        "LSB;label=32;scalar=64";
    class       vectorField;
    location    "0.8/polyMesh";
    object      points;
}
// * * * * * * * * * * * * * * * * * * * * * * * * * * * * * * * * * * * * * //


578
(
(3 0 0)
(3 0.375 0)
(3 0.75 0)
(3 1.125 0)
(3 1.5 0)
(3 1.875 0)
(3 2.25 0)
(3 2.625 0)
(3 3 0)
(2.88162 0.0405601 0)
(2.87527 0.399585 0)
(2.86858 0.756053 0)
(2.86254 1.11004 0)
(2.85786 1.46205 0)
(2.85482 1.81273 0)
(2.85327 2.16274 0)
(2.85283 2.51244 0)
(2.85084 2.86498 0)
(2.76179 0.0801106 0)
(2.74968 0.4226 0)
(2.73699 0.760593 0)
(2.72538 1.09424 0)
(2.71603 1.42435 0)
(2.70941 1.75202 0)
(2.70534 2.07829 0)
(2.70332 2.40373 0)
(2.69862 2.73422 0)
(2.64049 0.118121 0)
(2.62321 0.44357 0)
(2.60518 0.763104 0)
(2.58846 1.07697 0)
(2.57448 1.38616 0)
(2.56387 1.69204 0)
(2.5565 1.99582 0)
(2.55183 2.29817 0)
(2.54369 2.60703 0)
(2.51779 0.154687 0)
(2.49584 0.462721 0)
(2.47299 0.76382 0)
(2.45151 1.05835 0)
(2.43297 1.34742 0)
(2.41806 1.63252 0)
(2.40673 1.91489 0)
(2.39852 2.19524 0)
(2.38622 2.48291 0)
(2.39366 0.189903 0)
(2.36749 0.480253 0)
(2.34024 0.762959 0)
(2.31428 1.0385 0)
(2.29122 1.30809 0)
(2.27177 1.57321 0)
(2.25598 1.8351 0)
(2.24343 2.09442 0)
(2.22631 2.36132 0)
(2.26805 0.223877 0)
(2.23803 0.49631 0)
(2.20674 0.760658 0)
(2.17653 1.0175 0)
(2.14896 1.26812 0)
(2.1248 1.51391 0)
(2.10411 1.75607 0)
(2.08656 1.99521 0)
(2.06402 2.24168 0)
(2.14084 0.256714 0)
(2.10731 0.511013 0)
(2.07227 0.75702 0)
(2.03797 0.995414 0)
(2.00592 1.22743 0)
(1.97686 1.45441 0)
(1.95094 1.67744 0)
(1.92784 1.89708 0)
(1.89933 2.1234 0)
(2.01185 0.288468 0)
(1.97511 0.524436 0)
(1.93655 0.752117 0)
(1.8983 0.972235 0)
(1.86176 1.18594 0)
(1.82767 1.39448 0)
(1.7962 1.59884 0)
(1.76707 1.7995 0)
(1.73213 2.00585 0)
(1.88081 0.319128 0)
(1.84114 0.536604 0)
(1.79928 0.745974 0)
(1.75716 0.947928 0)
(1.71613 1.14352 0)
(1.67686 1.33386 0)
(1.63956 1.51987 0)
(1.60397 1.70191 0)
(1.56223 1.88835 0)
(1.74738 0.348664 0)
(1.70502 0.547519 0)
(1.66002 0.738554 0)
(1.61412 0.922402 0)
(1.56855 1.09998 0)
(1.52396 1.27225 0)
(1.48058 1.44004 0)
(1.43818 1.60364 0)
(1.38931 1.77011 0)
(1.61101 0.37698 0)
(1.56625 0.557044 0)
(1.51828 0.729683 0)
(1.46867 0.895411 0)
(1.41851 1.05499 0)
(1.36843 1.2092 0)
(1.31872 1.35873 0)
(1.26915 1.50384 0)
(1.21289 1.6501 0)
(1.47109 0.40376 0)
(1.42423 0.564807 0)
(1.37351 0.718918 0)
(1.32024 0.866435 0)
(1.26541 1.00791 0)
(1.20964 1.14394 0)
(1.15328 1.27503 0)
(1.09618 1.40135 0)
(1.03232 1.5269 0)
(1.32683 0.428333 0)
(1.27827 0.570123 0)
(1.22501 0.70552 0)
(1.16815 0.834644 0)
(1.10855 0.957764 0)
(1.04683 1.07524 0)
(0.983455 1.18742 0)
(0.918389 1.29435 0)
(0.846799 1.39837 0)
(1.17756 0.449304 0)
(1.12784 0.571626 0)
(1.07237 0.688079 0)
(1.01202 0.798505 0)
(0.947554 0.902855 0)
(0.879632 1.00118 0)
(0.808797 1.09357 0)
(0.735238 1.17993 0)
(0.655812 1.26106 0)
(1.02379 0.4632 0)
(0.973757 0.565971 0)
(0.916683 0.663288 0)
(0.853231 0.75463 0)
(0.784077 0.839556 0)
(0.709903 0.917695 0)
(0.63137 0.988743 0)
(0.549029 1.05236 0)
(0.462225 1.10841 0)
(0.883266 0.468873 0)
(0.833055 0.553191 0)
(0.774821 0.63218 0)
(0.709126 0.705082 0)
(0.636601 0.771193 0)
(0.557945 0.829878 0)
(0.473917 0.88057 0)
(0.385324 0.922782 0)
(0.29302 0.956106 0)
(3 0 1)
(3 0.375 1)
(3 0.75 1)
(3 1.125 1)
(3 1.5 1)
(3 1.875 1)
(3 2.25 1)
(3 2.625 1)
(3 3 1)
(2.88162 0.0405601 1)
(2.87527 0.399585 1)
(2.86858 0.756053 1)
(2.86254 1.11004 1)
(2.85786 1.46205 1)
(2.85482 1.81273 1)
(2.85327 2.16274 1)
(2.85283 2.51244 1)
(2.85084 2.86498 1)
(2.76179 0.0801106 1)
(2.74968 0.4226 1)
(2.73699 0.760593 1)
(2.72538 1.09424 1)
(2.71603 1.42435 1)
(2.70941 1.75202 1)
(2.70534 2.07829 1)
(2.70332 2.40373 1)
(2.69862 2.73422 1)
(2.64049 0.118121 1)
(2.62321 0.44357 1)
(2.60518 0.763104 1)
(2.58846 1.07697 1)
(2.57448 1.38616 1)
(2.56387 1.69204 1)
(2.5565 1.99582 1)
(2.55183 2.29817 1)
(2.54369 2.60703 1)
(2.51779 0.154687 1)
(2.49584 0.462721 1)
(2.47299 0.76382 1)
(2.45151 1.05835 1)
(2.43297 1.34742 1)
(2.41806 1.63252 1)
(2.40673 1.91489 1)
(2.39852 2.19524 1)
(2.38622 2.48291 1)
(2.39366 0.189903 1)
(2.36749 0.480253 1)
(2.34024 0.762959 1)
(2.31428 1.0385 1)
(2.29122 1.30809 1)
(2.27177 1.57321 1)
(2.25598 1.8351 1)
(2.24343 2.09442 1)
(2.22631 2.36132 1)
(2.26805 0.223877 1)
(2.23803 0.49631 1)
(2.20674 0.760658 1)
(2.17653 1.0175 1)
(2.14896 1.26812 1)
(2.1248 1.51391 1)
(2.10411 1.75607 1)
(2.08656 1.99521 1)
(2.06402 2.24168 1)
(2.14084 0.256714 1)
(2.10731 0.511013 1)
(2.07227 0.75702 1)
(2.03797 0.995414 1)
(2.00592 1.22743 1)
(1.97686 1.45441 1)
(1.95094 1.67744 1)
(1.92784 1.89708 1)
(1.89933 2.1234 1)
(2.01185 0.288468 1)
(1.97511 0.524436 1)
(1.93655 0.752117 1)
(1.8983 0.972235 1)
(1.86176 1.18594 1)
(1.82767 1.39448 1)
(1.7962 1.59884 1)
(1.76707 1.7995 1)
(1.73213 2.00585 1)
(1.88081 0.319128 1)
(1.84114 0.536604 1)
(1.79928 0.745974 1)
(1.75716 0.947928 1)
(1.71613 1.14352 1)
(1.67686 1.33386 1)
(1.63956 1.51987 1)
(1.60397 1.70191 1)
(1.56223 1.88835 1)
(1.74738 0.348664 1)
(1.70502 0.547519 1)
(1.66002 0.738554 1)
(1.61412 0.922402 1)
(1.56855 1.09998 1)
(1.52396 1.27225 1)
(1.48058 1.44004 1)
(1.43818 1.60364 1)
(1.38931 1.77011 1)
(1.61101 0.37698 1)
(1.56625 0.557044 1)
(1.51828 0.729683 1)
(1.46867 0.895411 1)
(1.41851 1.05499 1)
(1.36843 1.2092 1)
(1.31872 1.35873 1)
(1.26915 1.50384 1)
(1.21289 1.6501 1)
(1.47109 0.40376 1)
(1.42423 0.564807 1)
(1.37351 0.718918 1)
(1.32024 0.866435 1)
(1.26541 1.00791 1)
(1.20964 1.14394 1)
(1.15328 1.27503 1)
(1.09618 1.40135 1)
(1.03232 1.5269 1)
(1.32683 0.428333 1)
(1.27827 0.570123 1)
(1.22501 0.70552 1)
(1.16815 0.834644 1)
(1.10855 0.957764 1)
(1.04683 1.07524 1)
(0.983455 1.18742 1)
(0.918389 1.29435 1)
(0.846799 1.39837 1)
(1.17756 0.449304 1)
(1.12784 0.571626 1)
(1.07237 0.688079 1)
(1.01202 0.798505 1)
(0.947554 0.902855 1)
(0.879632 1.00118 1)
(0.808797 1.09357 1)
(0.735238 1.17993 1)
(0.655812 1.26106 1)
(1.02379 0.4632 1)
(0.973757 0.565971 1)
(0.916683 0.663288 1)
(0.853231 0.75463 1)
(0.784077 0.839556 1)
(0.709903 0.917695 1)
(0.63137 0.988743 1)
(0.549029 1.05236 1)
(0.462225 1.10841 1)
(0.883266 0.468873 1)
(0.833055 0.553191 1)
(0.774821 0.63218 1)
(0.709126 0.705082 1)
(0.636601 0.771193 1)
(0.557945 0.829878 1)
(0.473917 0.88057 1)
(0.385324 0.922782 1)
(0.29302 0.956106 1)
(2.625 3 0)
(2.25 3 0)
(1.875 3 0)
(1.5 3 0)
(1.125 3 0)
(0.75 3 0)
(0.375 3 0)
(0 3 0)
(2.49267 2.87157 0)
(2.13205 2.87922 0)
(1.77071 2.88502 0)
(1.40861 2.88881 0)
(1.04591 2.89041 0)
(0.683029 2.88968 0)
(0.320588 2.88664 0)
(-0.0405643 2.88162 0)
(2.35738 2.74654 0)
(2.01135 2.7606 0)
(1.6639 2.77102 0)
(1.31505 2.77757 0)
(0.965211 2.77991 0)
(0.6152 2.77788 0)
(0.266256 2.77162 0)
(-0.0801106 2.76179 0)
(2.2194 2.62425 0)
(1.88824 2.64346 0)
(1.55499 2.65741 0)
(1.21981 2.66578 0)
(0.883452 2.66815 0)
(0.547124 2.6644 0)
(0.212619 2.65483 0)
(-0.118113 2.64049 0)
(2.07882 2.50425 0)
(1.76278 2.52744 0)
(1.44405 2.54388 0)
(1.12302 2.55322 0)
(0.800756 2.55502 0)
(0.478933 2.5492 0)
(0.159735 2.53631 0)
(-0.154669 2.51779 0)
(1.93572 2.38607 0)
(1.63502 2.41215 0)
(1.33115 2.43014 0)
(1.02476 2.43969 0)
(0.717273 2.44037 0)
(0.410754 2.43222 0)
(0.107623 2.41606 0)
(-0.189876 2.39366 0)
(1.79013 2.26917 0)
(1.50502 2.29714 0)
(1.21637 2.31583 0)
(0.925165 2.32491 0)
(0.633157 2.32402 0)
(0.342682 2.31337 0)
(0.0562789 2.29405 0)
(-0.223841 2.26805 0)
(1.64206 2.15302 0)
(1.37281 2.18192 0)
(1.0998 2.20054 0)
(0.824346 2.20857 0)
(0.548502 2.20575 0)
(0.274761 2.19251 0)
(0.0056678 2.17015 0)
(-0.256673 2.14084 0)
(1.49144 2.037 0)
(1.23836 2.06598 0)
(0.981452 2.08383 0)
(0.722367 2.0903 0)
(0.463365 2.08529 0)
(0.207004 2.06942 0)
(-0.0442511 2.04419 0)
(-0.288423 2.01185 0)
(1.33812 1.92043 0)
(1.10159 1.9487 0)
(0.861307 1.96515 0)
(0.619232 1.96964 0)
(0.377757 1.96225 0)
(0.139411 1.9438 0)
(-0.0934582 1.9159 0)
(-0.319081 1.88082 0)
(1.18186 1.80253 0)
(0.962284 1.82934 0)
(0.739247 1.84382 0)
(0.514913 1.846 0)
(0.291707 1.83613 0)
(0.0720664 1.81522 0)
(-0.141871 1.78491 0)
(-0.348617 1.74738 0)
(1.02224 1.68223 0)
(0.820198 1.70688 0)
(0.615157 1.71892 0)
(0.409418 1.71855 0)
(0.205328 1.70623 0)
(0.00511066 1.68307 0)
(-0.189382 1.65067 0)
(-0.376936 1.61102 0)
(0.858812 1.55801 0)
(0.675073 1.57986 0)
(0.488993 1.58909 0)
(0.302866 1.58611 0)
(0.118834 1.57154 0)
(-0.0611973 1.5465 0)
(-0.235715 1.51245 0)
(-0.403722 1.4711 0)
(0.691048 1.4276 0)
(0.526758 1.44609 0)
(0.360945 1.45239 0)
(0.195694 1.44706 0)
(0.0327935 1.43076 0)
(-0.126237 1.40446 0)
(-0.280212 1.36938 0)
(-0.428307 1.32684 0)
(0.518856 1.28744 0)
(0.375821 1.30242 0)
(0.232132 1.30626 0)
(0.089341 1.2994 0)
(-0.0512443 1.28235 0)
(-0.188477 1.25579 0)
(-0.321407 1.22055 0)
(-0.449292 1.17756 0)
(0.346311 1.13177 0)
(0.227295 1.14488 0)
(0.107751 1.14811 0)
(-0.0112706 1.14159 0)
(-0.128785 1.12552 0)
(-0.24385 1.10023 0)
(-0.355588 1.06615 0)
(-0.463197 1.02379 0)
(0.197894 0.980223 0)
(0.100862 0.9949 0)
(0.00285932 0.999996 0)
(-0.0951712 0.995461 0)
(-0.192285 0.981339 0)
(-0.287547 0.957766 0)
(-0.38004 0.92497 0)
(-0.468873 0.883266 0)
(2.625 3 1)
(2.25 3 1)
(1.875 3 1)
(1.5 3 1)
(1.125 3 1)
(0.75 3 1)
(0.375 3 1)
(0 3 1)
(2.49267 2.87157 1)
(2.13205 2.87922 1)
(1.77071 2.88502 1)
(1.40861 2.88881 1)
(1.04591 2.89041 1)
(0.683029 2.88968 1)
(0.320588 2.88664 1)
(-0.0405643 2.88162 1)
(2.35738 2.74654 1)
(2.01135 2.7606 1)
(1.6639 2.77102 1)
(1.31505 2.77757 1)
(0.965211 2.77991 1)
(0.6152 2.77788 1)
(0.266256 2.77162 1)
(-0.0801106 2.76179 1)
(2.2194 2.62425 1)
(1.88824 2.64346 1)
(1.55499 2.65741 1)
(1.21981 2.66578 1)
(0.883452 2.66815 1)
(0.547124 2.6644 1)
(0.212619 2.65483 1)
(-0.118113 2.64049 1)
(2.07882 2.50425 1)
(1.76278 2.52744 1)
(1.44405 2.54388 1)
(1.12302 2.55322 1)
(0.800756 2.55502 1)
(0.478933 2.5492 1)
(0.159735 2.53631 1)
(-0.154669 2.51779 1)
(1.93572 2.38607 1)
(1.63502 2.41215 1)
(1.33115 2.43014 1)
(1.02476 2.43969 1)
(0.717273 2.44037 1)
(0.410754 2.43222 1)
(0.107623 2.41606 1)
(-0.189876 2.39366 1)
(1.79013 2.26917 1)
(1.50502 2.29714 1)
(1.21637 2.31583 1)
(0.925165 2.32491 1)
(0.633157 2.32402 1)
(0.342682 2.31337 1)
(0.0562789 2.29405 1)
(-0.223841 2.26805 1)
(1.64206 2.15302 1)
(1.37281 2.18192 1)
(1.0998 2.20054 1)
(0.824346 2.20857 1)
(0.548502 2.20575 1)
(0.274761 2.19251 1)
(0.0056678 2.17015 1)
(-0.256673 2.14084 1)
(1.49144 2.037 1)
(1.23836 2.06598 1)
(0.981452 2.08383 1)
(0.722367 2.0903 1)
(0.463365 2.08529 1)
(0.207004 2.06942 1)
(-0.0442511 2.04419 1)
(-0.288423 2.01185 1)
(1.33812 1.92043 1)
(1.10159 1.9487 1)
(0.861307 1.96515 1)
(0.619232 1.96964 1)
(0.377757 1.96225 1)
(0.139411 1.9438 1)
(-0.0934582 1.9159 1)
(-0.319081 1.88082 1)
(1.18186 1.80253 1)
(0.962284 1.82934 1)
(0.739247 1.84382 1)
(0.514913 1.846 1)
(0.291707 1.83613 1)
(0.0720664 1.81522 1)
(-0.141871 1.78491 1)
(-0.348617 1.74738 1)
(1.02224 1.68223 1)
(0.820198 1.70688 1)
(0.615157 1.71892 1)
(0.409418 1.71855 1)
(0.205328 1.70623 1)
(0.00511066 1.68307 1)
(-0.189382 1.65067 1)
(-0.376936 1.61102 1)
(0.858812 1.55801 1)
(0.675073 1.57986 1)
(0.488993 1.58909 1)
(0.302866 1.58611 1)
(0.118834 1.57154 1)
(-0.0611973 1.5465 1)
(-0.235715 1.51245 1)
(-0.403722 1.4711 1)
(0.691048 1.4276 1)
(0.526758 1.44609 1)
(0.360945 1.45239 1)
(0.195694 1.44706 1)
(0.0327935 1.43076 1)
(-0.126237 1.40446 1)
(-0.280212 1.36938 1)
(-0.428307 1.32684 1)
(0.518856 1.28744 1)
(0.375821 1.30242 1)
(0.232132 1.30626 1)
(0.089341 1.2994 1)
(-0.0512443 1.28235 1)
(-0.188477 1.25579 1)
(-0.321407 1.22055 1)
(-0.449292 1.17756 1)
(0.346311 1.13177 1)
(0.227295 1.14488 1)
(0.107751 1.14811 1)
(-0.0112706 1.14159 1)
(-0.128785 1.12552 1)
(-0.24385 1.10023 1)
(-0.355588 1.06615 1)
(-0.463197 1.02379 1)
(0.197894 0.980223 1)
(0.100862 0.9949 1)
(0.00285932 0.999996 1)
(-0.0951712 0.995461 1)
(-0.192285 0.981339 1)
(-0.287547 0.957766 1)
(-0.38004 0.92497 1)
(-0.468873 0.883266 1)
)


// ************************************************************************* //
