/*--------------------------------*- C++ -*----------------------------------*\
| =========                 |                                                 |
| \\      /  F ield         | OpenFOAM: The Open Source CFD Toolbox           |
|  \\    /   O peration     | Version:  2412                                  |
|   \\  /    A nd           | Website:  www.openfoam.com                      |
|    \\/     M anipulation  |                                                 |
\*---------------------------------------------------------------------------*/
FoamFile
{
    version     2.0;
    format      ascii;
    arch        "LSB;label=32;scalar=64";
    class       volVectorField;
    location    "734.5";
    object      U;
}
// * * * * * * * * * * * * * * * * * * * * * * * * * * * * * * * * * * * * * //

dimensions      [0 1 -1 0 0 0 0];

internalField   nonuniform List<vector> 
808
(
(0.7562481311117538 -0.01750282853889288 0)
(1.031266383104138 -0.01253931574271223 0)
(1.115636497712555 -0.002824770284304939 -1.807892343967526e-20)
(1.085120633420407 0.012602715436877 0)
(1.363901478209534 0.01665023611144151 -3.920211821181886e-19)
(1.038663735569804 -0.009317869594200558 -7.155039581291079e-20)
(1.013468272674162 -0.0206239959886589 -2.323125045351337e-20)
(1.078573782763439 -0.005057392070286887 8.966000744358484e-21)
(1.253750043040374 -0.01890207303639633 6.378312967457691e-20)
(1.084398156165643 0.01007454622497729 0)
(1.013917846036431 -0.009435591528378726 0)
(1.305758931648296 -0.05180766940570089 -3.569805981866545e-19)
(1.08591838601549 -0.001671428270860031 2.032542089272387e-20)
(0.675058465350111 0.006415902607161468 0)
(1.286112513295931 -0.1157059560993034 0)
(1.081482822982006 0.00017055352235656 -3.813219034886839e-20)
(1.233507081257544 -0.1478301865445344 -9.966603381354712e-20)
(1.07405641222854 6.218841778034531e-05 3.161612170450105e-20)
(0.9932361947794951 0.005785986719310592 0)
(1.026462667836506 0.009245012000753138 0)
(1.040222374644015 -0.01117182712933938 0)
(0.9874497425139529 0.04442136053459057 0)
(1.051121156726518 -0.006028169894911901 5.502684763713163e-20)
(1.053331710075272 0.008907448551086432 0)
(0.9327340591266247 0.1975234907001772 4.613738669851583e-19)
(1.16733588185993 -0.08750156916903712 0)
(1.18538897523433 -0.01792277113035861 1.59385448975154e-19)
(1.077401695610397 0.00937877079263328 5.192837798798243e-20)
(1.08411669673369 0.002148679826866012 5.049987199677383e-21)
(1.072022107937842 0.0309309606060674 0)
(1.075620375534678 0.00259178172285471 -1.172419698073203e-20)
(1.033032832509818 0.006511018790531987 -1.969221634248731e-19)
(1.059827948885498 0.01489590549010906 -2.397655569751167e-20)
(1.089146361610081 0.005244552801919244 -2.927420314077516e-20)
(1.119388939626153 0.03863365636365735 0)
(0.7551938432498867 -0.1232811043282428 -4.534744204942474e-19)
(0.9544785182472721 -0.00582876111660924 0)
(1.068982792198922 0.02244867403121705 0)
(1.068840492465138 0.007351232348150653 0)
(1.073592123639628 0.00895830475284559 -2.835371602148613e-20)
(1.091839722034073 0.02396579490289319 1.118772052369262e-19)
(1.150094488299942 0.004002279442742038 2.193675376730865e-19)
(1.095848639823368 -0.002431204288872273 0)
(1.015952550209883 -0.009002198453233199 0)
(1.132877879522228 -0.0979649616383946 -1.655112181206003e-19)
(1.044095485595435 -0.01165000610995092 -7.899306861702896e-20)
(1.058359475607244 0.02664657514214115 -2.836763733236297e-20)
(1.231162914538748 -0.1113700453303521 -5.63820840558227e-20)
(1.06777036566297 0.01226272005079152 -4.265241763722093e-20)
(1.256723823014812 0.01893196796238831 0)
(0.996364037288004 -0.01823349832240178 2.080058484724025e-21)
(1.044541434579348 -0.002022136370889536 0)
(1.087545246645708 -0.002256898826941317 0)
(0.9984402572381977 0.006597152084756031 -1.852988419743219e-20)
(1.251226474132073 0.03495717534562781 -2.31182475410499e-19)
(1.063840122380837 0.01833885852376225 6.152972571397088e-20)
(0.9905622684342112 0.00827677249854919 0)
(1.020400704754165 -0.01029893510333375 2.366475743122986e-20)
(1.1069161254411 -0.000197931937501933 -1.20522980026458e-19)
(1.061548952767999 0.03102577461452322 0)
(-0.07147656823670084 -0.002774570545641054 6.954255751472121e-20)
(1.154802526588818 -0.05123503409593975 -1.927191630304071e-19)
(1.005195634502957 -0.008487068853863512 -2.600840546339406e-20)
(1.183108205274292 0.069085198369783 -1.234298464008449e-19)
(0.9983938600576664 -0.009943929192952804 2.992380522299034e-20)
(1.084055271371195 -0.005550402148917147 0)
(1.243792271585623 0.09938899553302612 0)
(0.6960303899665012 0.003205628959771659 -7.497877008760782e-20)
(0.9901350474605679 -0.01405889535167479 -3.117475912485039e-20)
(1.460926574803036 -0.01646393552841506 4.514380975468015e-19)
(1.060570420536552 0.007567060935764306 -6.811714846332284e-20)
(1.367904695051786 0.09964150305906705 2.936711643607425e-19)
(1.054716601348881 0.006846092853785846 -1.871370228304154e-22)
(1.081276948578025 -0.01396080977370814 -5.230752565224228e-22)
(1.164990250811717 -0.2359288260962858 0)
(1.022077673884222 -0.01431617823054721 0)
(1.017472344381023 0.01750229749112296 -3.149777135100691e-20)
(1.385631599167204 0.3494819972755959 4.143334784853866e-19)
(1.096960179935969 -0.04211128921764035 9.298968833901054e-20)
(1.045375919015908 0.209537450137314 2.554679425705606e-19)
(1.126001379460578 -0.06197742010146833 1.148049315618727e-19)
(0.9220872639221878 0.005139506584488238 0)
(0.9754960611475787 0.01855603391790522 0)
(1.004133931590916 -0.0489940506378968 2.628664027646543e-21)
(1.010663836158548 -0.01291687787173999 7.430046699596111e-21)
(1.030211104428916 0.02582615626612439 1.406750625592823e-20)
(1.530329893565965 0.03788923853507718 3.289605356820526e-19)
(1.28933173770101 0.07227670342996453 5.458881309551474e-19)
(1.072460603032356 0.002946776670179555 -9.287884979837683e-20)
(1.20075406962421 -0.09423726485619223 0)
(1.033726636102855 0.001695419876615437 1.353757922276903e-19)
(1.163806611117862 0.02279289120784428 -3.243898107485653e-19)
(1.001436589952991 0.03228695087346425 0)
(0.9996275275354952 0.002023429194763859 0)
(1.04444408707069 -0.0001569226024273821 7.674584673466128e-20)
(1.207860863302837 0.1085378265270288 4.097395084403851e-19)
(1.011058334891791 0.006974889050395051 0)
(1.091330318178261 -0.07138482415499114 -1.052457166989078e-19)
(1.149189477205654 0.0378085073236009 0)
(1.209433186094017 0.09641197093451279 -1.938389930747174e-19)
(1.108015532820482 -0.02853968935324736 -7.62025206711781e-20)
(1.027544550850448 0.01154957743930484 0)
(1.085243849102095 -0.004674745838415966 0)
(1.019413710736949 0.02550819981675501 8.175280706070384e-20)
(1.072543411519544 0.05343214868478803 -9.326616367745593e-21)
(1.103782270353319 -0.004258505868326168 6.1987870342556e-20)
(1.110247463218752 -0.09722726318219525 1.537825905492781e-19)
(0.9602003007646311 0.0006053361686828079 0)
(1.06640893690874 0.03122758412778216 3.872448011696834e-20)
(1.168851721355095 -0.07576322134612311 2.355204611370798e-19)
(1.052258452381248 0.04466203170463474 -2.924914555590299e-20)
(1.022510473815102 0.06723006149582249 3.761344991139958e-20)
(1.090606797943038 0.02613817264719152 0)
(1.013143304974111 0.0179426162280258 0)
(1.028992918745041 0.009443580304605318 7.918003977087236e-20)
(0.9487352390115112 -0.03359813734340859 0)
(1.053065538953178 -0.005712930803054754 -7.956204175114223e-21)
(1.341963561987031 0.06103141218095375 -1.600557146586815e-19)
(1.080029009809102 -0.01326666480158364 2.580935732702771e-20)
(0.7440441858838456 -0.001770160770497907 0)
(0.5420445649683517 0.1609847232437052 -8.187157240141319e-20)
(0.705995701519178 -0.00254418302106133 0)
(0.6990268745002839 0.0146552898091058 0)
(1.077691955657449 0.003562380013117375 -6.837191424992653e-22)
(0.9906348351456314 0.0145092388215264 0)
(1.278585497853017 0.1233517022305532 2.467392894794288e-19)
(1.012349389695383 -0.02785166902279478 -7.966009052038675e-21)
(1.042117816602268 0.02245401649372725 1.535885562000966e-21)
(1.05851308835387 -0.01177858761976094 0)
(1.126543532915406 -0.009193253797102171 -4.94091218251901e-20)
(1.257865663871656 0.1393348772671769 -2.223293225476636e-19)
(1.089141886353561 -0.01123740836641342 -8.503934743187712e-20)
(1.069720835252105 0.02594019766336625 -1.109095636401958e-19)
(1.040740140771098 0.04671431146511149 6.805223386567986e-20)
(1.022391255174765 -0.003697916663444156 -3.446015702893303e-20)
(1.061210005970163 0.02350527680264566 6.128281748915911e-21)
(1.129783027364468 -0.005784650666592223 1.074213092279515e-20)
(1.040722857609195 -0.01479182614408552 -4.742615419100511e-22)
(1.087715589989591 0.03480253879070903 0)
(1.028294607799903 0.01333307108863389 0)
(0.7705264061229242 -0.05694435370248579 -1.832799133273356e-19)
(1.030149308657943 -0.001805576524474111 -6.97180245423771e-20)
(1.133464496407549 -0.004537568656674527 -1.306719133549353e-20)
(0.7034859174417832 0.006573730722092897 7.428198269609052e-20)
(1.175318763579234 0.02058875095736153 -1.903230323790277e-19)
(1.127704248681883 0.000933035116524084 5.508581717383511e-21)
(1.128985269740346 -0.01004239895866979 3.491896712003921e-20)
(1.000941567222833 -0.002945484264706844 -7.717599329920038e-20)
(1.097176186805281 -0.06879563371027578 0)
(0.9846519573666294 -7.592175725867933e-05 0)
(1.057980163878744 0.007088871817093399 0)
(1.005354366598842 0.1880519381611816 -2.487499599971084e-19)
(0.7793794972113998 0.01240495055560011 0)
(0.8568464214557129 0.1008379030170023 -8.479916225847278e-20)
(0.0783188919888034 0.04157376150740082 -3.058841320200932e-19)
(1.173329995100002 -0.02980757411563465 -2.216750234682314e-20)
(0.6713249881255595 -0.007316316775477847 2.433358318783418e-20)
(1.170171882034089 -0.1043444657171142 6.960661674471601e-20)
(1.124104152710756 -0.006570910513817755 -5.996370288218749e-21)
(1.156102465022095 -0.04846975042348053 2.154147285430384e-20)
(0.1049026286338082 -0.2138250171628501 0)
(0.2594089431438149 0.09018433431954767 0)
(1.253406743428763 0.1138565884818407 1.940900521712859e-19)
(1.021450325935361 0.01981578505437437 0)
(0.7377438684778146 -0.006319496934479279 0)
(1.075328350699921 -0.01191428530149619 2.698533330877218e-20)
(0.9750516825075577 0.002780046245516687 0)
(1.288645457543889 0.1325914532043914 -1.568458532991062e-19)
(1.057484689556211 0.0112660994449445 0)
(0.993512181938939 -0.007877030499619953 0)
(1.065097847547513 0.008144417219385643 0)
(1.006164163288166 0.02080957839132534 1.733274832536743e-20)
(0.9291072299863774 0.01211596435948945 1.065283400295102e-20)
(1.177170914539589 -0.1995560632323352 0)
(1.005159015658946 -0.005205052164477678 7.775550748176377e-20)
(1.059149850908458 0.006314878804735057 0)
(0.7746562426176733 -0.003312394126901353 0)
(1.216156538172979 0.02954703759284583 1.677500887503918e-20)
(0.7050170666426016 0.001320728512373904 0)
(1.435814760181968 0.0904112444406395 -5.355675684016704e-20)
(0.9941603683889442 -0.00695561984762773 1.701899107194802e-20)
(1.274444456178788 -0.0006463196260899796 -2.914999308407933e-19)
(1.059738091292024 0.008782925805642964 1.397592903852889e-19)
(1.000903922940208 -0.01360987197948246 0)
(1.218665459983479 -0.149374989583869 2.034922058680415e-19)
(0.733192009404828 0.01379244924476105 0)
(1.098289735045172 -0.005152743295375832 0)
(1.151113877111318 0.06776787825655352 2.044448122986523e-20)
(1.007068796690744 -0.007139654682554575 -3.026170323204967e-20)
(1.119635608887396 0.05164161123617443 -1.762848197171183e-19)
(0.113552772976114 -0.08227486456199871 0)
(1.072059622732932 0.03757983996638068 0)
(0.661637551617682 -0.002929142154159414 -6.849746428720645e-22)
(1.012137126352019 -0.01947623693283706 9.778987494160357e-20)
(1.061581678093482 0.0006690234163116444 0)
(1.080963400244624 -0.125392018913298 3.73353860150149e-19)
(1.002700003175521 -0.006220680216233152 -3.482068694949197e-21)
(1.002158587407914 -0.005266421483917385 8.886627478355459e-22)
(1.093934773786375 -0.009324747401140657 0)
(1.020685466740025 0.02049950587626018 -6.236956822540888e-20)
(1.106646764482759 -0.00163311916527885 6.70782939713954e-22)
(1.07402776722903 -0.01128295633036941 6.565221964916609e-20)
(1.085826203299504 0.02238331149808555 0)
(1.330985112021973 0.1666199237473533 0)
(1.00200258459191 0.0001164074672484836 4.416666281261214e-20)
(1.322677946565966 -0.1241182010862184 1.535571624338893e-19)
(0.05250729166281807 -0.1817572677475827 -2.570984049718641e-19)
(1.071347449046955 -0.005563695363077529 0)
(1.117962866800601 0.0007845263449047686 1.222387509811038e-20)
(0.7269307679457381 0.017866569286257 0)
(1.063097511707827 0.003182170068356701 0)
(0.871901472110843 0.1674191175419734 4.794868594704914e-19)
(1.268190733706586 0.1303589655163429 1.873718317439394e-19)
(0.6542932068458187 -0.003106653701939503 -6.298561798978428e-20)
(1.042189381797898 -0.004819987431639263 -6.408822547903808e-21)
(1.054835353178739 -0.0002932015969289149 6.636492965734099e-20)
(1.362269682557526 0.1261342209840061 6.830971825454917e-19)
(1.334608606805287 0.2527661981163471 0)
(1.059950474110011 0.0002270923044753165 0)
(0.9977442270157726 -0.007528323317528246 1.541171950778261e-20)
(0.9939958482772453 -0.01180795693038078 4.725542062563882e-21)
(1.382486734795038 0.2005737682071428 4.233684526185208e-19)
(0.6816726509973638 0.000586961934107049 9.845496844210499e-20)
(1.005575608220788 -0.002053526118536031 -5.970150981440187e-20)
(1.098092773135589 0.01300767266105792 2.541508768131942e-20)
(0.6694744050806118 0.005012385756692556 0)
(1.06608880621295 -0.01201532389452706 0)
(0.9982010125495798 0.1429553596771035 -1.197200329717934e-19)
(1.087130649102428 -0.006921425282008908 -2.435391182353721e-20)
(0.9821148889191065 -1.797851307958753e-05 3.279550273150454e-20)
(0.9912102788121314 0.006035128428865403 0)
(0.6383164258980347 -0.001118634153820927 0)
(0.9768656743004706 -0.001199817770937266 0)
(0.6421027416953171 -0.001503222329495094 2.701291554770135e-21)
(1.09015554347679 -0.05712935150130533 1.197458078726939e-19)
(1.113291062040426 -0.0002227346615190326 1.237197609423803e-21)
(0.957972065306211 -0.0009228084818973353 3.913363057002689e-20)
(1.015673169894502 0.01032163282312957 1.672435233494478e-20)
(1.065784289441851 0.002651156484860709 -2.352147553233487e-21)
(0.6347212758033417 0.008859512221406404 -3.646643303706375e-20)
(1.002209734777798 0.009644934090539606 -9.265068630051486e-22)
(1.035172492646499 0.01018559294060372 5.141632859388084e-21)
(0.9879413280891423 -0.01215218092674806 0)
(0.6100280802534818 -0.0004958858978483694 0)
(1.068623830082349 0.02271558022639801 0)
(1.016721853373673 -0.01557524344928287 1.055542831978928e-20)
(1.02284617319797 -0.006773626375696421 0)
(0.9912592079557671 0.01468066340344608 -9.47496338944541e-21)
(1.011811805855373 0.003008269902714188 0)
(1.12688188690501 -0.004365391021231834 -1.166401553471223e-20)
(0.03942503591241258 -0.1413670479564695 -4.356354082375984e-20)
(1.036614554711014 -0.01663648412265837 -7.188555454587516e-22)
(1.043061481790865 0.005383179276874079 0)
(1.083239863121193 0.06480221651623204 8.408430019517267e-20)
(0.9693070100929114 -0.002100667781350415 3.113914942095707e-20)
(1.020667104660245 0.01698740786159686 -2.370726337074409e-20)
(1.002126895502304 0.000971327897006166 2.502932409220148e-20)
(1.040787468230398 -0.005339366008789802 0)
(0.6409161502584135 -0.003995617716020569 0)
(1.02582391878891 0.02452904928965588 -7.229281168393019e-20)
(1.080668956964245 -0.001195199263123093 4.787844348352795e-20)
(1.016656381845974 0.002773503314465434 0)
(0.9796224650709624 -0.003141629917528497 -1.933185207490498e-21)
(0.8747341495764117 0.02291672457829371 -1.212099588421005e-20)
(1.014015662418185 0.002812367424665253 -1.01871000797331e-20)
(1.026855188683194 0.003684339631538834 1.805717157350413e-20)
(0.9813123293191421 0.003324779720793807 0)
(1.002312707431433 0.01012304451314402 3.498570643470888e-20)
(1.107176343482128 -0.002574310140573684 0)
(0.9246811551416948 -0.001106532046008082 -3.294165142216431e-20)
(0.9606119009888882 0.006880659206423858 0)
(0.9168878303392265 0.2118598264535902 5.212315359841845e-20)
(1.010765519278858 0.066825466614746 0)
(0.9929531100770174 0.003935471870348881 -2.291165159567454e-20)
(1.055372739447009 -0.05421315630930947 -2.877751125816371e-20)
(0.9910709229234246 -0.0002741040191414599 3.413859129797338e-20)
(1.012245529299524 0.003830397530205626 0)
(0.9780420476962419 -0.0004194291365378022 -3.184937156960381e-20)
(1.168439272020603 0.1003171067249247 -3.371455654769258e-19)
(1.069633422572826 -0.264828149156333 0)
(0.9933353274269833 0.001761878667702156 -2.211364126066668e-20)
(0.9807007089318385 0.005976981870563468 5.057132928736434e-21)
(0.9627788459343944 0.005537537566943712 1.022838849205799e-21)
(0.7459367780834931 -0.001072939824060992 0)
(1.119265006433162 -0.08233696019312556 0)
(1.006185875697069 0.00403778764099429 -2.180595602544879e-20)
(0.9002160969697961 0.004600462609674732 -9.737714120714835e-21)
(0.8559772168069317 0.01791048856722783 4.330426279240648e-21)
(1.012875208405444 0.001673229151056026 0)
(0.9489662945443966 0.004272278199738801 1.484892723149319e-20)
(1.005696155869329 -0.0002637656967721932 -2.308572488473593e-20)
(1.020319464886574 7.42400600540996e-05 -2.588421114064189e-20)
(1.112811481552193 -0.002629122449380462 -4.924993958450932e-21)
(1.118304807716362 0.0004305923980135296 0)
(1.014424164345672 -0.008224072306485372 0)
(1.021302192429119 0.003413952611887177 0)
(0.9456936582089103 0.00166006242499839 -2.144855829308103e-20)
(1.017869813282197 0.01350484137872347 5.31751573871846e-20)
(1.079783844479662 0.002993729521724356 -2.20999780505115e-20)
(1.039294347081685 -0.001469268936439487 0)
(1.105844396215924 -0.006268171195836074 1.832790026865386e-21)
(0.9958766896000456 0.002635620433048061 -2.209488580949609e-20)
(0.9865630384806436 0.006813492438816922 0)
(1.011973348505784 0.002927288103719963 4.662716958681741e-20)
(1.367289839616225 -0.3144170214048219 -1.134048876684995e-18)
(1.122947829596322 -0.04407620377938522 -1.081144975317957e-19)
(0.9672159102725483 0.003029908406302128 4.776136548396527e-20)
(0.7777725953927724 0.01378141178252156 -3.170332181914977e-20)
(1.22087866490838 0.05364436192996266 0)
(1.224351235413855 -0.1346486678378955 -1.463336524473806e-19)
(1.078085851966448 0.00583924091182005 0)
(1.008702147413048 0.001735078844114289 2.235403150139243e-20)
(-0.1621691718611984 -0.1152037694794768 0)
(0.9939677623153981 -0.004649113359522393 0)
(1.01245167538971 -0.02317841092104391 4.61129293032756e-20)
(0.7061811382478491 -0.01944717508438716 0)
(1.096795652858354 -0.01487253893084537 2.138371335724809e-21)
(1.043919165018925 -0.01171565707285724 1.754050193235185e-20)
(0.6331285019945697 0.004149478860767809 0)
(1.449100770142973 -0.122170978246821 0)
(0.9868859269938937 0.001371203366185734 -1.082398392876375e-20)
(1.069785690741979 -0.01497296954026026 0)
(1.038019990555284 0.0004130163544225883 2.15599537301778e-20)
(1.083543235278198 0.005270539186280534 0)
(1.009126801076954 0.005620774784526913 -1.042879624436456e-21)
(1.005950761118565 0.002947786029453563 0)
(1.013836177921232 -0.0142054652891568 5.662656257081636e-22)
(1.003418682856137 -0.02074813797080101 0)
(1.034050995223597 0.005420647990439407 1.726963523695768e-20)
(-0.1930195092535284 0.03517322254332598 2.635194844221973e-19)
(0.8112670350283222 0.02780003128842374 5.337013221548751e-20)
(1.005743932647158 0.001962235122935809 0)
(1.132898374317307 0.022514210277913 -1.227288543787047e-20)
(1.122178530158552 0.01940496608702223 8.60495770750042e-21)
(1.054299494902871 -0.01309770220323573 -1.275204975257564e-19)
(0.9987857962339678 0.01034864966321156 1.329550688935492e-21)
(1.077856348173255 0.007083676225286815 0)
(1.185432337037404 0.05365019267084917 0)
(0.835445735701107 -0.07624429916826822 4.589325567742213e-19)
(1.100733263416324 -0.007496603108211017 0)
(1.032666861170077 0.00743062818496009 -7.384589943672368e-21)
(1.042600580367453 0.005170642159926204 6.113093145699085e-21)
(1.053920050273098 -0.06178938861744392 -7.523148700907977e-21)
(1.140003059514575 -0.0008741190722422951 1.662011104842204e-19)
(1.08388509089828 -0.008643481784260075 0)
(0.9949231557382598 0.001218480207835408 0)
(0.9959452700176851 -0.02475810083093572 -2.288044378007586e-21)
(0.9907698697092537 0.002625011713549349 0)
(1.030206225695705 -0.0388248162981881 6.365777040935126e-20)
(1.29334012848077 -0.09215416287488028 0)
(1.04662387259767 -0.01280074401117302 -1.497945180289866e-21)
(0.9861546719958006 0.01697443104356273 -8.452197612599987e-20)
(1.034201389734939 0.0407418594865874 -2.42343574938951e-21)
(-0.08783181696112918 0.1503897993584894 -1.629291728103814e-19)
(-0.06472662312611221 -0.3008456886151955 -1.394182341983269e-19)
(0.8809242110281089 0.1381894142721699 0)
(0.2961314940860585 -0.01614641467177719 -3.26222918675301e-19)
(1.009355889672834 -0.00929342010575868 -1.63387743693634e-20)
(1.063853716015103 0.002639347346708287 -2.117753807982255e-20)
(0.9922358927639726 -0.0183660905584684 2.912690764965221e-20)
(1.021016835896414 -0.02922829984088958 2.527834280636394e-21)
(1.008915686128331 -0.03229714450102947 -6.535402903550503e-20)
(0.9887678619107507 0.004822112501207731 -3.467066227791513e-20)
(0.9929558274460708 0.004620367672448962 0)
(1.02530563747649 -0.002060508150737388 -3.570993257801456e-21)
(1.938671964745859 -0.1552628146540222 1.079466425205853e-18)
(1.047136551807311 -0.005819034988369051 0)
(0.9952279202350326 0.008104903349467747 1.548655168082569e-20)
(1.002885344213309 -0.0001237337096283928 4.078683034762516e-20)
(1.165497918870818 0.1337749849266161 0)
(0.998096728398602 -0.001055729773329071 3.721382627998227e-21)
(0.9485938316111441 -0.00304729344729971 0)
(1.037838290414429 0.04176632311068171 0)
(1.305656800576877 0.1669841934847401 2.339581006756777e-19)
(1.086665913084913 -0.008658943850864097 2.265118637611537e-20)
(1.018623861328193 0.0309094142974406 4.700070328751642e-20)
(1.087394100214658 -0.01042369029236007 -2.186329723356636e-20)
(1.046671126890651 -0.003050123993632092 -3.806411096173169e-21)
(-0.3840937362155581 -0.04598209201710475 0)
(0.9985019764992555 0.01456286465571754 0)
(0.1069701064473271 0.05826425075100002 -8.523060409821626e-20)
(1.006951297396324 0.0225029396759337 -4.154158624818673e-20)
(0.9928329584664025 -0.004484040544413358 0)
(1.000889399111932 0.005844121091157378 -5.06146048416314e-21)
(1.081569466472601 -0.04228185195464808 0)
(0.9955170222584544 -0.01674997831882195 -7.726730513454529e-21)
(1.093218541495038 -0.05727234346514275 0)
(1.444058707281812 0.1798486419404261 0)
(1.054294793260827 -0.01204567023830645 0)
(0.9903421328729408 -0.02284534309183541 -3.912679744001706e-20)
(0.9911891499520779 -0.04733327370628694 -2.35352951297253e-21)
(1.016437798166576 -0.01696530534395397 -1.693724392522665e-20)
(0.9974285359519366 0.01676650418207277 -5.686270832676735e-20)
(0.9951290555516952 0.01057071089674659 -1.509269519653197e-20)
(0.993649223774516 -0.02773199150814751 0)
(1.003302101330787 0.0249052488551822 1.969113533830255e-20)
(1.051660911620863 -0.0444119351665824 0)
(1.111131669767297 -0.03553487640435566 2.647193210966595e-19)
(0.9956626530069428 0.01728535699348787 4.682245071316772e-20)
(0.6151053128460411 -0.008669510990018156 0)
(1.133880432418914 0.1373348651962034 -5.473498948735691e-21)
(0.8601448428605596 -0.1030983983344444 0)
(1.138077356584137 0.07334499566947597 -2.670952066399995e-19)
(1.316769565184809 -0.3887731236155567 1.303684010663498e-19)
(1.073084110466633 0.06048318938935331 -1.301178074557038e-20)
(1.009672067734989 -0.03157996804896444 0)
(0.95604745284271 -0.2161081936009469 0)
(0.4988152906457527 0.1412541749797799 0)
(1.014006781701625 0.009080569794192316 1.283381338520614e-21)
(0.6880598198139256 -0.02913549065978179 0)
(0.9990671765025952 0.01822719331875272 3.57624024820162e-20)
(1.02289890659674 -0.004910120502312368 -2.808238703266227e-20)
(1.079088317021784 -0.008103952108299672 2.807910572065857e-21)
(1.039552808409898 -0.01141398837280811 3.36875265555482e-20)
(1.04238127679121 0.0113548163767463 0)
(1.06349876483601 0.02879905765566345 -9.67885722299868e-21)
(1.049980563473881 0.03470743762175588 -1.837386595408369e-20)
(0.9825980033221463 -0.02238958449144911 0)
(0.6249441632855784 0.005116762080509205 9.179775908243576e-20)
(0.8941605819290942 -0.005870285580406989 -8.854981622533739e-20)
(0.9093768697667195 0.005338116508242791 1.44384163307812e-20)
(0.6295503468852969 -0.00638863173423202 1.40454384270767e-20)
(0.9785866104305172 0.001291991297058892 2.611897901893022e-20)
(1.004460675703542 -0.01750282321876187 -3.632676299954604e-20)
(0.9715756276525218 -0.02608698289709624 -3.621640158338776e-20)
(1.085494233684595 0.001563568961160284 0)
(1.019949307350881 0.004383099797468674 1.034305618005336e-20)
(1.132490650644802 0.04903787442598698 1.293144975656211e-19)
(1.033361054525356 0.04034958928958602 0)
(1.022294692394963 0.002546462824075342 0)
(1.585676907825205 -0.1666990061001645 4.429228166724356e-19)
(1.047022075499366 -0.04198296141517483 0)
(1.017213627428362 0.006856073698703819 -3.808233889283733e-20)
(1.087394171455699 -0.0006511056215017816 0)
(0.4797229846054229 -0.03458097642071713 0)
(-0.01724813246795768 0.02323357833117815 0)
(0.9904531724814296 -0.02440977608589591 1.21315690495977e-20)
(1.301809179423296 -0.0949370647087491 3.779539753271763e-19)
(1.035814722710858 0.03669082101869726 0)
(1.022269029310066 0.003334314058708462 -2.257711759421196e-20)
(0.9639330730372925 -0.1628849490455541 3.152833196097386e-21)
(1.253718788805077 0.07923608855610238 0)
(0.5971958977582174 0.7293774589788976 0)
(1.313579487494757 0.1524555999681417 1.124713993371355e-19)
(1.679365624494397 -0.02429516399398923 0)
(1.053692127929921 0.1063304385501158 0)
(0.7095823064472947 -0.02154755515391677 2.765011323416901e-21)
(1.052435451402193 0.0447024908859256 0)
(0.7324340045666979 0.1145952551047105 1.165713019142037e-19)
(0.996764320407769 -0.0165515612805507 3.566715823777149e-19)
(1.034242561241191 -0.04224317185096576 2.784187291378275e-20)
(-0.380225759138717 -0.0009839108849948714 0)
(1.071849734002172 -0.01646332342572078 0)
(1.093380399552239 -0.006385172791244792 0)
(0.6489386755661776 -0.5042886375719576 -2.465337774996204e-19)
(0.9910275663848319 -0.001637292216613231 0)
(1.092128801694912 -0.02130329604351425 3.634310982296863e-22)
(1.187351095215091 0.1215384616923357 -1.979503297450978e-19)
(1.08937242147719 -0.04531444736489276 0)
(1.005641686239108 -0.02144001916591017 0)
(0.8052954903250638 -0.1797259009971096 -1.685236747901445e-19)
(0.8896931499331494 -0.1269705128103912 1.562496232200658e-19)
(1.027617676283538 0.01308766347206712 -2.266732928168251e-20)
(1.023107255814715 -0.009052004317426839 -4.655810141674907e-20)
(0.8777906977933008 0.01432033903432395 -7.238291437592847e-23)
(1.50678930829487 -0.193072432596598 0)
(1.303791494213155 0.1221435336514946 3.141667327670177e-20)
(1.245414109035688 -0.07389129131455355 -3.077306874464267e-21)
(1.095747711922246 -0.01843804132827096 -3.838834527868766e-20)
(1.039939030391928 -0.01109931353008311 2.415574951785228e-20)
(1.092834262678658 -0.0390883506839031 9.020364565938043e-20)
(1.031876469244071 0.01987545524756685 0)
(1.044384652934786 -0.03623729932389116 0)
(1.115935401026828 -0.008968537181327592 0)
(1.087872768346817 -0.03181019263670661 0)
(0.9979426617910121 0.01121517930566971 0)
(1.14748317906189 0.07835133858458394 9.550638463505044e-20)
(1.339328106051955 -0.1476058409547325 0)
(1.035981951845897 -0.02246164318588211 -1.93228591442051e-22)
(1.052052648729378 0.05029545989382819 0)
(1.010174350166271 0.01471997613966507 -3.986320352671568e-20)
(1.03391354446273 -0.007697817083788385 9.026804973893192e-21)
(1.088936783546422 0.01342539502641065 -3.284812025593855e-20)
(1.085495906986624 -0.02874946037619842 0)
(1.073430659234939 0.002748175422618372 0)
(1.109257464888777 0.09505550586858751 -1.430733745630112e-18)
(0.9355951259077576 -0.1502731913133578 -7.055723871202467e-20)
(1.167879927672078 0.1081504570755544 1.111323293013723e-19)
(-0.4861362080093605 0.01120301157764113 -2.916547877739844e-19)
(1.018802536157205 0.02850395195216724 -8.921731270620336e-20)
(1.003920156025037 0.0007522824665651856 0)
(-0.2946699733935454 0.03147230722819214 3.555881549098674e-19)
(-0.04961133220723729 0.2990499200728491 7.905953271639475e-21)
(0.9952271765475016 -0.006271636646491002 9.97150489277116e-20)
(0.19088372780122 -0.04023108603216866 1.430768179551058e-19)
(1.091971416869912 0.08014243924803854 1.480292134914301e-20)
(0.09420118344506449 -0.1106637526772906 -5.53747819585111e-20)
(1.108053936499 0.003001087193518675 0)
(1.10519480284812 0.259616785444077 0)
(1.021718311385394 0.02168640643241083 -1.7469731114569e-20)
(1.073434490075464 0.05282224058297063 0)
(1.026843705050037 0.02632416471778836 -9.448553696694844e-21)
(1.26426651762881 -0.5492613547574743 8.071498176886533e-19)
(-0.1108934475600615 -0.2005472931191819 2.224599346875253e-19)
(1.29764581341674 0.1190398713603807 -6.38080211817257e-19)
(1.12193707830386 -0.00341522427831767 0)
(1.125820256670126 0.09471258815494071 0)
(0.5299638742871832 0.08358322377891902 2.570514170298382e-19)
(1.02366588277186 -0.02081759575278575 9.26096013796398e-20)
(1.006157496612463 -0.02397473802476574 0)
(1.210576960591334 0.2707879047767993 -9.476620796001027e-20)
(1.262090885174728 0.1402204944441532 -1.620329493931488e-19)
(1.026661243001936 0.003123515184443415 1.520557802735522e-20)
(1.302187837083407 -0.0845391258323671 -5.036926858132854e-19)
(0.2913538356682986 -0.01295985319694216 2.602724326104685e-19)
(0.8244739274079946 -0.1443768647045646 6.620345745332668e-19)
(1.048801752066671 0.05270803058081743 1.057972708939117e-19)
(1.040227859837868 -0.004508835615872706 1.823806795931512e-21)
(1.001548650171227 0.01982760184302644 3.008829857551318e-20)
(1.066505179560209 -0.03680961346747957 0)
(1.03477445694891 -0.03849487154873817 -1.564490334695821e-19)
(1.018832678368002 0.03368964409677376 -4.791936347728568e-20)
(-0.04092114043030224 0.05123561921153843 -5.122750248555378e-19)
(1.011048648413584 -0.05845062302835528 0)
(0.9113272367356421 0.02173160455309533 0)
(1.088599426536792 -0.004113455695143118 0)
(1.37301931731207 0.2628588244255011 3.837757216884046e-19)
(1.703240230887181 0.1059211845793575 1.347422089714098e-18)
(1.405921688584254 0.1585281969387722 0)
(1.035143104986528 0.02663315459652431 1.148582845983178e-20)
(0.3577211726263465 0.03747459131450805 3.58566575047552e-19)
(1.12884195617841 0.01147248784639222 0)
(1.088643142923896 -0.01103919000468592 3.136623728480583e-21)
(1.086871206308754 -0.02301472538883526 2.00742963892545e-22)
(1.132543763189946 0.09552877448722992 0)
(1.300738406069056 0.0587512442699579 0)
(1.039591724338318 0.001010580632607907 1.158481602200723e-20)
(-0.1494021423315606 -0.1300623365102037 -4.177714152284011e-19)
(1.333518210830145 -0.1447034811782576 -2.166624882838732e-19)
(1.067764614715816 -0.007459774972709394 0)
(1.013678519749395 0.01482480291847663 3.162319724753249e-20)
(1.15476872420901 -0.1082168756724794 0)
(1.016566987958668 -0.01795831240709083 -1.106160053667173e-19)
(1.030748836932986 0.008233544840987006 0)
(1.514750057567305 0.09100537858070373 -2.887637380238717e-19)
(0.01108801809750454 0.08301107130442412 8.269132420932514e-19)
(1.095367440225496 0.0506282339549524 2.187519636705688e-20)
(1.092178998897382 0.07888019743618364 2.029697616573238e-19)
(1.009503369638333 0.008692218306879159 -6.288874405933243e-21)
(0.01257271121503018 -0.1126408607307261 -5.360991768888601e-20)
(0.02841787688158803 0.1157904463908367 3.417405570369456e-19)
(1.220103063951319 0.1338352139143259 -1.51908707061473e-19)
(1.106151369834596 0.07666728276241713 0)
(1.087778668674184 0.02565916023292261 1.698218656627989e-19)
(1.00705072107638 0.02212868969921649 1.647426857952022e-19)
(1.029711866455201 0.0007756654333453454 -3.692806776995354e-20)
(1.203578106907966 0.1401640268036447 2.416338296188134e-19)
(1.398164382097258 -0.1245088826906603 -2.014106584494184e-19)
(1.065715281424621 0.05023719666194405 -6.940690665346751e-20)
(0.9932739520917632 0.006622593099804668 0)
(1.088318275875934 0.06534381183942418 0)
(0.9815871644511137 0.007187920706559931 0)
(0.9940915301025863 0.005393469224687582 2.437291994901431e-20)
(0.4847035997093014 -0.06619291860423528 0)
(0.9909653811286316 0.006615875394274926 -1.985705454404139e-22)
(1.288729525053562 0.08186658578792197 0)
(1.008321253885785 0.004287725594693097 2.174107883845275e-20)
(0.8143892303277022 -0.1229337166947779 5.038315577580333e-20)
(1.094930503042157 -0.00734477834899445 -8.112727751765798e-21)
(0.9397289283254385 0.01663368968653623 -1.762458730093437e-20)
(1.435430300259146 -0.2780056131075506 -5.168802350399159e-19)
(1.129267310729655 -0.08957751168540007 4.637378713025791e-19)
(1.088782975134984 -0.02517273601181398 0)
(1.935683656138604 -0.4709174295974523 0)
(1.62691563477956 0.1922043645905646 0)
(0.9884450810883285 0.003628275147126409 -9.207816726443172e-21)
(0.8584266127258088 0.7733310019713348 2.38256944480161e-19)
(-0.02063840564109666 0.2011415670954745 5.076035578548891e-19)
(1.03993402344877 0.004028023513012354 0)
(-0.2028615188100571 -0.121254434462431 2.251859364545265e-19)
(0.9826480064061283 -0.003360959567233816 4.075370387706507e-20)
(1.180145916623978 0.1617976396170271 -1.590573368481969e-20)
(1.044601075544676 -0.02201507418212667 5.758380672567426e-20)
(1.058141442415808 -0.1433208287468088 1.377110118291612e-19)
(1.132049802703164 0.004940699839239395 4.234267288978624e-21)
(1.105013373694055 -0.002724349461489528 0)
(1.308523583926055 0.5298138267921871 -5.99535459709755e-19)
(1.027834078265526 0.004952478753121935 -2.094891213976871e-20)
(-0.3388041556465594 -0.01266328736424391 -1.955739239419574e-19)
(0.6795661008536463 0.01845149747100771 0)
(1.088262575005127 -0.6987063685916151 -4.855151852235472e-20)
(1.310076950951032 0.08605545255991776 -1.094689634420129e-18)
(1.115020540671636 -0.1082349392788267 0)
(1.086871838034422 0.2787877339301971 0)
(0.9724064294819728 0.00279377156366389 -6.144815677146803e-19)
(1.065866695756032 0.002774382289842888 -3.988821123733844e-21)
(0.9246674416183867 -0.01213999200296455 0)
(1.090641480534357 0.03089892778586474 -1.752399762384965e-20)
(1.372618759097041 0.2205766857992636 -1.931277987239653e-19)
(0.7323937309677496 0.0969210462083528 -1.053622328545685e-18)
(1.078773531919881 -0.000726424805412742 0)
(1.265231854791904 -0.05620692143023702 6.906839077234666e-20)
(1.004791373559481 -0.0001219588047745267 0)
(0.8497566057848491 -0.7757914704850818 -4.477263718359503e-22)
(1.082042201533926 -0.05189047740653517 -1.129238362348476e-19)
(0.8757661886915254 0.3243882494432668 2.95052486212295e-19)
(0.8195538534515056 -0.1908680134268323 0)
(1.031265742011984 -0.03609417812771128 0)
(1.054859917113746 -0.02873741333922332 0)
(1.003027714511789 -0.002641112048578522 0)
(0.9812602351973861 0.006244294701578498 0)
(1.33633302290245 -0.2318989150025468 0)
(-0.09356548269665896 0.1205242569467671 2.462880264953549e-19)
(-0.04782098321107766 0.07342790181289574 -4.00542935618088e-20)
(0.2522545909142079 -0.1079398921931224 -4.42572016776042e-19)
(1.521216860788221 -0.4386280101149423 0)
(1.034412498977938 -0.01694909507686957 0)
(1.773357464319055 -0.75889600527933 -2.360563485257907e-19)
(1.138363738891444 0.0134378938733638 7.471126248581065e-21)
(1.325553284103945 -0.08687837904930891 2.752517399724748e-19)
(1.106901954083695 0.7084420750988414 1.491921919622796e-20)
(0.3384777161809533 0.592963372491817 -2.240024890845846e-19)
(0.6758070290148754 0.4583356224266704 -4.802706558624586e-19)
(1.05644169172955 -0.1484847001842337 -2.519587494945729e-20)
(1.22677559866136 -0.3601681498036093 0)
(-0.1181624077045983 0.2098197420897481 -6.891624608547367e-19)
(1.046411171137343 0.02299587308738046 0)
(1.113984065260334 0.03396705502139304 -1.486470522528159e-19)
(0.8140088689696854 0.8959489913254212 0)
(1.076586040424938 0.03867380760683942 6.688370592272446e-21)
(0.2921763768417919 -0.05939048873845552 0)
(1.117275697116691 0.03226890565776558 2.2976174600079e-20)
(1.368604118169169 0.3243292903709747 -5.523367486411344e-19)
(1.075214252479703 -0.01208650242192702 -1.615664782174423e-19)
(1.469134821739608 0.1607420922928516 -2.500119591792926e-19)
(1.330413761632218 0.4185887206978839 0)
(1.165407609823782 -0.2601535351366192 0)
(1.308796612791838 -0.13000684804511 -1.19529093517713e-19)
(1.066863563370975 0.01621947735900039 -3.308985046750669e-20)
(1.060622739498265 -0.01204919897968475 0)
(0.7514139453254629 0.1518220567956107 -1.242725200626996e-19)
(0.7747251819105124 -0.5772393603427448 -5.61330061033445e-20)
(0.6666309530586428 0.2030920688982341 9.62006453114681e-19)
(0.9936020471331086 0.1329831763423656 3.589350540684152e-19)
(-0.004723913889771836 0.09139770408862816 0)
(0.5938874673593828 0.03667972573363432 -6.970513498592286e-19)
(1.059277186768361 -0.04030149902800664 -1.857185114503987e-21)
(0.6809470640629091 -0.1060703529918001 -2.660242369372915e-19)
(-0.004946123240420179 0.2388331535663303 -2.863712222909303e-19)
(1.183762040793328 -0.07597416241289302 0)
(0.4135128215462984 0.02140232679603439 0)
(0.1606151232984793 0.3716501777612594 0)
(1.437255968311469 -0.2550857010747337 0)
(0.2343474374041103 -0.3582077560608448 -6.39038052669548e-19)
(1.598455930706285 0.04130633560784462 -3.946884401220814e-19)
(1.02610542181483 -0.2021871384473197 0)
(0.6907527115264103 0.02778568718682465 2.652158830335203e-19)
(1.025075355039384 -0.01099486076516555 3.431790114858672e-20)
(1.137350589884316 0.2358227569421304 0)
(1.726111312096112 -0.1089836080782365 0)
(0.5814119806664237 -0.7373881418315416 -6.886717684202595e-20)
(1.276418640155326 -0.1043838062481847 -9.890210082840017e-20)
(1.407359101234855 -0.08047666133399894 -4.214616659976695e-19)
(1.48281646359612 -0.06147108072717738 3.583647829370519e-19)
(0.09534435248860199 0.09990073143283369 0)
(-0.1768597663736409 0.1027408803765985 2.627595441091589e-19)
(1.038656329414046 -0.06365206394786538 -3.947406375680448e-21)
(1.120764515144832 -0.1404275285670673 0)
(0.6410587155549157 -0.3568680986026168 5.185966360522767e-19)
(1.049287453333823 -0.0634002051625166 1.535043521127033e-20)
(0.8538614134542053 -0.1381054426784256 0)
(1.31884347694583 -0.1250174540294971 -9.283286326726612e-21)
(1.115816332788709 0.07794907243930858 -4.362287022522853e-20)
(1.090916768231137 -0.005081555577094127 0)
(1.126587912448772 0.5698918010130012 -1.094096545301435e-19)
(0.3424734794081226 -0.5995927943597766 0)
(1.060610931441423 -0.003470373335084341 2.848370911066891e-20)
(1.097486574923558 -0.00499905674567715 2.591626150596807e-19)
(0.07140335267243227 0.1844715161734707 -1.558190406039411e-19)
(1.18000893930616 1.00123829595863 -2.221231735441605e-19)
(1.369757545237762 -0.1367676585282006 -8.989064381802666e-20)
(0.9115528662885857 0.1098736859136812 4.50432369820546e-20)
(0.9981640856293507 0.003696249420680173 1.091456523146677e-20)
(1.056522933619655 -0.1507813453061022 1.770098407611721e-20)
(1.509329043497389 -0.9493758287602103 -5.27302635036785e-19)
(1.531714832706658 0.9498233939349765 2.35216008360349e-20)
(1.433953840332519 0.2301096325339694 3.520190231237239e-19)
(1.028721103801816 -0.007696873103190198 2.015101191479106e-19)
(1.035546139409584 -0.0331202070914713 1.708808311615601e-19)
(0.9928512246559178 0.02231016816909938 -1.976542155831091e-20)
(1.057692658653202 0.03864941042136813 -1.413544297830309e-19)
(1.079324769253187 -0.06528699175078585 3.069412647500971e-20)
(1.434976894674033 -0.1292171866036964 3.313058668963731e-19)
(1.818118812726383 0.7483003355707993 1.868191030559058e-19)
(1.037909087125822 0.03261286547135721 1.096108127599077e-20)
(1.072018940864499 0.01416128655035746 -1.031392677699054e-19)
(1.984652872702329 0.4781065886531416 5.324375546761313e-19)
(1.925682293039354 0.1613882825294256 9.245426979155592e-19)
(1.080417899622686 0.6381929264398341 -9.510610146658682e-20)
(1.108953323713205 0.171582067674486 0)
(1.044105616938183 0.02311461400512453 0)
(0.5102915528560222 0.4385202173437597 1.171500018674621e-18)
(1.376915563385366 -0.2983248648125456 1.904775590558333e-19)
(1.197019243596346 -0.154765311252229 0)
(1.631689603384123 0.2363523412849758 -6.125242919647498e-20)
(0.7956062399770885 -0.1417544492943662 -1.178536544559324e-19)
(1.328095341282423 -0.2087104501795176 -9.184776062200638e-20)
(1.249027384060618 0.3896967769541199 1.411035849294922e-19)
(0.4926676636927421 0.1953969405568596 -5.622225117908747e-19)
(1.686186228194661 -0.01856550981196109 3.256527330647166e-20)
(0.856630442002095 -0.5453838488629457 2.161590380082394e-19)
(0.9996987229684133 0.02343639392133342 0)
(1.616056563704495 -0.1832237534501027 -3.042602240041504e-19)
(1.089760394875325 0.1005885603822237 0)
(1.338038087167223 0.5807668939314257 0)
(0.9429373415320135 -0.4144903392418672 -2.77411556214017e-20)
(1.248990873308905 -0.02417561298933361 0)
(1.038533993062369 -0.003907679544355891 -1.216334911758574e-19)
(0.7403981229384933 0.118011015910221 3.202064432038058e-19)
(1.325013112205002 -0.5818633725882141 -5.647268051512302e-19)
(1.052755864604676 -0.6336629490192482 1.274555816712673e-20)
(0.3515831432013263 -0.3784697168382339 -8.764305406029918e-20)
(1.007376513035162 -0.09629948150543402 0)
(0.4457694386646376 0.3016152976419088 1.686873382998082e-18)
(0.3080863828645206 0.06933193370032124 0)
(1.309507117604069 -0.1268902158409298 7.992313393821698e-20)
(1.579697147826371 0.1941169771765403 0)
(1.165839004032651 0.4466863113957804 1.307723539591274e-19)
(1.052787257219986 0.1527144637641056 -6.989873402754457e-20)
(1.031763670112127 0.004528966941135754 -1.94201845515572e-19)
(0.9562038773874834 0.4088839423583332 0)
(1.163397860724854 -1.01143685077445 5.906956144224883e-20)
(0.8911966607793945 0.008819718346158689 0)
(1.068386437017058 0.3787211102499983 0)
(1.064099825378005 0.0334600721336715 -4.914424360787155e-21)
(1.4742755742192 -0.2990162963617927 0)
(1.244501855068219 -0.1846321021660568 -3.017017291215603e-19)
(0.03754771506077233 0.01056820044540021 -1.7245158325456e-19)
(0.2394646712124557 0.01790703844536481 8.856915675770963e-19)
(0.981295271750344 -0.09943566342137578 0)
(0.4718266492445132 0.6469327615384642 -2.558990974750295e-19)
(0.9174536270625639 0.02926787590371216 0)
(1.536403520736443 0.4149871376784982 5.4410127654935e-19)
(0.4949364087992636 0.1789265268057298 -6.309104644530467e-19)
(0.00474475212342837 0.2131629462184123 0)
(-0.4281032162528693 -0.03312848970691973 0)
(1.032450414418813 -0.0001260268985443087 1.224047084941153e-20)
(1.660419299024352 -0.2259349785493813 -1.11276124810787e-18)
(1.110393643206259 -0.5636683449339336 2.423468643528735e-19)
(0.7813443032085853 0.3325915013594005 -8.796532063571879e-19)
(0.9317448357370816 0.157588343955539 1.486242532798634e-19)
(1.044221810569666 -0.003778800762079835 0)
(-0.2973300271277326 -0.1333379666561856 4.231244573356068e-19)
(1.033274896459602 0.0466116128234098 0)
(1.188964526937519 -0.2319605290452883 0)
(1.559236105773746 -0.1848286938609998 5.001541532631692e-19)
(1.12095359627864 0.07404101275553351 -7.502634311453142e-20)
(1.060938486687906 -0.1300583249042228 7.48367807541321e-20)
(-0.01471191817822418 0.08412469863798169 3.376544752413373e-19)
(-0.07502640199557199 -0.1389434639539847 2.281438881153526e-19)
(1.081656712767954 0.2206321209457386 0)
(1.09462740391534 0.05791369278003992 2.149118552067315e-19)
(1.498193709744929 0.291560496081897 -3.724648848211074e-19)
(1.324260415434267 -0.4878020340605819 2.393626712484447e-19)
(1.156896791767536 -0.1508742167490985 0)
(1.120572068594802 0.1504660101370514 0)
(0.5271224330685377 -0.6906031212351702 4.111738974674528e-19)
(1.312948875447864 -0.03671352827084309 -2.907219779477019e-19)
(1.019274170200057 0.1129780340739605 2.655139465363203e-19)
(0.3131272752672029 0.3552375683249058 -8.933313503793815e-19)
(1.039209463932741 0.1161965288094898 -4.350415288497835e-19)
(1.037857918631243 -0.3968611246006521 -4.350365476320785e-20)
(1.458600789304129 0.1098090885235631 -6.431019771622569e-19)
(0.7805575393285999 -0.8859623072816237 0)
(1.056781160597399 -0.03059279816485593 0)
(1.130518067937191 0.1800424443874181 0)
(1.614555595963635 -0.03856546954247838 0)
(0.8140048962398718 0.5927251359716402 -2.098489322885006e-20)
(1.493868982183409 -0.3573531457432978 4.594353415699188e-19)
(1.539222605970076 0.1476626670965124 0)
(1.137056521727055 -0.4597073857082604 -1.69921560363785e-19)
(1.459504207500787 0.3436701370656002 -3.507214880867733e-19)
(1.010351618632946 0.02761676073825487 0)
(0.2020931010451608 0.0119212082310814 -2.336258172413308e-19)
(1.334990624759576 0.5099007201118316 0)
(0.9771752282089972 0.008778032932061912 -4.055693728402078e-20)
(0.7637166221821895 -0.3022372187703024 -2.054808506360313e-19)
(0.5086275149352157 -0.08343767294293647 7.874408200959334e-19)
(0.2176917555108701 0.08823796378062305 3.413101873224416e-19)
(1.062370475629378 -0.1388589116513073 0)
(0.0584134015010415 -0.02005063885442906 0)
(0.3449272800156862 0.03903684782413711 -3.024501329165825e-19)
(1.006442284121559 0.01715611913623345 0)
(1.451901525458587 -0.005675716083781601 0)
(1.008104118706116 0.02835709324423235 0)
(0.4689271961036525 -0.2753886910125331 -1.003811567158017e-18)
(1.048703365181716 0.08837646959941568 0)
(1.522436836687458 0.04297733774578501 0)
(0.2270640457272891 0.1411902507786846 5.562563709645073e-19)
(0.8802556806630245 -0.3234383514629305 0)
(1.365206736916722 0.05422686482484385 2.651528936699472e-19)
(1.237026941339676 0.2048210298496083 2.016831941791126e-20)
(0.8973553498777239 0.5528174090542318 1.590308062721575e-20)
(1.033384751827339 0.09880805263343671 5.208467879683791e-20)
(1.032608808794667 -0.1494598694731956 0)
(1.366511065729844 -0.02057424816925296 0)
(1.295872465046683 -0.1179774287352669 0)
(0.6245856693551785 -0.04153401744063653 -1.363098745830615e-19)
)
;

boundaryField
{
    FrontBack
    {
        type            empty;
    }
    Top
    {
        type            noSlip;
    }
    In
    {
        type            fixedValue;
        value           uniform (1 0 0);
    }
    Bottom
    {
        type            noSlip;
    }
    Out
    {
        type            zeroGradient;
    }
    circle
    {
        type            noSlip;
    }
}


// ************************************************************************* //
