/*--------------------------------*- C++ -*----------------------------------*\
| =========                 |                                                 |
| \\      /  F ield         | OpenFOAM: The Open Source CFD Toolbox           |
|  \\    /   O peration     | Version:  2412                                  |
|   \\  /    A nd           | Website:  www.openfoam.com                      |
|    \\/     M anipulation  |                                                 |
\*---------------------------------------------------------------------------*/
FoamFile
{
    version     2.0;
    format      ascii;
    arch        "LSB;label=32;scalar=64";
    class       volVectorField;
    location    "1875.5";
    object      U;
}
// * * * * * * * * * * * * * * * * * * * * * * * * * * * * * * * * * * * * * //

dimensions      [0 1 -1 0 0 0 0];

internalField   nonuniform List<vector> 
808
(
(0.7562491697367743 -0.01750442657686358 0)
(1.031251206198813 -0.01253052835830245 0)
(1.115878433803801 -0.002397745733830377 -1.812410928534759e-20)
(1.085121452305669 0.01260038124510289 0)
(1.363649443700361 0.0166138546896754 -3.919146271228351e-19)
(1.038659071192922 -0.009319884466411301 -7.141652949357146e-20)
(1.013475949336735 -0.02056828542347519 -2.313500623000644e-20)
(1.078552887749859 -0.005012964094219303 8.94802356925826e-21)
(1.253574752588599 -0.01896071305244704 6.376095407004261e-20)
(1.084381760896735 0.009977317771904731 0)
(1.013944931250733 -0.009740595517590513 0)
(1.30555393743772 -0.05183017587789528 -3.568707011881222e-19)
(1.08591569549006 -0.001646574798764094 2.030145948357284e-20)
(0.6750515799931804 0.00641789420349693 0)
(1.286184257473098 -0.1162790943912007 0)
(1.081510589064146 0.0001805184869802878 -3.805948205139607e-20)
(1.233739539485597 -0.1485056680758546 -9.989838923492341e-20)
(1.074087391956378 5.283162482199828e-05 3.155146433624422e-20)
(0.9931943156733866 0.005968693969471685 0)
(1.026504877977509 0.009213089675492881 0)
(1.040548902791059 -0.01152886206038206 0)
(0.9874519377875965 0.04446307175720109 0)
(1.051114779278773 -0.006047658276468732 5.50034731589514e-20)
(1.053337652314981 0.008838806184397037 0)
(0.9328011086782658 0.1976906147884457 4.612666719760249e-19)
(1.16713851970722 -0.08792560623381156 0)
(1.185268072079361 -0.01798131350002309 1.593337106522137e-19)
(1.077389184964868 0.009380277428199222 5.191067054175353e-20)
(1.084145331876798 0.002116960149394603 5.044649139780678e-21)
(1.072034860930962 0.03093727401439163 0)
(1.075632372799464 0.00257387734914039 -1.171794378598255e-20)
(1.033059231445266 0.006471537618997957 -1.970126406388479e-19)
(1.059825024427519 0.01489355338512953 -2.400862596930942e-20)
(1.089136400133174 0.00522573153085279 -2.926048698477793e-20)
(1.119372242001936 0.03844612020713416 0)
(0.7551833770756942 -0.1230444362909736 -4.535045419056378e-19)
(0.9544546869323369 -0.005819564474816718 0)
(1.068990399274441 0.02246000634936057 0)
(1.068841020905158 0.007347144592799583 0)
(1.073589726845793 0.008941748869245999 -2.836944002368542e-20)
(1.091850445242861 0.02382979712901912 1.118869841426613e-19)
(1.150004748737005 0.003904947166085418 2.192893153555794e-19)
(1.095818487215078 -0.002443101539899774 0)
(1.015960069821872 -0.009019860257807868 0)
(1.132489715030182 -0.09820407708508461 -1.654349426556639e-19)
(1.044092571650104 -0.01166379149673034 -7.896038836304914e-20)
(1.058375699110616 0.02665083175129474 -2.849951915439052e-20)
(1.231003502989677 -0.1113504223173844 -5.638346416473107e-20)
(1.067775519794942 0.01227165386850329 -4.276233138421171e-20)
(1.256529254985081 0.01881977250295969 0)
(0.9964173730083653 -0.01817332306460312 2.063991162131068e-21)
(1.044536297189429 -0.002067791347286453 0)
(1.087523855922157 -0.002275959841539233 0)
(0.9983212918950425 0.006636307747858524 -1.856723332152663e-20)
(1.251377793661484 0.03487641837959413 -2.312589733328454e-19)
(1.063852319861721 0.01835948165477603 6.168830332643147e-20)
(0.9903137082917888 0.008270218026864957 0)
(1.020147727188544 -0.01052302210805854 2.366026303025047e-20)
(1.106871070669238 -0.0002847588619021893 -1.205002883470722e-19)
(1.061590047239159 0.03104150109837866 0)
(-0.06993751314016175 -0.005036871158593975 6.958665784131974e-20)
(1.154703236150709 -0.05125634963349504 -1.926448832236546e-19)
(1.004861143512127 -0.008593793400889106 -2.600447599313594e-20)
(1.18302358289708 0.06872915278396653 -1.233508803412253e-19)
(0.9983738826957315 -0.010033356087901 2.980025824402077e-20)
(1.08402178896385 -0.005552707939645424 0)
(1.243500554826218 0.09902144316147905 0)
(0.6960263403646202 0.003204655547672589 -7.503968799573087e-20)
(0.990166180000101 -0.01421862560974746 -3.104539058063655e-20)
(1.46065256443454 -0.0164685898228824 4.513171366356089e-19)
(1.060582401033359 0.007564371574610786 -6.83000631523696e-20)
(1.367607840910714 0.09958225540850145 2.936399067769685e-19)
(1.054718007826674 0.00683651021008646 -1.853863996676486e-22)
(1.081273214402285 -0.01398040360605039 -5.37302999362306e-22)
(1.1648266985852 -0.2358274389007215 0)
(1.02214175650712 -0.0143049691471287 0)
(1.017540457684825 0.01749928573332275 -3.155489891307576e-20)
(1.385898546286702 0.3495783194222286 4.145472783118335e-19)
(1.096955973054321 -0.04208527899480265 9.275196966059297e-20)
(1.045460232420638 0.2096559572416311 2.551923078507739e-19)
(1.125879180160354 -0.06217565349471543 1.147838415345876e-19)
(0.9220978876232488 0.005143338876467968 0)
(0.9755042644622804 0.01856132155561003 0)
(1.00412738453172 -0.04897362473368892 2.634228518713607e-21)
(1.010723906985434 -0.01293539651325988 7.386963967921061e-21)
(1.030304058332826 0.02578142887951938 1.408437476142584e-20)
(1.530028267198547 0.03787612974515916 3.288951593166217e-19)
(1.28952534342102 0.0722315949653847 5.460284938980892e-19)
(1.072488904684685 0.002933663846614185 -9.296226832336271e-20)
(1.200680400802473 -0.09471369983351931 0)
(1.033744007670081 0.001666414252614301 1.354384025577725e-19)
(1.163704765765832 0.02265948317176539 -3.24269035500396e-19)
(1.001441580533539 0.0322939263497323 0)
(0.9996278446559038 0.002019070493325023 0)
(1.044423705820986 -0.0001854481230227563 7.668408894555709e-20)
(1.207793711995918 0.1078476171033638 4.089652253021865e-19)
(1.011060479498679 0.006971463252666978 0)
(1.0910326752125 -0.07152662261212847 -1.051553190636229e-19)
(1.149123179490137 0.037618123441301 0)
(1.209197091599856 0.0959737409335697 -1.93491097202424e-19)
(1.108016673534834 -0.02853159507932259 -7.604083769820063e-20)
(1.02759863075038 0.01153998136209821 0)
(1.08527535136775 -0.004677832201081951 0)
(1.019505905569699 0.02549040407559275 8.189520130939655e-20)
(1.072796378969614 0.0533334276953747 -9.294172413189556e-21)
(1.103768475529185 -0.004275294567012136 6.19551491286925e-20)
(1.109806901996505 -0.09737642208667936 1.537161685565132e-19)
(0.9599650685471317 7.436950989042169e-05 0)
(1.066443172832358 0.03124953735458676 3.881904235635427e-20)
(1.168737208153307 -0.07575589143548173 2.354286417729265e-19)
(1.052449285552838 0.04460173643634702 -2.929449611638544e-20)
(1.02253042960004 0.06726844132428525 3.759627060282635e-20)
(1.090633345668633 0.02615429598464179 0)
(1.012837311834923 0.01780543189762263 0)
(1.028989546393711 0.009444572455483103 7.924437242818899e-20)
(0.9487347526393966 -0.03352380019545759 0)
(1.05310671317362 -0.005712031952509332 -7.972133705504476e-21)
(1.341691722409685 0.06097340105281077 -1.600208762509509e-19)
(1.080019661062107 -0.01328054173375371 2.571391834459596e-20)
(0.7440622005754701 -0.001774087721461332 0)
(0.5390100070041602 0.1590058086141237 -8.164577388119441e-20)
(0.7059704615264835 -0.002543511460655782 0)
(0.6990495113886139 0.01465858988695789 0)
(1.077705715540432 0.003548524999029486 -6.839965729311026e-22)
(0.9906338858280733 0.01450306108563087 0)
(1.278773199177249 0.123347287574807 2.468374509088069e-19)
(1.012344326494478 -0.02786274909177522 -7.96397140698022e-21)
(1.041638748709267 0.02239592804776773 1.573987475010907e-21)
(1.058493751286828 -0.01182005210909734 0)
(1.126523653850201 -0.00920294369163913 -4.938305263780711e-20)
(1.257117860385602 0.1384261243333172 -2.215178525846165e-19)
(1.089106564542641 -0.01122743669772826 -8.482630683136897e-20)
(1.069767221823172 0.02582465229214907 -1.109181708513713e-19)
(1.040757312694399 0.04671326885413878 6.807823242017163e-20)
(1.022373513513501 -0.003683558188442176 -3.441152020353852e-20)
(1.061246267191507 0.02351307299056247 6.140548763148637e-21)
(1.130003727691719 -0.005940836394512392 1.079385407376871e-20)
(1.040845205610048 -0.01459818697842822 -4.736008184327634e-22)
(1.08773680315345 0.03481006185705451 0)
(1.028343925028016 0.01331200544558022 0)
(0.7720614358171765 -0.05731472764182322 -1.835313959605654e-19)
(1.030154918674354 -0.00183954384081412 -6.973180050652918e-20)
(1.133988941543141 -0.004056197292364845 -1.312174638033899e-20)
(0.7034933752445727 0.006571931705216476 7.448147898995101e-20)
(1.175415099834032 0.02051104066025027 -1.903425785786269e-19)
(1.127229955376899 0.0001905542900372922 5.568685315949989e-21)
(1.128990877343757 -0.01004888644628783 3.492278349372071e-20)
(1.000941655016882 -0.002949654535920278 -7.712956012842974e-20)
(1.09659097038074 -0.06852025210520761 0)
(0.984593657170572 -0.000393080993605705 0)
(1.057989364006116 0.007088912243090313 0)
(1.005405507859653 0.1881627807619877 -2.48523401126039e-19)
(0.7794034019424312 0.01240526469329366 0)
(0.8568517763073757 0.1010197483723554 -8.474608110047195e-20)
(0.08000657337890271 0.04184545695238105 -3.063525082440691e-19)
(1.173397170486736 -0.02996546831688734 -2.216666855865386e-20)
(0.6713215062811395 -0.007320580941647476 2.43242123557526e-20)
(1.16980141968203 -0.1047517293341007 6.959005505638451e-20)
(1.124469367572954 -0.006375127230561939 -6.05059952671659e-21)
(1.15611198555086 -0.04866558299480995 2.154066908932697e-20)
(0.1033730056411808 -0.2118158486366521 0)
(0.2612281109398665 0.08971685984401033 0)
(1.2529824366753 0.1135337096157535 1.938122315735921e-19)
(1.021482291750095 0.01982218540154544 0)
(0.7377244754681433 -0.006323763163739377 0)
(1.075299913303756 -0.01192434753021117 2.691441736555415e-20)
(0.9750837858688423 0.002782369345592184 0)
(1.287989670709652 0.1321615446616708 -1.561686708736973e-19)
(1.057482046597226 0.01127011359779389 0)
(0.99343216064742 -0.007954790371465594 0)
(1.065118997801709 0.008124551371414863 0)
(1.006167678537663 0.02081111152110999 1.734678636949622e-20)
(0.9281205969210553 0.01130652164188217 1.075296375258174e-20)
(1.177025396784527 -0.1994800614238037 0)
(1.005146681333283 -0.005208114571527508 7.751918349343027e-20)
(1.059156978309738 0.006297068133683397 0)
(0.7746480488976848 -0.003317298301867349 0)
(1.21599420434002 0.02940141284987862 1.676755821956258e-20)
(0.7050278740695024 0.001319469742565326 0)
(1.435516621821269 0.09038962244220504 -5.354167710304968e-20)
(0.9940546307711619 -0.006945473071793504 1.694372233243637e-20)
(1.274622907017688 -0.0007732707687068486 -2.915622827371237e-19)
(1.059774639852834 0.008771384482085944 1.398847429516896e-19)
(1.000902829686707 -0.01361214915335874 0)
(1.21876611154527 -0.1502433469280218 2.03400658150615e-19)
(0.7331904606191584 0.01379260347733996 0)
(1.098253071359055 -0.005156593853122312 0)
(1.151141257163769 0.06741696117720791 2.041192224678258e-20)
(1.00704260323476 -0.007187204885693653 -3.018698593464179e-20)
(1.119679981293488 0.05139509131808492 -1.762627705307901e-19)
(0.1174082100961598 -0.08229887238950115 0)
(1.072163455084144 0.03744204395612915 0)
(0.6616209041912499 -0.002927822291141352 -6.937386389177494e-22)
(1.012132077359451 -0.01949756630915757 9.780075607773202e-20)
(1.061616728905416 0.0006648394208855369 0)
(1.08179551941834 -0.1259684729742647 3.737682141630816e-19)
(1.002678566255333 -0.006219649179308606 -3.491909393565531e-21)
(1.002084172488231 -0.005215318932613093 9.146178641733312e-22)
(1.09394010581773 -0.009318854553460924 0)
(1.020692096976679 0.02047426373776145 -6.235910237156015e-20)
(1.106665840397683 -0.001640428011061016 6.710550749251795e-22)
(1.073978449452777 -0.01125120041846985 6.548707482881026e-20)
(1.085821525179312 0.02238691476895079 0)
(1.330643738874921 0.1666250984713779 0)
(1.002005827043784 0.0001281422033199129 4.416453686173603e-20)
(1.322951311852212 -0.1244058996661518 1.535964284499324e-19)
(0.05161365539706191 -0.1789025598726521 -2.57003939400762e-19)
(1.071348108480372 -0.005570395044112814 0)
(1.118040002607376 0.001119093659170502 1.226576866393085e-20)
(0.7269417622884448 0.01786973952233637 0)
(1.063057319236352 0.002867692190354683 0)
(0.8717621068798875 0.1674058549645164 4.795855708216615e-19)
(1.268159022966339 0.1293654317331273 1.866840783472144e-19)
(0.6542803016091524 -0.003108014671565923 -6.277060032462482e-20)
(1.042288477065639 -0.005121136370730858 -6.157611528801751e-21)
(1.054848777422762 -0.0002930861086022969 6.651140668887411e-20)
(1.361925289370169 0.1261086692377449 6.828819293318456e-19)
(1.334837316939488 0.2528223077643225 0)
(1.059793103600676 0.0003887696407455568 0)
(0.9974033914447956 -0.007547448700676923 1.53592519869319e-20)
(0.9941188690759853 -0.01189316169861801 4.504060527934332e-21)
(1.382726615384932 0.2005979615062597 4.235356240570209e-19)
(0.6816671558734715 0.0005980779121640216 9.828969357687571e-20)
(1.005580760243 -0.00204586833148429 -5.962129024704409e-20)
(1.098077218909471 0.01300767854259986 2.54002328589017e-20)
(0.6694734385296903 0.005013733837034819 0)
(1.066088224545986 -0.01201668769282262 0)
(0.9964482014547058 0.1410489174849597 -1.193169809252982e-19)
(1.086482568605792 -0.006224261500289948 -2.432875459735151e-20)
(0.9821074053585064 -2.345500770373661e-05 3.277591694375703e-20)
(0.9912102470108602 0.006032617379073429 0)
(0.6383173192525498 -0.00112404062045701 0)
(0.9768745107943877 -0.001207417998180117 0)
(0.6420929783743868 -0.00150362556149654 2.709635942387013e-21)
(1.089997704337011 -0.05725675564637294 1.196384278256521e-19)
(1.113140523483618 -0.0002028947198948762 1.241248537015919e-21)
(0.9579824971028462 -0.0009246371550855246 3.915828572965194e-20)
(1.015641493702975 0.01037204708664499 1.668862071544155e-20)
(1.065574515554974 0.00314640967046236 -2.326731360737597e-21)
(0.6347274783115029 0.008857578624731586 -3.648940964566631e-20)
(1.002034484080204 0.009921943923695839 -9.213627599225541e-22)
(1.035133100937542 0.01056690407211622 5.113925705981717e-21)
(0.9880320854141512 -0.01183492054442889 0)
(0.610036003880787 -0.0004956422175798659 0)
(1.068629046423214 0.02272805911562061 0)
(1.016648623720047 -0.01553317352489043 1.057200668544625e-20)
(1.022711553189187 -0.006249191713464884 0)
(0.9913025101437956 0.01477513339610938 -9.437837838115072e-21)
(1.011947492384463 0.003388360079101621 0)
(1.126842239211675 -0.00481026309843498 -1.182768109675919e-20)
(0.03910896674908769 -0.140951333444853 -4.401734813324716e-20)
(1.036638965722502 -0.01645759805337185 -7.303972163368095e-22)
(1.043365939437326 0.005664237155777633 0)
(1.083667306628919 0.06465186542249211 8.42068959642557e-20)
(0.9694351634549758 -0.00201164418948108 3.115326017753504e-20)
(1.020679385520683 0.0170192112157346 -2.380007865986842e-20)
(1.002373690747189 0.001191732899017532 2.498659598129387e-20)
(1.040857992698707 -0.00517603784326943 0)
(0.6409237562879064 -0.003994745427578191 0)
(1.025833923132494 0.02452381987339374 -7.231988148388568e-20)
(1.080235807492342 -0.0004568362717595748 4.783212030949966e-20)
(1.016451261023497 0.002567866173962759 0)
(0.9797785868634251 -0.003153697668548706 -1.93155534626319e-21)
(0.8751520527076213 0.02361248628745385 -1.224738208129267e-20)
(1.014010247155801 0.002843165644470081 -1.022624304816341e-20)
(1.027083451502857 0.003243321634536383 1.79801127156656e-20)
(0.9808981600588862 0.002942848419373383 0)
(1.002395230429236 0.009896568694813371 3.517172633609173e-20)
(1.106942635716739 -0.002939012451888336 0)
(0.9248769708824885 -0.00128931881796638 -3.319046344329626e-20)
(0.9607444201662217 0.007357523984620485 0)
(0.9167335825748506 0.2118882766231514 5.214456770054779e-20)
(1.010782783906916 0.06685783490877792 0)
(0.9928934275325955 0.003867138051310121 -2.292714928791873e-20)
(1.054986635776797 -0.05411680355577 -2.843860006654855e-20)
(0.9910380245339677 -0.0004227287748720019 3.422011293160794e-20)
(1.012233023458259 0.003513847454298908 0)
(0.9781314306596289 -0.0005137172361467546 -3.19339173507288e-20)
(1.168569086884854 0.09965535345716324 -3.365380016292208e-19)
(1.069504623018022 -0.2646898493454339 0)
(0.9934379336931768 0.001848326319665746 -2.205044062200423e-20)
(0.9811251566845126 0.006518215364694922 5.057754989667684e-21)
(0.96245394778249 0.005305249051430447 1.027541489119747e-21)
(0.7459438219002698 -0.001076425490660781 0)
(1.118530845710903 -0.08217995272442637 0)
(1.006515879349273 0.00388879590140497 -2.171475494734974e-20)
(0.8995892848197627 0.003619990049709811 -9.808390549113179e-21)
(0.8560076968951716 0.01843951874741243 4.42163467970569e-21)
(1.012608336581026 0.002463617251429709 0)
(0.9488230218938657 0.003807781170743326 1.499051803056609e-20)
(1.005711731965654 -0.0002624031416189866 -2.313582436813847e-20)
(1.020348720309219 0.0004413681678475343 -2.584153684457828e-20)
(1.112575850099022 -0.00293535752102305 -4.926886038478075e-21)
(1.117986770380688 0.0002198738204207738 0)
(1.014311929437222 -0.007407106884542295 0)
(1.021656384671025 0.003433629338922438 0)
(0.9462672403585561 0.002297806543141392 -2.156125262758295e-20)
(1.017870882794008 0.01347496599839701 5.31554568283667e-20)
(1.079523939175888 0.00379933789625577 -2.207637067419352e-20)
(1.039061653021311 -0.0004919607253895413 0)
(1.10581457765916 -0.006439309920696081 1.831266865912489e-21)
(0.9959863928461345 0.002583316066892708 -2.206450584531645e-20)
(0.9863571728642506 0.006852144025820231 0)
(1.012013553305163 0.002843955743380811 4.66102349552291e-20)
(1.367039861337802 -0.3143478077185649 -1.133736453049842e-18)
(1.122918424314443 -0.04425531792808925 -1.080946565003423e-19)
(0.9678297218255206 0.003350803783123135 4.803736565402488e-20)
(0.778762329537996 0.01523705910934784 -3.139070361973571e-20)
(1.220705398625182 0.05342335612638218 0)
(1.22383244820586 -0.1352893321780553 -1.463575012944967e-19)
(1.078190681243498 0.00618210149079004 0)
(1.008797510341846 0.001766643708898912 2.229014063222285e-20)
(-0.1614139559870673 -0.1107310612222557 0)
(0.9939681419898115 -0.00465070892142417 0)
(1.012449033386976 -0.02317913225674974 4.607045988488094e-20)
(0.7061634770811311 -0.01944428224261192 0)
(1.096797850945833 -0.01488849074307357 2.134235537996705e-21)
(1.043833285711451 -0.0112955553823567 1.732778341327342e-20)
(0.6331232901042924 0.004153540398242336 0)
(1.448841188288419 -0.1221481959621658 0)
(0.9869035422694855 0.001410813608978592 -1.08583658463761e-20)
(1.06977425093326 -0.01496529247678193 0)
(1.038036663631927 0.0004224902032979348 2.165339127582711e-20)
(1.083967660442132 0.004785294701750607 0)
(1.008960565981424 0.005461801441982415 -1.047149917505559e-21)
(1.005978638577512 0.002949361800966777 0)
(1.014082457225808 -0.01455950336656821 6.002808975664098e-22)
(1.003350843687692 -0.02070353028061253 0)
(1.033906808508643 0.005710500881635491 1.73577511430942e-20)
(-0.195283162390971 0.0368034517510563 2.638885157426916e-19)
(0.8127134887648917 0.02909452282473216 5.273525389832131e-20)
(1.005731655117647 0.00199610371360299 0)
(1.132765515174316 0.02325689060648378 -1.216374483629926e-20)
(1.121752646375588 0.019749179728184 8.531459288834216e-21)
(1.05425142115422 -0.01311114793484534 -1.273676695786293e-19)
(0.9987858977472858 0.0103487691042647 1.324035374932339e-21)
(1.078139736708978 0.007057087807614783 0)
(1.185311725583803 0.05341387785292812 0)
(0.8354324871143349 -0.07607658980320355 4.589698430363485e-19)
(1.101189021525455 -0.00854072719409954 0)
(1.032599658175904 0.007464038580197728 -7.386868052120386e-21)
(1.042621851018544 0.005179178276003994 6.149491414700767e-21)
(1.053571267980072 -0.06182322967454228 -7.494125123087724e-21)
(1.140057113210045 -0.0009733822704390905 1.662208564401556e-19)
(1.083277842084522 -0.008415984789860111 0)
(0.9949808120454151 0.001222780167065394 0)
(0.9959979899684662 -0.02458372679210348 -2.261334465132002e-21)
(0.9908676572151369 0.00259483036792519 0)
(1.030038792365095 -0.03879338391917064 6.346707365695624e-20)
(1.293579695583469 -0.09238558286254345 0)
(1.046930859436489 -0.01361138914159143 -1.290536787371063e-21)
(0.9861539256586831 0.01696034789448227 -8.45058371365749e-20)
(1.034384162217415 0.04074620866226673 -2.429008216671833e-21)
(-0.08845726326813196 0.1521956217544142 -1.627730219828464e-19)
(-0.06425313917925377 -0.2995841169089433 -1.397967520737989e-19)
(0.8783176194652825 0.1366317065185351 0)
(0.2960194961719644 -0.01406424798265399 -3.241905325402271e-19)
(1.009903728523852 -0.0105758926424947 -1.634158850615781e-20)
(1.063863032222246 0.002633924774047245 -2.121593351094435e-20)
(0.9923817464245666 -0.01838139014967538 2.884937513818468e-20)
(1.021118721856315 -0.02887959182810642 2.498301626699964e-21)
(1.008803246982891 -0.03222855534445616 -6.516219760332121e-20)
(0.9887568631429202 0.004827608565821752 -3.465971270230125e-20)
(0.9929969136883139 0.004560963029215897 0)
(1.025274580911071 -0.002024108847508958 -3.577510360548669e-21)
(1.938312308078424 -0.1552289532033061 1.079162942257699e-18)
(1.047774304708848 -0.006991210514633127 0)
(0.9952519130869384 0.008015988970926063 1.555509826912525e-20)
(1.002855512630515 -0.0001200781459480241 4.084455735993893e-20)
(1.166575318274827 0.1331283472330493 0)
(0.9985251413344622 -0.00178466382267672 3.210300463589167e-21)
(0.9486932785988517 -0.003203873338554508 0)
(1.037839299216599 0.04176313889769899 0)
(1.304514712657517 0.1667634265909425 2.329437668995917e-19)
(1.086568987197722 -0.009272928405594027 2.258576930713503e-20)
(1.018672901802358 0.03108169460230383 4.726791184525336e-20)
(1.087032744363164 -0.01071727814754266 -2.180003848238967e-20)
(1.047047569955222 -0.003210630321988223 -3.229174671232002e-21)
(-0.3840907006084853 -0.04494741303135141 0)
(0.9984042013002546 0.01454173305511038 0)
(0.1074573696149379 0.05859029151276162 -8.504033146761939e-20)
(1.006867069017058 0.02262568914460684 -4.182355906047806e-20)
(0.9926572707733939 -0.003604405582664957 0)
(1.000809340589742 0.005858782252901333 -5.072245668002708e-21)
(1.081548609312396 -0.04225539325012235 0)
(0.9956205527119305 -0.01684488578656703 -7.681875510862553e-21)
(1.092554346876879 -0.056483719120267 0)
(1.443728826724081 0.1798351808198277 0)
(1.054254543095438 -0.01201129998358117 0)
(0.9904178474103803 -0.02273113749985002 -3.875734025042088e-20)
(0.9899114085472466 -0.04667667898498592 -2.317346566794488e-21)
(1.016836212713652 -0.01685294797273598 -1.672263333910605e-20)
(0.997469965338602 0.01681236240195669 -5.703339066933816e-20)
(0.9950856093331288 0.01052142653714377 -1.515949612489272e-20)
(0.9936083174275829 -0.02757356261175656 0)
(1.003290537291665 0.0250365659799445 1.978766237079589e-20)
(1.050282596576848 -0.04403154277255792 0)
(1.111068716281793 -0.0355650800161603 2.646418579495698e-19)
(0.9956286570414871 0.01731621088231522 4.70067928945352e-20)
(0.6151082996676576 -0.008668597181527777 0)
(1.134221524257301 0.1360697470905706 -5.478677157092859e-21)
(0.8593015259543425 -0.1038882714315506 0)
(1.138167339375233 0.07332969017616248 -2.671699868639037e-19)
(1.316535923888179 -0.3886362966208992 1.302880620648001e-19)
(1.073577636548871 0.06052634299255562 -1.314472485429652e-20)
(1.009579855148016 -0.03141175502926962 0)
(0.9559623587811842 -0.215946286621046 0)
(0.4986228414721113 0.1408597885881435 0)
(1.01372631556511 0.009253197803805752 1.269767728640104e-21)
(0.6891430344956188 -0.02836829654624234 0)
(0.9989660636173586 0.01827626090203846 3.600492186126753e-20)
(1.022547522986779 -0.004687510410792237 -2.798737254967029e-20)
(1.079100564055181 -0.008100908720889132 2.821830759879708e-21)
(1.039148654795451 -0.01024034493309599 3.393696077930756e-20)
(1.042403994004835 0.01129211983851282 0)
(1.062917715471766 0.0292047965438551 -9.892757379250618e-21)
(1.050113140750272 0.03461542682393497 -1.839575029988672e-20)
(0.9825670966796931 -0.02231262395622236 0)
(0.6249446612715029 0.005119307799101047 9.181241393920166e-20)
(0.8941617217152739 -0.005869469721739539 -8.856396695136454e-20)
(0.9093756943155138 0.00533918312064582 1.443226430824088e-20)
(0.6295506968188409 -0.006386141160500378 1.404294913106723e-20)
(0.9784702807076719 0.001218558483511267 2.621577435738125e-20)
(1.004461635487439 -0.01751417155528043 -3.632079991653328e-20)
(0.9706371559844645 -0.02443861025712582 -3.647792442116318e-20)
(1.085491028935881 0.001550023949358144 0)
(1.019865931627845 0.00435703861985915 1.038529911636229e-20)
(1.132561026400874 0.0490016042660879 1.293419945332819e-19)
(1.033545052294104 0.04044977395415395 0)
(1.022261743939785 0.00255144320329396 0)
(1.585359938970368 -0.1666514153777835 4.427756740054116e-19)
(1.045932018046692 -0.04075603646617912 0)
(1.017482589690484 0.006702564331969332 -3.817995059538383e-20)
(1.087740831030663 -0.001305579373849253 0)
(0.4795219361323764 -0.03527791971155895 0)
(-0.02086214014968599 0.02202186668888224 0)
(0.9903675586360116 -0.02437719014779547 1.209301610895689e-20)
(1.301612669103626 -0.09492574894232343 3.77813030950984e-19)
(1.035890179195691 0.03699790623876781 0)
(1.02228737441213 0.003322963453075304 -2.264345867246287e-20)
(0.9637791636905834 -0.163249969697859 3.249677295496396e-21)
(1.253450911563994 0.07902647770825875 0)
(0.5973491840413102 0.7296621773689569 0)
(1.313160362614062 0.1525276589298009 1.125315666841348e-19)
(1.679034698508236 -0.02428101224559331 0)
(1.05490927705781 0.106486061561598 0)
(0.7105406167166132 -0.02066219654371741 2.721772113154246e-21)
(1.052662007813656 0.04504702363907166 0)
(0.7297051596217687 0.1126896652611634 1.162208470008926e-19)
(0.996766592851865 -0.01654259098943202 3.566889967914101e-19)
(1.033979675234004 -0.04206383448673811 2.751391901803519e-20)
(-0.3795967525375937 -0.001213002927390224 0)
(1.071802689976461 -0.01644912903624252 0)
(1.094026312358185 -0.007173110037662355 0)
(0.6487988875433932 -0.5039476659744191 -2.467701773983367e-19)
(0.9912103488624596 -0.001586954015107858 0)
(1.09208253306537 -0.02134670561076933 3.717145257436647e-22)
(1.18749098126683 0.1215435602650678 -1.980338612898638e-19)
(1.089122636427016 -0.04456635449538941 0)
(1.00555796819781 -0.02143582817803814 0)
(0.8074963287857064 -0.1806656906622148 -1.69409549577791e-19)
(0.891121356982441 -0.1276184000251813 1.563894573565837e-19)
(1.027472838753821 0.01278804281849878 -2.281001665549405e-20)
(1.023108576394292 -0.009074053952058033 -4.655190304971675e-20)
(0.8769828119581781 0.01367242959615903 -1.157940845248409e-22)
(1.506507608737752 -0.1930170999471633 0)
(1.303319865140715 0.1220296294997758 3.152649374531451e-20)
(1.245537632584165 -0.07422893919579855 -3.059322713048974e-21)
(1.095762316081221 -0.01845145862221786 -3.823021956016744e-20)
(1.040534829594359 -0.01124556865877654 2.385924754424722e-20)
(1.092831896535524 -0.03909695836956386 9.016630202443762e-20)
(1.031938631071849 0.01981929313839865 0)
(1.044278175857495 -0.03585256970116182 0)
(1.115928915193227 -0.008975596130710955 0)
(1.087672131577786 -0.03081139098115231 0)
(0.9979228973007039 0.01119667349647275 0)
(1.14764237217334 0.07790152178935707 9.545427370239753e-20)
(1.339816533882962 -0.1477693407417805 0)
(1.03636010051538 -0.02211212997271019 -1.848752968527788e-22)
(1.052390558401462 0.05045574687828201 0)
(1.010150241152592 0.01472682617820045 -4.002022221074527e-20)
(1.033894806099148 -0.007753813068616571 9.022929437930407e-21)
(1.088941667835404 0.01341429242412477 -3.28517098734781e-20)
(1.085447941790272 -0.02886977301841849 0)
(1.073827306038007 0.0020164350524851 0)
(1.109071101861994 0.09504024127239846 -1.430546318238938e-18)
(0.935554720623013 -0.1501312253686991 -7.056898408130669e-20)
(1.168347869555318 0.1074267399387663 1.109856014687662e-19)
(-0.4858795443023025 0.0118214814783178 -2.918670885435368e-19)
(1.018913566468251 0.02852429604459406 -8.937125317205136e-20)
(1.003961321545908 5.806183537181169e-05 0)
(-0.2958294979031133 0.03373028767436499 3.556982823512156e-19)
(-0.0504466635667015 0.3019541379869901 7.859527185634344e-21)
(0.9952282518947755 -0.006277517336523337 9.96863492679885e-20)
(0.1910594126988019 -0.03995982708623932 1.435401120906343e-19)
(1.09279435785686 0.08026324367289664 1.495278302450417e-20)
(0.09418442601884963 -0.1103568956247362 -5.530307370029968e-20)
(1.108019688741589 0.003012081539219497 0)
(1.104952231034907 0.2596086651976452 0)
(1.021746902950944 0.021724998844792 -1.749398239293513e-20)
(1.073859436267032 0.05342214500156622 0)
(1.026713612701124 0.02652091974631804 -9.612852888340707e-21)
(1.26402171034647 -0.5491357153350278 8.068581037445957e-19)
(-0.1087627466920143 -0.198783186823532 2.224543924857906e-19)
(1.297279712880397 0.1189347178109724 -6.377142734315368e-19)
(1.122115542004245 -0.003245548986983673 0)
(1.126726765683857 0.09455763690891179 0)
(0.5298858605072202 0.08365343251973271 2.572886134378662e-19)
(1.023613198499878 -0.02087042551434805 9.251605904742057e-20)
(1.006072959341807 -0.02399363658788053 0)
(1.210755377484481 0.2708798332623602 -9.485280257605567e-20)
(1.261306662219602 0.140344229500318 -1.619870615016783e-19)
(1.026656211459385 0.003080235984441809 1.519862344930996e-20)
(1.301958701355749 -0.0845185965688271 -5.035877909531051e-19)
(0.2915974408541978 -0.0129813206229982 2.595999378690266e-19)
(0.8247381847450328 -0.1444678664483878 6.621110821540105e-19)
(1.050065381569611 0.05393678073802723 1.050476625874312e-19)
(1.040412508157004 -0.005180013019076063 1.795581524412041e-21)
(1.001541029624834 0.01988381279770562 3.020087647368375e-20)
(1.06650412792561 -0.03681383493306842 0)
(1.034761655789169 -0.0384935152902711 -1.563766538201313e-19)
(1.018947421719562 0.03381662943815256 -4.819177133509989e-20)
(-0.04182896687184363 0.05164718483984621 -5.116394996712942e-19)
(1.011030855173035 -0.05842605332696892 0)
(0.9105592000810595 0.02149346430840115 0)
(1.088657282731406 -0.004181992484373513 0)
(1.372767944200859 0.262830163801981 3.837422490807156e-19)
(1.702929850979394 0.1059054203940111 1.347192532924981e-18)
(1.405381804495154 0.1583893631349791 0)
(1.034702945017672 0.02685616576109077 1.183293677825477e-20)
(0.357727978382343 0.03763551526381625 3.594710683613032e-19)
(1.128025363224449 0.01092204697538651 0)
(1.08919013425374 -0.01060305940554144 3.023232386452887e-21)
(1.087203238997657 -0.02232702072971343 1.920657688684039e-22)
(1.133185478833688 0.09500305580478308 0)
(1.30048142359052 0.05865039347944107 0)
(1.039628424396396 0.0009746267690362952 1.157256602864696e-20)
(-0.1491408013186845 -0.1290739533316581 -4.187518581708045e-19)
(1.334004935269466 -0.1452585702984353 -2.168450869008908e-19)
(1.067768519432188 -0.007459269066529616 0)
(1.013737911119022 0.01483811960595546 3.168055113658725e-20)
(1.153606351572073 -0.1083609403361876 0)
(1.016507588811143 -0.01799571906826777 -1.105126595634996e-19)
(1.030750413799378 0.008189941040314922 0)
(1.514447070571032 0.09097642881248544 -2.887343814588662e-19)
(0.007830106993983095 0.08491828168328658 8.209989453863557e-19)
(1.095466644005315 0.05041955003916074 2.1829575262104e-20)
(1.09223681099443 0.07888871613667359 2.030417234350536e-19)
(1.009496093914475 0.008671053066190339 -6.308610533172833e-21)
(0.01244764194986436 -0.11240127051407 -5.382280941321116e-20)
(0.02861023939874784 0.1169077292743438 3.411024011359335e-19)
(1.220711498197053 0.1327322258045038 -1.513167296615197e-19)
(1.107126880177767 0.07742190256611184 0)
(1.08781161752968 0.02561430345825306 1.698233516901188e-19)
(1.007054241508746 0.02211629442034196 1.647124736421197e-19)
(1.029727016115993 0.0008119160920330783 -3.694151972632668e-20)
(1.203318698070394 0.1387301876792657 2.409436356700375e-19)
(1.398502276275414 -0.1247650008229458 -2.014607206285665e-19)
(1.065745035389239 0.05022668147015223 -6.943208506116058e-20)
(0.993287148427147 0.006599415988608784 0)
(1.089082491024661 0.06588928587283789 0)
(0.9813938632596886 0.00726844893289499 0)
(0.9944398444606061 0.00535702273533319 2.442185524761811e-20)
(0.4848883953897986 -0.06621312707159774 0)
(0.9907313215277324 0.006546327701254961 -2.402684013231959e-22)
(1.28843216757486 0.08171089821943577 0)
(1.008646602478017 0.004443110002439181 2.176101861700254e-20)
(0.8163694826445869 -0.1235593853461109 5.015125805245039e-20)
(1.0957770435974 -0.007393390369480426 -7.943794292226334e-21)
(0.9397247999498863 0.01663952586100562 -1.76214744059135e-20)
(1.435834448180453 -0.2781802420052349 -5.169984841367297e-19)
(1.12956704764942 -0.08963538513617858 4.638841580159205e-19)
(1.088794975743066 -0.02516488893938925 0)
(1.935312704938169 -0.4708122714246203 0)
(1.626592829702247 0.1921666020654109 0)
(0.988592626316234 0.003787854791979212 -9.191787751412642e-21)
(0.8586252202933203 0.7735623113610511 2.384790803353248e-19)
(-0.02148757892189024 0.2034748893326808 5.073043667324241e-19)
(1.04017894927771 0.004171384537066971 0)
(-0.2022833374662504 -0.1200327127047363 2.256043322165634e-19)
(0.9826201449294144 -0.003241332505212859 4.064027396807193e-20)
(1.180287056695984 0.1618368700741275 -1.591513910076204e-20)
(1.044584132829193 -0.02203743382937048 5.757896297841005e-20)
(1.059427843984108 -0.1439564965314107 1.386188534600687e-19)
(1.131546476864239 0.004289009957468016 4.305843820252766e-21)
(1.105946920273087 -0.00339724573300522 0)
(1.308792092426785 0.5299375508095802 -5.997689811008177e-19)
(1.027836619719279 0.004400954005044361 -2.105730241962253e-20)
(-0.3375397981258836 -0.01358510750753939 -1.949535531964863e-19)
(0.6795756921131956 0.01845321502125156 0)
(1.088033247133632 -0.6985287026704395 -4.852615235746077e-20)
(1.310374420189698 0.08606149418774764 -1.095064982407971e-18)
(1.114940665456736 -0.1081990799780522 0)
(1.087010210576366 0.2789208377347516 0)
(0.9724143871078353 0.002832536278468437 -6.14504617047802e-19)
(1.065620487627584 0.002831639538540096 -3.976527006599458e-21)
(0.9246744130120695 -0.01213642313102514 0)
(1.090630528220893 0.03090025648842325 -1.751654755375046e-20)
(1.372321690237476 0.2205454567731941 -1.931818364964597e-19)
(0.7324058273520687 0.09716124180054697 -1.053573702901559e-18)
(1.078737054934384 -0.0007234878170496851 0)
(1.265412755061667 -0.05643024952540383 6.90881200449875e-20)
(1.004798558862149 -2.066141859906952e-05 0)
(0.8495532650011723 -0.7755583276253095 -4.059027582530865e-22)
(1.081996953283386 -0.05189615362439664 -1.12886337845658e-19)
(0.8758711310274633 0.32461654263506 2.949209821394614e-19)
(0.819923798455741 -0.190968164308615 0)
(1.031138728691314 -0.03614687825937694 0)
(1.054785056363253 -0.02882986332010899 0)
(1.002902104758728 -0.00237470108766229 0)
(0.9812612268879588 0.006248222415653838 0)
(1.33676771739368 -0.2320249525861781 0)
(-0.09502642354089334 0.1226638624889455 2.456786822920025e-19)
(-0.05183592103691363 0.07179781759423939 -3.977836472845563e-20)
(0.2546801881720002 -0.1094996567316675 -4.424432798992084e-19)
(1.520904780555811 -0.438507689324943 0)
(1.034353706485955 -0.01694337020925343 0)
(1.772996573656829 -0.7587130078660873 -2.359656797972712e-19)
(1.137762571727997 0.01331450507201607 7.432882411189912e-21)
(1.325813241256654 -0.08705367694381108 2.753272825203777e-19)
(1.107136846869152 0.7086219410142681 1.494595017137117e-20)
(0.3385858676260375 0.5933057587003266 -2.23408698577189e-19)
(0.6758954130339507 0.4586358439923651 -4.799641533753613e-19)
(1.057570095905597 -0.1494051931497606 -2.506524846714769e-20)
(1.226574041421798 -0.3600239975532577 0)
(-0.1177751046119009 0.2114330415097135 -6.898110890863707e-19)
(1.046460193788583 0.02291711292267187 0)
(1.114708315513757 0.0351743608207602 -1.471896459398375e-19)
(0.8142300955822321 0.8963682380281568 0)
(1.076719616274092 0.03946501573260239 6.504033981164636e-21)
(0.291612077428525 -0.05823957665518593 0)
(1.118020311820351 0.03354525208992846 2.271461445237345e-20)
(1.368889556846201 0.3243991113520777 -5.525372026709648e-19)
(1.075202480600177 -0.01217559788355015 -1.615215354690448e-19)
(1.469426682154252 0.1607450549178527 -2.501161473296822e-19)
(1.330673027102744 0.4187262544688888 0)
(1.165830119444655 -0.2603527007140709 0)
(1.309060832937653 -0.1303591947976216 -1.196025461779063e-19)
(1.06685647602784 0.01622010611368759 -3.307047869359344e-20)
(1.060631570360714 -0.01204113418682207 0)
(0.7512184358664603 0.1519116940360845 -1.246668750687798e-19)
(0.7745378107773569 -0.576943985101962 -5.624234606142389e-20)
(0.6666412601060194 0.2033676927245555 9.617761731673614e-19)
(0.9918341451148989 0.1329534948873502 3.576077651339749e-19)
(-0.004536518594117257 0.09247231482501843 0)
(0.5921240029466033 0.03722391949121039 -6.948228043901219e-19)
(1.05914849170763 -0.04038956161831505 -1.85537553087534e-21)
(0.6814914360140769 -0.105870935378074 -2.65987119427915e-19)
(-0.005379005059334373 0.2415749435176109 -2.855740802110953e-19)
(1.183809699459788 -0.07626096768463866 0)
(0.4135721760314797 0.0215560031399284 0)
(0.1606724194408008 0.3720711034021415 0)
(1.437664804401491 -0.2552780009129848 0)
(0.2342563654102066 -0.3578953604557122 -6.394581832661717e-19)
(1.59814093650166 0.04130105292451601 -3.946176078691396e-19)
(1.026009674604212 -0.2020630031152974 0)
(0.6899607607602917 0.02870252849232451 2.648721573170423e-19)
(1.025045382036328 -0.01104505764299768 3.429250417218005e-20)
(1.137487051028857 0.235918279858175 0)
(1.726563598463241 -0.1090600543937985 0)
(0.5812491648809687 -0.7371124754515028 -6.875574175565096e-20)
(1.276533221432214 -0.1047747599687297 -9.895444784252074e-20)
(1.407647998780464 -0.08064039503970286 -4.215569374632717e-19)
(1.483137252931858 -0.06159863881982938 3.584610499689484e-19)
(0.09554694047642676 0.1002962380595048 0)
(-0.1777334294552811 0.1044518000986622 2.630082449137682e-19)
(1.038631246614338 -0.06362875876226777 -3.955776463823826e-21)
(1.120670081497693 -0.1403655221322406 0)
(0.6409503548364343 -0.356559205861069 5.188737749090309e-19)
(1.049264355597882 -0.0633843316947512 1.533790964227803e-20)
(0.8557513416737222 -0.1390929496387571 0)
(1.319313964430332 -0.1254524310145739 -9.29362037198342e-21)
(1.11626685473176 0.07763838761674899 -4.376667825899505e-20)
(1.090922368734515 -0.005085894552012808 0)
(1.126827845327637 0.5700889858840865 -1.095280952954743e-19)
(0.3423534574709057 -0.5992842200860105 0)
(1.060650101529705 -0.003489506676844317 2.852124875594765e-20)
(1.097499382179715 -0.005087946712709817 2.591045654307667e-19)
(0.07217442769030667 0.1862860803837704 -1.558122919992351e-19)
(1.180297001305374 1.001574684693983 -2.223325342956706e-19)
(1.369526297860674 -0.1367350280406062 -8.985555910226059e-20)
(0.9092262564495084 0.108180409527068 4.469522960970539e-20)
(0.9981051166177186 0.003734489424813848 1.095647540404734e-20)
(1.057753018961907 -0.1518945128492469 1.774210901379716e-20)
(1.508991326948914 -0.9491140067529296 -5.269270083024816e-19)
(1.532059120648761 0.9500819188585859 2.353467866605334e-20)
(1.433654072595327 0.2300649284602904 3.520970286781975e-19)
(1.02867707297511 -0.007722513331027909 2.012685927564819e-19)
(1.035533135948677 -0.03312305933156861 1.7081269868941e-19)
(0.9928586160353033 0.02239577897768907 -1.986224468486949e-20)
(1.057713919125507 0.03862750585557114 -1.413558429142801e-19)
(1.07927730785471 -0.0652787027818361 3.067381148684757e-20)
(1.435322681378796 -0.1293958300931796 3.313636573530202e-19)
(1.818506319544897 0.7484768602317888 1.869136749940805e-19)
(1.03779119943356 0.03294109628285152 1.115099747874546e-20)
(1.072035077651411 0.01411217703510319 -1.031220642214511e-19)
(1.985074706341851 0.4782033900074567 5.326333630993212e-19)
(1.92612014879176 0.1613965541325201 9.248745362400292e-19)
(1.080666280427905 0.63842696131296 -9.528409122341439e-20)
(1.109063127668145 0.1716465392287085 0)
(1.044107767502698 0.02310373497610259 0)
(0.5103750110339931 0.4388285752547634 1.17061488538755e-18)
(1.376676764354611 -0.2982259532395633 1.90389714722229e-19)
(1.196499330499579 -0.1556521286609089 0)
(1.632041287316958 0.2364020234674437 -6.127994291833756e-20)
(0.796046801048588 -0.1419063075402651 -1.175331789517666e-19)
(1.327880206065446 -0.2086478220080039 -9.179587868707724e-20)
(1.249249600937879 0.3898385180402268 1.412287776441498e-19)
(0.4926750271268315 0.1957041620353857 -5.620280866554893e-19)
(1.686570077120072 -0.0186047519837705 3.257710543856489e-20)
(0.8564643003733434 -0.5451285500168769 2.168722073299335e-19)
(0.9997434421626634 0.02351247129712746 0)
(1.61645263052784 -0.1833365900881491 -3.043548383125852e-19)
(1.089831264499581 0.1006121560583017 0)
(1.338340789248137 0.5809437094381783 0)
(0.9427964050262266 -0.4142581585013225 -2.780466965728818e-20)
(1.249129335935129 -0.02435387284432033 0)
(1.038503353200445 -0.003939463222937195 -1.215363817190281e-19)
(0.7401379457646838 0.1182660467770397 3.20645763998965e-19)
(1.324730317059567 -0.5816835308818928 -5.643285152318579e-19)
(1.052514390744105 -0.6334213216062461 1.257328138211849e-20)
(0.3514764791462791 -0.3780169469142183 -8.756623999076448e-20)
(1.007342674967775 -0.09623342868362351 0)
(0.4457755234263162 0.3019972488692773 1.686284756122474e-18)
(0.304354899880275 0.067848388233259 0)
(1.310159048678082 -0.127211617088607 7.9912383044306e-20)
(1.579384902736403 0.194076709660931 0)
(1.16605380495689 0.4468687657928149 1.309619273671314e-19)
(1.052860876377306 0.1527891159245264 -6.979682596980011e-20)
(1.031760904618673 0.004504557009508792 -1.941209971142023e-19)
(0.9563600420681494 0.4091097851312094 0)
(1.163102906259025 -1.011094812714999 5.897150645981836e-20)
(0.8912024587828181 0.008952788033989764 0)
(1.068556392132923 0.3789040868863801 0)
(1.063877021427839 0.03409511048434935 -5.146646576843484e-21)
(1.47400035926546 -0.2989282280432992 0)
(1.244330227156813 -0.1845696345368411 -3.015628013645865e-19)
(0.039375583453042 0.008865881241129008 -1.715402906661969e-19)
(0.2395843300477876 0.01843748296912449 8.857021937766157e-19)
(0.9812592015194099 -0.099345367842469 0)
(0.4719571582348947 0.6474198360495252 -2.556726520428622e-19)
(0.9174659017647557 0.02939159972911378 0)
(1.536746702252034 0.4150969186036287 5.443607099863674e-19)
(0.493491996608957 0.1783855738688409 -6.266615861541681e-19)
(0.00618598954838178 0.2137683831363281 0)
(-0.4264797793602527 -0.03225074775679051 0)
(1.032441433530017 -0.0001581925496621108 1.223458102938959e-20)
(1.660081761088663 -0.2258740087127971 -1.112380369877747e-18)
(1.110170389115347 -0.5634660588162556 2.420330005754512e-19)
(0.7814335535846526 0.3328708693950401 -8.79317288878854e-19)
(0.9294327901847584 0.1571109773769961 1.476003176380476e-19)
(1.044274944610092 -0.003783501617620577 0)
(-0.2959345418170605 -0.1317291998040688 4.232882104842384e-19)
(1.033293056851088 0.04661102221760448 0)
(1.189483674361421 -0.23207948288216 0)
(1.559605181854135 -0.1849697877797305 5.003014098022501e-19)
(1.121225237259164 0.07366041607712673 -7.505841877640202e-20)
(1.061870904873738 -0.1300603168724485 7.445367015272658e-20)
(-0.01185370566605989 0.08110182250340872 3.368585581190586e-19)
(-0.07340580803056289 -0.1399645844387316 2.270133021708178e-19)
(1.081366115993518 0.2206834709825093 0)
(1.09483412433913 0.05768236707486948 2.149889561532169e-19)
(1.497880682812658 0.2915117615740825 -3.724988565161178e-19)
(1.32399516384986 -0.4876574053575909 2.391806887807394e-19)
(1.156101910214796 -0.151627703796882 0)
(1.120677341196282 0.1505093996906941 0)
(0.5269547771275158 -0.6901536066511778 4.115906872865481e-19)
(1.313182949357314 -0.03685157758234338 -2.908105092532921e-19)
(1.018643729753048 0.1133239037031124 2.652958686735135e-19)
(0.3131716011948936 0.3558185854818805 -8.928478688451985e-19)
(1.038798026661993 0.116415101317895 -4.355329090161623e-19)
(1.037706852745844 -0.3966668572586938 -4.383259893622571e-20)
(1.458890516042759 0.1097822307158728 -6.43313961570016e-19)
(0.7803303811807309 -0.8855699127560989 0)
(1.056756152786018 -0.03060802244565569 0)
(1.12877994559312 0.1790914871098813 0)
(1.614919778656928 -0.03862966280429036 0)
(0.8141802723010373 0.5930222273624715 -2.093682735854366e-20)
(1.493568883026038 -0.3572584933673297 4.592701954511732e-19)
(1.539556018711909 0.1476769538722607 0)
(1.13686119663666 -0.4595155881427272 -1.695905157355348e-19)
(1.459817321621439 0.3437576440197699 -3.508965955557447e-19)
(1.010447690889606 0.02765876271229351 0)
(0.2023227466664294 0.0125955164691316 -2.333164248887285e-19)
(1.335281788782603 0.5100476604678755 0)
(0.9769341086347548 0.008823067300689892 -4.065200119451347e-20)
(0.7636451089080356 -0.3019773270942615 -2.055924782194826e-19)
(0.5086282308686206 -0.08310987677145956 7.87520665291492e-19)
(0.2188524767208281 0.08875532775098388 3.408366817275968e-19)
(1.062309601021642 -0.1387945009727519 0)
(0.05850149486627825 -0.02083105529330146 0)
(0.3450582107163589 0.03939651619583209 -3.023552667989567e-19)
(1.006507379395719 0.01719012520323073 0)
(1.452199607902242 -0.00577008767662146 0)
(1.008183017108164 0.02844078583224114 0)
(0.4688016450435509 -0.2750228977528968 -1.004203266408132e-18)
(1.048744644174054 0.08840206548902606 0)
(1.52276305090573 0.04291575651651336 0)
(0.2288372190484658 0.1405980988643153 5.571065993628587e-19)
(0.8801623536651312 -0.3232149595053715 0)
(1.365454929554212 0.05416826886882573 2.65240671543971e-19)
(1.23720324253822 0.2048767543529827 2.017991227012049e-20)
(0.89752917914992 0.5530649071713671 1.586728369270042e-20)
(1.033431548037364 0.09885126178019707 5.200945793922049e-20)
(1.032544370990869 -0.1493784404972949 0)
(1.366767694137473 -0.02067123972415059 0)
(1.296108711794314 -0.1184578003426264 0)
(0.6245662463230033 -0.0412481019045132 -1.363139879190109e-19)
)
;

boundaryField
{
    FrontBack
    {
        type            empty;
    }
    Top
    {
        type            noSlip;
    }
    In
    {
        type            fixedValue;
        value           uniform (1 0 0);
    }
    Bottom
    {
        type            noSlip;
    }
    Out
    {
        type            zeroGradient;
    }
    circle
    {
        type            noSlip;
    }
}


// ************************************************************************* //
