/*--------------------------------*- C++ -*----------------------------------*\
| =========                 |                                                 |
| \\      /  F ield         | OpenFOAM: The Open Source CFD Toolbox           |
|  \\    /   O peration     | Version:  2412                                  |
|   \\  /    A nd           | Website:  www.openfoam.com                      |
|    \\/     M anipulation  |                                                 |
\*---------------------------------------------------------------------------*/
FoamFile
{
    version     2.0;
    format      ascii;
    arch        "LSB;label=32;scalar=64";
    class       volVectorField;
    location    "790";
    object      U;
}
// * * * * * * * * * * * * * * * * * * * * * * * * * * * * * * * * * * * * * //

dimensions      [0 1 -1 0 0 0 0];

internalField   nonuniform List<vector> 
808
(
(0.7562539061367798 -0.01749809347659837 0)
(1.031479654036169 -0.01261676440271764 0)
(1.112305525190124 -0.006318672431552139 -1.762379233939019e-20)
(1.085118464491386 0.01260786885392305 0)
(1.364860337163476 0.01530563381960334 -3.887748936617408e-19)
(1.038731482849428 -0.009344622038632511 -7.213396399067391e-20)
(1.013862499354764 -0.02108899635885184 -2.359101638880403e-20)
(1.078990858653708 -0.005403637242756183 9.016305694901923e-21)
(1.254900403868356 -0.01968021118305318 6.339057688833287e-20)
(1.084902366461889 0.01044124846511956 0)
(1.01112001364753 -0.007570823556944125 0)
(1.30675104228401 -0.0528254965157046 -3.538223957211579e-19)
(1.086149099250072 -0.00195610208849821 2.036985310990606e-20)
(0.6751650779191175 0.006378405216309028 0)
(1.281038374236475 -0.1133852204207542 0)
(1.081429846943537 -0.0001496504827343006 -3.836237295331932e-20)
(1.227928829680851 -0.1431748555668981 -9.602438877943096e-20)
(1.073917185224677 -4.660232671078715e-05 3.181988747780425e-20)
(0.991737170075385 0.003851161783529983 0)
(1.026285001391633 0.009615939653557462 0)
(1.035066170372381 -0.009894305128809329 0)
(0.9874872078100819 0.04445665147299134 0)
(1.051135757410091 -0.005914798151625751 5.593594316198029e-20)
(1.053505182366536 0.009306544328733977 0)
(0.932584711668046 0.1969179116770777 4.603236893536005e-19)
(1.166158419293814 -0.08446798399403824 0)
(1.186194903283473 -0.01835751536189542 1.578763419901489e-19)
(1.077423544182818 0.00948654605307922 5.20045166211259e-20)
(1.083745048924188 0.002333829089393581 5.067578362735346e-21)
(1.07182325203252 0.03088206375100228 0)
(1.075391366463048 0.002784110376469768 -1.174919054041707e-20)
(1.032982369368941 0.006844652591817868 -1.946548032795185e-19)
(1.059942330894584 0.01475294488195834 -2.376332334698837e-20)
(1.08905673101917 0.005529129384133796 -2.931531520821417e-20)
(1.120476490877266 0.03945582626511872 0)
(0.7551426566076105 -0.1241806204746424 -4.53757357788167e-19)
(0.954751879738204 -0.005878149288572135 0)
(1.068836608098689 0.02228258696741978 0)
(1.068810894519542 0.007326781877937467 0)
(1.073684360049894 0.008964336738306463 -2.835584166113644e-20)
(1.092378111319806 0.02474168385502689 1.110514446198022e-19)
(1.150961338963029 0.003947048122407764 2.174717778876434e-19)
(1.096023628990899 -0.002289477890874916 0)
(1.015597045729647 -0.009022995733254602 0)
(1.134143057583963 -0.0943585699616132 -1.62786889453893e-19)
(1.044099043244365 -0.01158416181298545 -8.039713666295492e-20)
(1.058159883594329 0.026619917491581 -2.785957427113155e-20)
(1.231821297603301 -0.1120421811533458 -5.607181449836005e-20)
(1.067612288071601 0.01210925701482775 -4.225956811109057e-20)
(1.258357808371089 0.01806961927959689 0)
(0.9963112936718432 -0.01901087818530143 2.130306073217848e-21)
(1.04467140974256 -0.001818948354313351 0)
(1.087637798873038 -0.002083624031036424 0)
(0.9994182897435618 0.006839325623628115 -1.833952504823787e-20)
(1.250315979805014 0.03457611478154383 -2.336157654424807e-19)
(1.063583972369515 0.01811772516255388 6.096282824321972e-20)
(0.9921871915726005 0.00962183773190857 0)
(1.020056032440381 -0.007313637013545041 2.380028412365679e-20)
(1.107476319774093 -7.964315621819713e-05 -1.192611326397729e-19)
(1.061140545734361 0.03101617745906825 0)
(-0.08656193162024038 0.01080640523507796 7.333839579683049e-20)
(1.155274413567581 -0.05158928154286686 -1.905399772487775e-19)
(1.007172474194421 -0.006650214380609075 -2.614307589093161e-20)
(1.185771983511965 0.07036133376337066 -1.233426954434945e-19)
(0.9980188941869437 -0.009294933478983306 3.02327626021291e-20)
(1.084317388663063 -0.005496427662899861 0)
(1.247891178126974 0.09900275242127213 0)
(0.6960723693798511 0.003194430087583549 -7.470697213721196e-20)
(0.9891828962121858 -0.0133337325993465 -3.15008971927231e-20)
(1.461546200448714 -0.01791847512919417 4.477233099420393e-19)
(1.060473176758454 0.007602895211922288 -6.746482630372868e-20)
(1.369221732820944 0.09726948237082594 2.900985074777228e-19)
(1.054759108802355 0.006891025265454062 -1.906135372018167e-22)
(1.081177948681159 -0.01384286538779133 -4.057520454228079e-22)
(1.165511408142231 -0.2365279638894342 0)
(1.021694482290166 -0.01471456044534918 0)
(1.016964092263155 0.01776878562021916 -3.111820267146504e-20)
(1.384876326530916 0.3485528982064493 4.162766081465055e-19)
(1.097187325227358 -0.04240978924775737 9.392289275564482e-20)
(1.04524172155518 0.2091239045474958 2.520147286683329e-19)
(1.125521250877882 -0.06029301516100536 1.155367317853242e-19)
(0.9219598399661454 0.005128515833017207 0)
(0.9753703474759218 0.01851102752839914 0)
(1.004121982526234 -0.04895382064312741 2.75706413976465e-21)
(1.009985446574675 -0.01311055398125773 7.568176445871282e-21)
(1.029759325130134 0.02653798088863542 1.393311470082917e-20)
(1.53093326786817 0.03621637690132676 3.264078544614927e-19)
(1.288530426846304 0.0716389569099415 5.514502898714927e-19)
(1.072289919002455 0.003091025807529638 -9.173030642209806e-20)
(1.19848967245913 -0.0918103565149149 0)
(1.0336840301685 0.001924695441730163 1.33815524565022e-19)
(1.165041307259224 0.02277733421648571 -3.215485522578653e-19)
(1.001433498211691 0.0323236129045531 0)
(0.9996260206970055 0.002036155089007467 0)
(1.044498224486813 6.395491510554771e-05 7.776463460562784e-20)
(1.212633491093075 0.1122083174546085 4.153407514091849e-19)
(1.011074486953233 0.006993529995595532 0)
(1.09255636581298 -0.0691057315425484 -1.051174366201141e-19)
(1.150564909361328 0.03831319115313291 0)
(1.2138095666038 0.0970267061167919 -1.954260172414922e-19)
(1.108134171889527 -0.02873944518547892 -7.685429469413389e-20)
(1.027198874575101 0.01176955095210284 0)
(1.085009263501112 -0.00461980185239122 0)
(1.018838427621262 0.02602628188637954 8.102589369773476e-20)
(1.071387366225104 0.05539808935627357 -9.568183992105489e-21)
(1.103840527352777 -0.00413210628335039 6.271310695628567e-20)
(1.111790475908719 -0.09408534234759905 1.501694012490348e-19)
(0.9631728806294335 0.004688263853928161 0)
(1.066030756935741 0.03111746165083471 3.83140838691614e-20)
(1.169316157443397 -0.07628740373615864 2.328682134173499e-19)
(1.051087104715452 0.04614581943273087 -2.911207734260336e-20)
(1.022560034547949 0.06726506097545785 3.730422166734757e-20)
(1.090274701682151 0.02602125175294514 0)
(1.016879296653943 0.0173735047986082 0)
(1.029005163069654 0.009402999446751284 7.889299629573653e-20)
(0.9486613798470469 -0.03362967762292607 0)
(1.052737180651452 -0.005601733360434738 -7.824396367637676e-21)
(1.343272953362091 0.05922423422324737 -1.580077427959079e-19)
(1.079958662277491 -0.01313577418008474 2.61674690293265e-20)
(0.7439358124954649 -0.001729830403902521 0)
(0.5809251586082734 0.1871323577790409 -9.76432256051021e-20)
(0.706196216934173 -0.002522515163025742 0)
(0.6987964028925262 0.01462598043575218 0)
(1.077625673956398 0.00367163331764905 -6.744932635541775e-22)
(0.9906456127478405 0.01452477755471683 0)
(1.277910476369428 0.1228035772549126 2.491938749592598e-19)
(1.012339465177671 -0.02780076362479817 -7.821139280929798e-21)
(1.045934883507952 0.02042639714577741 1.831711111697103e-21)
(1.05868727445431 -0.01166586409070644 0)
(1.126661452979039 -0.009114150040092753 -4.998697514701788e-20)
(1.268341765229996 0.1401815663123408 -2.29212652948331e-19)
(1.089367302337707 -0.01116792020129133 -8.563488509988924e-20)
(1.069947781208858 0.02681997656161263 -1.100923128330271e-19)
(1.040739233648294 0.04674061320676566 6.984374972577153e-20)
(1.022590634669711 -0.003772723126504747 -3.458477225434223e-20)
(1.060878955667947 0.02353005649413404 6.026736259776383e-21)
(1.13180521347711 -0.0007035076600919762 1.059078190026045e-20)
(1.039349256970386 -0.01574331989875975 -4.818913135429307e-22)
(1.087445613327481 0.03472976288116765 0)
(1.028003261193809 0.01362254608610311 0)
(0.7656229966587389 -0.06428182624702734 -1.810016951308594e-19)
(1.030180856462219 -0.001602915702779613 -6.86504990239768e-20)
(1.129527853107249 -0.006200578591399986 -1.270847763981235e-20)
(0.7034189990048109 0.006577942563430524 7.357054166657364e-20)
(1.174672972541732 0.0204320946179417 -1.924875567781267e-19)
(1.134531066321611 0.007136399397034657 5.099951729096912e-21)
(1.128964826957238 -0.01000719518266607 3.461086243529969e-20)
(1.000937707037091 -0.002934465527449521 -7.472401395291391e-20)
(1.102626085731089 -0.06607816516059795 0)
(0.9871700204400944 0.00399605877900625 0)
(1.057854751228259 0.007065147107267825 0)
(1.005271071154712 0.1877432867288971 -2.457369681547259e-19)
(0.7791801900867803 0.01241659709783263 0)
(0.8568885244177156 0.1002918960577623 -8.415080278831142e-20)
(0.07519142396762835 0.03707980696122514 -2.996853668943647e-19)
(1.172249861855237 -0.02958314114686887 -2.240386327931901e-20)
(0.6713272255061551 -0.007297212900938226 2.440952050993233e-20)
(1.1700685984066 -0.1004022665976418 6.88090419561645e-20)
(1.122684193696482 -0.005038908813939581 -5.786767251757252e-21)
(1.154982670333331 -0.04771043979778036 2.17710132574799e-20)
(0.1045307018439738 -0.2231773616829021 0)
(0.2411080972797172 0.08141246497597639 0)
(1.259425112400319 0.1122886282055709 1.925450888795277e-19)
(1.021130068948407 0.01978443444217475 0)
(0.7378508771748462 -0.006264762406069031 0)
(1.075380752773047 -0.01165141845642022 2.715787982552208e-20)
(0.974774706609855 0.002808147166254344 0)
(1.296265517637451 0.1298721405132291 -1.576061204220369e-19)
(1.057441538760115 0.0111174772403385 0)
(0.9938145250831782 -0.00707332306178549 0)
(1.064997695093509 0.008323270549655905 0)
(1.006172753645163 0.02082613985867209 1.866710537066377e-20)
(0.9376963750068176 0.0165975185488884 1.122142232384401e-20)
(1.177644580416072 -0.2000675196826548 0)
(1.005212905501109 -0.005180416185413692 7.869800323090534e-20)
(1.059125535298799 0.006426337613229101 0)
(0.7746763053863166 -0.003277456616181011 0)
(1.2179578016157 0.02908056716320238 1.663371566553795e-20)
(0.7049401535089602 0.00134866447993472 0)
(1.436635849865675 0.08786664906698616 -5.271187604363975e-20)
(0.995149864727816 -0.006354204397615186 1.70218785192787e-20)
(1.273139469130737 -0.001213026539126067 -2.944060934544989e-19)
(1.059497462292858 0.008961988686503454 1.380304540057889e-19)
(1.000911313706607 -0.01357302928494486 0)
(1.213888346122437 -0.1412648190752725 2.045694699338234e-19)
(0.7331929754021475 0.01378785745147679 0)
(1.098532774845992 -0.005028675331449634 0)
(1.15315321890114 0.06966852863769935 1.992060757679945e-20)
(1.006980324839528 -0.006563066595494866 -3.027370862186477e-20)
(1.120748773227678 0.05324466889373972 -1.75909333773618e-19)
(0.09555532172798412 -0.08751993966813167 0)
(1.071992190198735 0.03902578350369767 0)
(0.6617771759161707 -0.002915055375802212 -6.28517032083017e-22)
(1.012163408542099 -0.01938500400756938 9.593656732138156e-20)
(1.061312372029494 0.0007844582690654132 0)
(1.074911273446551 -0.1272475217097007 3.71945232234065e-19)
(1.002840817386149 -0.006191078004529195 -3.42208322998594e-21)
(1.003062808171411 -0.005134493311928502 6.944789332368966e-22)
(1.093923923484134 -0.009313282595143921 0)
(1.020664382095608 0.02057700105148503 -6.363233017295144e-20)
(1.106532447584017 -0.001570818282590607 6.617332193519718e-22)
(1.074543913920126 -0.01129524385422075 6.61467963560084e-20)
(1.085774132120712 0.02227079366928362 0)
(1.331202746118017 0.1621161417077569 0)
(1.002009795397513 0.0001970931983027811 4.413505930780795e-20)
(1.319477684192066 -0.1260010920728057 1.56026807177058e-19)
(0.03980934825446011 -0.1900407455572794 -2.468662926062429e-19)
(1.071241435637022 -0.005435436842449775 0)
(1.11471236053117 -0.003774192968067888 1.18798807171425e-20)
(0.7267823579929599 0.01781701964707269 0)
(1.061346915598333 0.008478522636411231 0)
(0.8685340534169881 0.165011278988955 4.707606166945465e-19)
(1.275323600875202 0.1340753809935924 1.931252925134894e-19)
(0.6543553195077996 -0.003096599814821981 -6.379308337089313e-20)
(1.040507398099461 0.001357605403398621 -7.02174907607044e-21)
(1.054730211187966 -0.0002565985620388519 6.593439806457076e-20)
(1.364518133166577 0.1224522082631355 6.738459183862969e-19)
(1.333952437180377 0.2520505415433102 0)
(1.060201679396621 0.002975757535089877 0)
(1.000539532926978 -0.006029783091471263 1.487881982770146e-20)
(0.9928611780870004 -0.00727920044464486 5.313637911592013e-21)
(1.381777528289209 0.1998503614282862 4.258208011582671e-19)
(0.6817928744059374 0.0004797284191125311 9.891784689832067e-20)
(1.00560171761111 -0.002165230041872064 -5.990498516421328e-20)
(1.098227012296213 0.01306551240915575 2.552737873110564e-20)
(0.6694648779997331 0.004978616972696033 0)
(1.066090819757569 -0.01201244696817422 0)
(1.015347659922455 0.1533408184227928 -1.325833474208055e-19)
(1.092052582088191 -0.008114824146393038 -2.497699142874607e-20)
(0.9820902609169249 6.061141124556058e-05 3.288337192105843e-20)
(0.991211111901185 0.006032916131162857 0)
(0.6382375866890256 -0.001073558220178707 0)
(0.9767492827726602 -0.001174829497823408 0)
(0.642142467001503 -0.001466232953372417 2.658968714802856e-21)
(1.090157347401164 -0.05561834238697931 1.196760983987569e-19)
(1.112841618593921 -0.002618095685076049 1.183635369716453e-21)
(0.9579036464444639 -0.0008832447628577741 3.898554453812467e-20)
(1.016517338879455 0.01000717822096852 1.718087107630881e-20)
(1.067128477393544 0.001368004204567989 -2.541925996127658e-21)
(0.6347016457053958 0.008876005929332787 -3.632843331977647e-20)
(1.004834518450392 0.008224800957416791 -8.394753314647398e-22)
(1.036524579940673 0.006793688220760125 5.388472827023726e-21)
(0.9864128855972172 -0.01126836913465244 0)
(0.6099544288473392 -0.0004755429367187973 0)
(1.068748972546842 0.02254788353394853 0)
(1.016977698099977 -0.01638201480699143 1.038853047668595e-20)
(1.023809469962862 -0.01016106770852819 0)
(0.9917456280085255 0.01362339741293977 -9.829688976594696e-21)
(1.009851032584314 0.0007994357485189164 0)
(1.130302068517067 0.001486342723410589 -1.156696501508739e-20)
(0.03783008711569796 -0.1440517320080306 -3.891048660567998e-20)
(1.035514165349038 -0.01836847012103337 -6.099813134611708e-22)
(1.041049780430634 0.004375001695713846 0)
(1.080926434870129 0.06813609467630251 8.475110673350988e-20)
(0.9676584841893424 -0.002372624042840589 3.110067035758223e-20)
(1.020341778816755 0.0167018207867133 -2.342608230040671e-20)
(1.001956096574464 -0.00190483358806573 2.465014119432356e-20)
(1.039557375538399 -0.007427471055304845 0)
(0.6408769674396183 -0.00403989734927834 0)
(1.025811118429199 0.02454077194613745 -7.437410805383942e-20)
(1.086268914405652 -0.006101454532389471 4.910313080961224e-20)
(1.016338123499741 0.006104071086272999 0)
(0.9790446076809789 -0.001951804884579047 -1.957169010411798e-21)
(0.8639075526083538 0.01253191032545209 -9.063797305140584e-21)
(1.014028822602017 0.00257425623411444 -9.884414375006824e-21)
(1.023541285913892 0.005986677937309635 1.869833064843876e-20)
(0.9845143959425821 0.004990826805186146 0)
(1.003942512556333 0.01196142965038657 3.4447560642828e-20)
(1.110179011335969 0.0004131865047935262 0)
(0.927283946928938 0.005421331609717179 -3.105018033644495e-20)
(0.9568114716951011 0.0007462111079396 0)
(0.9114501669534069 0.2076586097856691 5.092710011096342e-20)
(1.010807624105472 0.06684824003730026 0)
(0.992483527978872 0.004771229848909374 -2.26513337960034e-20)
(1.058919380869787 -0.05280153977135481 -2.865330044938767e-20)
(0.9924833588887982 0.0008669759116725608 3.321972102284363e-20)
(1.010107449755139 0.006831677506829501 0)
(0.9783647124661956 0.0006389732911604943 -3.085727520935232e-20)
(1.171786884963977 0.1050140548571082 -3.434022997797781e-19)
(1.06999506251511 -0.2654526771547914 0)
(0.9930835426594051 0.0006711495643486752 -2.250973863136198e-20)
(0.9751316681581307 0.001298056168573096 4.968813017934767e-21)
(0.9637268108887623 0.00415898764539868 9.92943031822158e-22)
(0.745919077938773 -0.001045823495222826 0)
(1.124287780362111 -0.07828997502806788 0)
(1.003054102272699 0.003258600525618273 -2.255588817713867e-20)
(0.9078297464974112 0.01268569338816805 -9.839603574606951e-21)
(0.8494917200487405 0.006314093205034338 2.469180834355384e-21)
(1.014407390283506 -0.007041960333746545 0)
(0.955356172335545 0.01117287076025354 1.408547199182215e-20)
(1.005557135211726 -0.0002467941931498958 -2.292997742548842e-20)
(1.022626401342311 -0.003247559654354884 -2.548006286692822e-20)
(1.114912600715744 -0.001103787142075777 -4.942365348100879e-21)
(1.119617029885393 -0.0003153201805205434 0)
(1.013297228416982 -0.01005691458571406 0)
(1.019583661352483 0.0006971260276286047 0)
(0.9415951524503969 -0.0005737755291584153 -2.016625593929696e-20)
(1.017850494058409 0.01363654532665222 5.410706043328693e-20)
(1.084878843461896 -0.005078838095665743 -2.269717175317231e-20)
(1.040570079764131 -0.008711682957940885 0)
(1.107338952852895 -0.003589627278718022 1.855138317368383e-21)
(0.9945139995565118 0.002334535802242609 -2.227964845446602e-20)
(0.9853147851995693 0.003434825248150612 0)
(1.010881103157913 0.003282282867056565 4.656032988771671e-20)
(1.367284036632112 -0.3147066736467952 -1.130568767959004e-18)
(1.122181129658602 -0.04306325180164607 -1.088022539033815e-19)
(0.9650345060600548 0.004145473690002034 4.497917643773436e-20)
(0.7668032281542668 0.001823479008354936 -3.097077630422684e-20)
(1.223244090974039 0.05337474633650117 0)
(1.224379706734419 -0.1275870929553695 -1.467587209284071e-19)
(1.08042633114937 -0.0006750932734834655 0)
(1.008078080512251 0.0009907643181477862 2.275446200920238e-20)
(-0.1838412261503574 -0.1409008405838645 0)
(0.9939662834335996 -0.004651189060705895 0)
(1.012420791543119 -0.02312856193783634 4.438434835185488e-20)
(0.7063827129670552 -0.01945888763446885 0)
(1.096788787439248 -0.01477649101749584 2.133773007304685e-21)
(1.042518201948624 -0.008548370786506422 1.798792384595021e-20)
(0.6332047242680994 0.004119221065444453 0)
(1.449669542130919 -0.1231483433380738 0)
(0.986308307624193 0.001362010798604619 -1.080969222829534e-20)
(1.069809634661521 -0.01506819758328246 0)
(1.037820374810611 0.0003910807750789941 2.117869793058629e-20)
(1.080991523930871 0.005822522655754318 0)
(1.011431573559479 0.001960963974317557 -1.074683714523813e-21)
(1.005774849538655 0.003081809910699471 0)
(1.00978080466096 -0.00460719676089988 -5.018544473124057e-22)
(1.004233195847548 -0.02084694996268033 0)
(1.035879259055883 -0.001903577731565211 1.695203419134003e-20)
(-0.1760162097023365 0.02773044759413407 2.680934805747972e-19)
(0.79837775619845 0.02048796739945192 5.227962368761347e-20)
(1.005541000532762 0.001799983632209489 0)
(1.129042327772977 0.01319716833342941 -1.102899758843335e-20)
(1.119748507906404 0.01080875621239111 8.279829892352008e-21)
(1.054578232990877 -0.01286959064322981 -1.291355980230389e-19)
(0.9987812939988117 0.01036148307638723 8.466613882160019e-22)
(1.078441506444775 0.002004481673172347 0)
(1.187671450941606 0.05393372745463585 0)
(0.835382913595187 -0.07673599777006473 4.592423880847757e-19)
(1.093115118041201 0.0007394033471110215 0)
(1.033591731490261 0.007382393294047761 -7.483269974674523e-21)
(1.042428560364985 0.005189904843247669 5.997779517121426e-21)
(1.055945029293349 -0.06016415252421747 -7.546362891892989e-21)
(1.139379831850341 -0.0007253704976637682 1.680942960007938e-19)
(1.086903129840816 -0.005647884885953329 0)
(0.9942875899384057 0.00148889654699681 0)
(0.9964624902109982 -0.02649979251386298 -2.343943293163066e-21)
(0.9900609524980383 0.003225231979180974 0)
(1.031459991568491 -0.03809654643159553 6.393373789363816e-20)
(1.2909476291683 -0.09316261181975112 0)
(1.042195100691209 -0.001586446462429408 -3.978175727388114e-21)
(0.9861693200496874 0.01702546322309307 -8.639550849478551e-20)
(1.032775721871287 0.04171356372170529 -2.398938291817873e-21)
(-0.07868403913034801 0.1530459357215928 -1.68604198902398e-19)
(-0.0701556103840168 -0.3024688413041206 -1.332585689021474e-19)
(0.897354572131397 0.1394844692304103 0)
(0.2892868332039039 -0.03511200646947137 -3.297354805660542e-19)
(1.005275423498813 0.0007331697291069138 -1.336777320465776e-20)
(1.06382307207309 0.002707392650660392 -2.105089418827163e-20)
(0.9912764288754798 -0.01965510344062229 3.006544267109979e-20)
(1.02274429949452 -0.03173451193834283 2.589063693715578e-21)
(1.010034692879524 -0.03203150048290141 -6.568248115405166e-20)
(0.9888687011849834 0.004809729813337493 -3.471498117177361e-20)
(0.992962406232261 0.005168142283409927 0)
(1.025161041994584 -0.002359416929409596 -3.497593828439195e-21)
(1.938040427521415 -0.1559907772323235 1.076154700231491e-18)
(1.043023128651337 1.117113960190163e-05 0)
(0.995638018074077 0.008609079757259858 1.548876035221651e-20)
(1.003381186431303 -0.0003241475109341823 4.03864129687856e-20)
(1.159838698921362 0.1488089280153573 0)
(0.9984905335857128 -0.003870427299279708 8.189392968879198e-21)
(0.9498444337994419 0.0007644489906150808 0)
(1.037836141227558 0.04176563925471971 0)
(1.311093729340815 0.1611478659869214 2.35717926848616e-19)
(1.083131334591145 -0.001261267526817508 2.299768939210504e-20)
(1.017244975775094 0.02969887594407311 4.628893054222782e-20)
(1.086277380039979 -0.002454205657668084 -2.217617707757426e-20)
(1.04849215219515 -0.01045812894716883 -8.828945812040995e-21)
(-0.3853064917103267 -0.05282750541152923 0)
(0.9995618174634415 0.01387464918880126 0)
(0.1107062681158671 0.05460485361229426 -9.034002703213101e-20)
(1.00708479775075 0.02084329888232967 -4.154813149749433e-20)
(0.9996214182278929 -0.01943054602281291 0)
(1.001486127780776 0.005527472329402409 -4.967561965892056e-21)
(1.081894909744039 -0.04248561627958163 0)
(0.9942451503358832 -0.01695507869300061 -7.871316753008462e-21)
(1.100468489891778 -0.05976004822839509 0)
(1.445761700106701 0.1756844020048733 0)
(1.054773225202074 -0.01220916156651618 0)
(0.9903799716367758 -0.0244196494878588 -4.037698129858296e-20)
(1.00046111843911 -0.04465229127841932 -3.214651015655979e-21)
(1.014009246279766 -0.01970210518316123 -1.856656285191419e-20)
(0.9968322322755104 0.0165528669601377 -5.622886495569431e-20)
(0.995787274460684 0.0104816189718612 -1.509488421799025e-20)
(0.9946186546270802 -0.02868266001154106 0)
(1.002686985987757 0.02376003435688438 1.949710595144367e-20)
(1.056923009330584 -0.03858275907939999 0)
(1.111452460167051 -0.03569879700728122 2.615018148488889e-19)
(0.9957315477734968 0.01679937755124804 4.635054420546777e-20)
(0.6150524635030641 -0.008685155291313309 0)
(1.140462207967714 0.1560120910484129 -2.690086091433945e-21)
(0.8515357113350819 -0.08878445427965373 0)
(1.137700605921182 0.07310962405875052 -2.709811051822372e-19)
(1.317399947548193 -0.3896211718217379 1.299156137523469e-19)
(1.06898107869404 0.06287060138902635 -1.260935725294186e-20)
(1.011107995013104 -0.03220965766922548 0)
(0.9562788208433973 -0.2166517476419841 0)
(0.5210041355700581 0.1593302454404979 0)
(1.016370121085788 0.009631423819032082 1.28312260153569e-21)
(0.6903281629262722 -0.02865446028492776 0)
(0.9996081317626722 0.01710546608527021 3.57718571320952e-20)
(1.02672200085282 -0.004781030726750093 -2.772878237686321e-20)
(1.078971654586268 -0.008090840806734501 2.766709765572799e-21)
(1.048393765057537 -0.02467601741932983 3.045159614452203e-20)
(1.042461698084006 0.01180808064619268 0)
(1.06437703711096 0.02291646775391663 -9.122291601937427e-21)
(1.04944368753583 0.03594656601439029 -1.819780335837195e-20)
(0.9833172275321358 -0.02282358904162836 0)
(0.6249116611537735 0.005098125944555738 9.172173405152453e-20)
(0.8941494687933024 -0.005908398560879193 -8.847615251951308e-20)
(0.9093815491983829 0.00528484350403204 1.449640780415112e-20)
(0.6295907116551707 -0.006426613520417939 1.406032514015214e-20)
(0.980294008144857 0.001199166087135116 2.514823777064501e-20)
(1.004435465211325 -0.01745100442191283 -3.550741618739273e-20)
(0.9822420787566597 -0.03790712859120629 -3.278950578916977e-20)
(1.085572002071113 0.001657030396417644 0)
(1.020184728083339 0.00494169160952899 1.010245207829969e-20)
(1.132147067414265 0.04893577649744402 1.31062980460409e-19)
(1.031407754110134 0.0406225642826698 0)
(1.022614995876924 0.002541967662140429 0)
(1.586279626519347 -0.1676267501497681 4.411575800059285e-19)
(1.05819454625983 -0.0478004848908553 0)
(1.017030536927624 0.009367094249034367 -3.810577334706368e-20)
(1.083296092986831 0.00567577870214459 0)
(0.4864339318509609 -0.01523775119363204 0)
(0.01138161778531534 0.02465139114867616 0)
(0.991264232980106 -0.02426459036312776 1.222821082579476e-20)
(1.302604603777631 -0.09578728222509425 3.747649015502857e-19)
(1.033298496595999 0.03475671553181597 0)
(1.022251836158315 0.003504543785049931 -2.240114173143126e-20)
(0.951156299539282 -0.1601604927910413 -1.107249661959763e-21)
(1.256538246573291 0.07830103576321347 0)
(0.5965788640153447 0.7279695727809999 0)
(1.313731356587523 0.1471473831793824 1.086267486008777e-19)
(1.679639166150711 -0.02536149204108434 0)
(1.049774671867719 0.1159517286338378 0)
(0.7099244077667499 -0.02176414309282837 3.781072805822137e-21)
(1.048491630042562 0.04351095903518346 0)
(0.7573929618558833 0.1268998281949309 1.28832752976491e-19)
(0.9967691780498315 -0.01651353265716968 3.570801196963661e-19)
(1.037785241807349 -0.04224050808845407 2.771287951761653e-20)
(-0.3826832593158183 -0.02130260127388632 0)
(1.072272227091516 -0.01643820120517012 0)
(1.085929328675697 -0.003596750421392582 0)
(0.6495030012444136 -0.5058927987188072 -2.460235058842252e-19)
(0.9895252261352427 -0.001340075780130969 0)
(1.092476152984248 -0.02131181365122185 4.869941472787227e-22)
(1.186853441990852 0.1211456778150622 -1.999021174974904e-19)
(1.095050339176848 -0.04959396432866778 0)
(1.006221044663968 -0.02117560647408518 0)
(0.7789100160938143 -0.1790350225388381 -1.629950279354507e-19)
(0.8793472679559687 -0.1294669547679704 1.505199020226e-19)
(1.031171778775564 0.01486848494996917 -2.213518447240622e-20)
(1.023115516695098 -0.008926912009884028 -4.560579326289239e-20)
(0.8807872420278982 0.01302616909652628 2.837133868421097e-22)
(1.507349065679643 -0.1941542099496538 0)
(1.308311654290714 0.1179568727404462 3.007204554458315e-20)
(1.242741443844043 -0.07340912224582173 -3.256808613255201e-21)
(1.095687149773454 -0.01847155725234255 -3.903901494826875e-20)
(1.035120273422381 -0.01320941159197469 2.629757447711167e-20)
(1.092838649733048 -0.03905316392360689 9.180707574569086e-20)
(1.031681736543675 0.02050867843130398 0)
(1.047860882596252 -0.03792870718121604 0)
(1.115956314727827 -0.008937103225342753 0)
(1.094069279102033 -0.04069791387685616 0)
(0.9981914652170403 0.01116860152401397 0)
(1.149151985910694 0.08188380394989735 9.578504016348894e-20)
(1.337408371513081 -0.1516833719676539 0)
(1.035550016261838 -0.02644656556195376 -2.240307759812431e-22)
(1.048428803206298 0.05096537052983523 0)
(1.010284178050434 0.0144545811109381 -3.945959909847725e-20)
(1.033881275381167 -0.007331766607086645 9.1350019779906e-21)
(1.088923109579473 0.01348204511865023 -3.25582796040492e-20)
(1.085314877167902 -0.02793705338599489 0)
(1.070580578977217 0.006353439757918386 0)
(1.107160216574995 0.09409058145480464 -1.418704250878522e-18)
(0.9356512877021861 -0.1506531497065568 -7.064907895401242e-20)
(1.169277420878257 0.1160865381678287 1.14227305204541e-19)
(-0.4754178972524247 -0.009769979187416318 -2.900890384702867e-19)
(1.017885459673629 0.02885683133195959 -8.842206788183818e-20)
(1.004990980198226 0.004927793957696227 0)
(-0.2658177448601232 0.003340044618463125 3.554819540470929e-19)
(-0.03842226742185652 0.2863968586809542 7.726179197064678e-21)
(0.9952157098270322 -0.006252754870153867 9.715973374770127e-20)
(0.1863791824998959 -0.04386838356775755 1.342317844075122e-19)
(1.084949659018284 0.08397718151419382 1.43556479677588e-20)
(0.09397734217952518 -0.1119861207661943 -5.53021862642829e-20)
(1.108378903666589 0.002974942457928992 0)
(1.102302864017101 0.2553237731160104 0)
(1.021265252726723 0.02143340199231403 -1.729735426392509e-20)
(1.066220410199241 0.05064728002090295 0)
(1.026796421196766 0.02404828158343901 -8.998262389957068e-21)
(1.264750996687017 -0.5496883566236953 8.059954617352252e-19)
(-0.1190542709511265 -0.2301562679094881 2.165165565397043e-19)
(1.300787653465296 0.1162899940446008 -6.301192334114111e-19)
(1.12153589987986 -0.003155290316306951 0)
(1.120731741546721 0.1012774713323217 0)
(0.5263952997131128 0.07997225665641595 2.487374851896969e-19)
(1.023814951203569 -0.02030974147732341 9.359361966526391e-20)
(1.006619159077417 -0.02350320788257822 0)
(1.210092466505908 0.2702017390200473 -9.543925503070284e-20)
(1.264242302635678 0.1332968456601855 -1.571620092520834e-19)
(1.026614601854749 0.003355739412108927 1.542719372131243e-20)
(1.301326062900131 -0.0849348819548843 -5.008818259732544e-19)
(0.2972697108948113 -0.01729680529932305 2.774660256776908e-19)
(0.8270003536375068 -0.1463262886478369 6.741667500066688e-19)
(1.039520257118252 0.04874255401657938 1.066868881213567e-19)
(1.038434168280235 0.002399834958704332 1.835266902113232e-21)
(1.00125442834829 0.01926379748615688 2.972964908735134e-20)
(1.066501315439907 -0.03680629282313716 0)
(1.034772049039981 -0.03849728455713543 -1.533415767586464e-19)
(1.017266497550896 0.03332732822065735 -4.719394636027691e-20)
(-0.04503669695332604 0.06240503118687556 -5.085884789939702e-19)
(1.011076083347695 -0.05837954508372332 0)
(0.9111005643092555 0.01742494911615812 0)
(1.089833244548739 -0.001500775307200077 0)
(1.369079572646086 0.2600045408211753 3.797272056554425e-19)
(1.701179843839743 0.1045468181599472 1.337591548149347e-18)
(1.409862577394549 0.1539105653231889 0)
(1.037028894343054 0.02276891607003144 1.088316090566936e-20)
(0.3514323300558082 0.03278582708460569 3.377119509432306e-19)
(1.133714425444158 0.01087629354035721 0)
(1.088958156931476 -0.02022945095652249 2.890946043081168e-21)
(1.088710385129724 -0.03105904851669024 2.32626296547488e-22)
(1.131255406121091 0.1030938241137576 0)
(1.302470262363618 0.05731752529885537 0)
(1.039471397555594 0.001274370911586838 1.174677165359041e-20)
(-0.1520579396674232 -0.125380450988795 -3.969168098075613e-19)
(1.327063136256313 -0.1449875013809917 -2.153131715501707e-19)
(1.067788856222654 -0.007423803475767356 0)
(1.013124878509277 0.01493357171494933 3.124212796769866e-20)
(1.160084132278879 -0.09986784570465496 0)
(1.01678134584309 -0.01750264452018968 -1.118174272575318e-19)
(1.030693226086983 0.008419314047235187 0)
(1.51526725500379 0.08906147700176094 -2.854646051276114e-19)
(0.003339251937258382 0.052352413672392 8.497137940450593e-19)
(1.095888386803081 0.05242662833131664 2.154454267260245e-20)
(1.092051516244133 0.0787612426420351 2.064524245736155e-19)
(1.00970899269139 0.008764681991519495 -6.240707483891924e-21)
(0.009716241284012259 -0.115447005145044 -4.973267546186197e-20)
(0.02420711094835874 0.1052534856733487 3.594704683765309e-19)
(1.22277723802596 0.1441778933541093 -1.604399852883159e-19)
(1.09890640060641 0.07814083628626628 0)
(1.087574962973606 0.02570865249564594 1.725563880891863e-19)
(1.007064885564825 0.02217878893025568 1.682797408313558e-19)
(1.029156147346422 0.0006197610620808394 -3.689750463601087e-20)
(1.213753049852122 0.1505497785031378 2.562049405163669e-19)
(1.395545970732024 -0.1271323513193834 -2.04540702685737e-19)
(1.06564274333911 0.05022922890829356 -7.072717158647408e-20)
(0.9933633002662692 0.006848937208408335 0)
(1.079650045998054 0.06536757563936145 0)
(0.982035589447753 0.006032998268053378 0)
(0.9919521717904735 0.006954285027978561 2.442013313028247e-20)
(0.4877927354301673 -0.07003912692440718 0)
(0.9929409860418296 0.006079749559113345 2.835550548643963e-22)
(1.291251477670264 0.08024254069698905 0)
(1.005026632992697 0.004352865092736019 2.231161577333203e-20)
(0.7952323608656566 -0.119382398061255 5.592569158283125e-20)
(1.090556138399807 -0.01303630722650998 -7.99114524154121e-21)
(0.9398119938617315 0.01656740420867889 -1.764315089941911e-20)
(1.435983588013188 -0.280330604052508 -5.252291968085342e-19)
(1.130764298247128 -0.09043552813724857 4.675939449046929e-19)
(1.088693268214051 -0.02524042773617797 0)
(1.936038470977982 -0.4715371832889867 0)
(1.626534306287791 0.190567515803617 0)
(0.985789319914833 0.003048115337803815 -9.753539615904411e-21)
(0.8576979627967593 0.7722903678745168 2.3817820398927e-19)
(-0.01146402915443421 0.186989100090404 5.290304139406942e-19)
(1.039269032591968 0.004946737660867584 0)
(-0.2146196656457965 -0.1161103632579452 2.133973202809333e-19)
(0.9835996406911149 -0.003856606385940762 4.110861647990286e-20)
(1.179706933509703 0.1613786295440343 -1.607480680294494e-20)
(1.044695904115832 -0.02197718698294178 5.67284939029407e-20)
(1.044285999782652 -0.1378101332902135 1.346117459708851e-19)
(1.137281997194479 0.007998243129846393 4.410333842108336e-21)
(1.098626647050434 -0.003925946904029899 0)
(1.307967678028976 0.5293709229144878 -6.002890838331874e-19)
(1.028964117630131 0.005618718948693391 -2.047819728543573e-20)
(-0.3252604768666708 -0.03112380491971807 -2.026327877798066e-19)
(0.6794622625319973 0.01844316291861363 0)
(1.08897196810006 -0.6993868738212616 -4.852152096791296e-20)
(1.310623795468235 0.08567912536954202 -1.099152834362088e-18)
(1.115206851892579 -0.1085693087179047 0)
(1.086486594176782 0.2782080973223837 0)
(0.9723670480084605 0.00288831293782893 -6.150616824875528e-19)
(1.066364924232387 0.005551499865352392 -4.20049767853558e-21)
(0.9245805959818607 -0.01215597135896181 0)
(1.090720912417677 0.03087665212089324 -1.759422525119313e-20)
(1.37229756591367 0.2171659763076699 -1.885584518879997e-19)
(0.7323345449254632 0.09601189703060425 -1.052582256501221e-18)
(1.079069966350729 -0.0006843163960134866 0)
(1.263016984883136 -0.05662277656954583 6.96104683462612e-20)
(1.005352125587758 -0.0008759458759837054 0)
(0.850522234584526 -0.776780945673511 -7.997129159574766e-22)
(1.082168878731401 -0.05199804923182941 -1.114668450956228e-19)
(0.8754627329844393 0.3234071245948353 2.946303454141284e-19)
(0.8241543611697368 -0.1948627427702019 0)
(1.031938683321115 -0.03514550759641883 0)
(1.054958020039176 -0.02792694680708263 0)
(1.006020976560469 -0.00370578844479076 0)
(0.9812017648813267 0.006190345602293304 0)
(1.339265395788954 -0.2342215044740429 0)
(-0.07698103513091567 0.1277180468113106 2.506667184049488e-19)
(-0.01337940394966267 0.08318638128842581 -5.758769229789134e-20)
(0.2203709826442638 -0.09843717713617538 -4.36651710416751e-19)
(1.522070564078688 -0.4393048724818741 0)
(1.034847861696719 -0.0167896198095013 0)
(1.774275677319829 -0.7596977731391019 -2.357196201676918e-19)
(1.140698132594313 0.009129040641591157 5.421644271104453e-21)
(1.323705956353675 -0.08824400145510367 2.786683609505588e-19)
(1.10619546490428 0.7077313272465263 1.45146613280478e-20)
(0.338010928487794 0.5911368812258564 -2.255804489344044e-19)
(0.675592916337071 0.4570149075326388 -4.80513342993601e-19)
(1.046174923474181 -0.1461524585732481 -2.42305991502804e-20)
(1.227359092742349 -0.3610115221465904 0)
(-0.09549454386252755 0.1917791389338187 -7.120741485020167e-19)
(1.04637092881333 0.02371129126264812 0)
(1.105297668207615 0.02653060389674648 -1.504592553190672e-19)
(0.8130732889383463 0.8937960587584777 0)
(1.070701808800828 0.03305494986692818 7.114987349282131e-21)
(0.2871131060655088 -0.07080591841049205 0)
(1.10616053852433 0.02132255446077291 2.374770177242355e-20)
(1.368429221964275 0.3240285429973914 -5.536039779722122e-19)
(1.074950745087406 -0.01166213605746486 -1.635207153971525e-19)
(1.468331073658638 0.1599025263115186 -2.513587793471802e-19)
(1.329620683810408 0.4177451008450881 0)
(1.166961480156368 -0.2638740852207596 0)
(1.30451604317734 -0.1312172265726295 -1.204977096703213e-19)
(1.066915309813824 0.01621439744427275 -3.323602386881759e-20)
(1.060568544672369 -0.01208886353617126 0)
(0.7467234052981448 0.1465871861041337 -1.158301885708797e-19)
(0.7755136600271716 -0.5785908933841737 -5.609892188430109e-20)
(0.6666684369756335 0.2019559279635099 9.616304309000474e-19)
(0.998818079897535 0.1229429479663041 3.577355625350152e-19)
(-0.004951999456729794 0.08271605665857737 0)
(0.592778990046393 0.02270766166441737 -6.923747707786603e-19)
(1.059749459754093 -0.03915595162808083 -1.867807877427494e-21)
(0.6857542963349954 -0.1149728945901212 -2.738075190805479e-19)
(-0.001315265554452145 0.2146938768966618 -3.030262927375175e-19)
(1.181801169366648 -0.07515179660337906 0)
(0.4067258997529224 0.0174253535797506 0)
(0.1602615404759481 0.369298877976093 0)
(1.437104971747866 -0.2580323701186988 0)
(0.2347656664222018 -0.3595989151566771 -6.376379135287393e-19)
(1.598815049964225 0.04005985528605158 -3.914704976608284e-19)
(1.026376758236957 -0.2026573642335751 0)
(0.6870680911465037 0.01639038818796736 2.593087614982447e-19)
(1.025095757789668 -0.01061605586306938 3.471597072541383e-20)
(1.137026903015176 0.2352926763885409 0)
(1.727558007483967 -0.1101679107732736 0)
(0.5820846490933201 -0.7386089177111799 -6.898448699432667e-20)
(1.272707472795645 -0.1041703768394407 -9.948407960133426e-20)
(1.405759562494861 -0.08231526890073589 -4.266404427153926e-19)
(1.481713543231407 -0.06314930709362421 3.624859619955682e-19)
(0.09387717054916833 0.09790239559670071 0)
(-0.1429019963917142 0.08487738943956086 2.69968653846733e-19)
(1.038658479465207 -0.06369158984192715 -4.14025638061872e-21)
(1.12101316146245 -0.1408146305018644 0)
(0.641531782933918 -0.3582860408314699 5.181807173276311e-19)
(1.049253027659186 -0.06344694374859208 1.490917167927472e-20)
(0.8361877648978815 -0.1339001441410073 0)
(1.313681823799163 -0.1274874935945263 -9.911109590624601e-21)
(1.114591385559324 0.08269265071809384 -4.370544820451959e-20)
(1.090928064722166 -0.005001195831179655 0)
(1.125814557674206 0.5689885689337097 -1.100275991088942e-19)
(0.3430142310516781 -0.6010046901975824 0)
(1.060358557467719 -0.003254720208846274 2.829839504792415e-20)
(1.097164135444966 -0.004730216851806992 2.623837951336613e-19)
(0.07364252305319968 0.1553947376156608 -1.630475364090629e-19)
(1.178882911128615 0.9996159221466183 -2.220405103363752e-19)
(1.370483865196938 -0.1377330438452965 -8.922744656224586e-20)
(0.9411484103798669 0.1298810069143622 5.874155946171904e-20)
(0.9983810772713244 0.003443946849605419 1.059081271969087e-20)
(1.047521784500112 -0.141009206647254 1.750667900423554e-20)
(1.510498587186185 -0.9505128615258577 -5.273272430998274e-19)
(1.530541485778025 0.9486570852514147 2.35359127891235e-20)
(1.434125495251761 0.227113203627509 3.445081102243987e-19)
(1.028917859179957 -0.007375172771264771 2.040637317753868e-19)
(1.03555403198004 -0.03311797001026252 1.676453471324803e-19)
(0.9923156002351987 0.0216205650161802 -1.957001669964734e-20)
(1.05764916165618 0.0386939312227406 -1.436299962266114e-19)
(1.079416368896125 -0.06544822764487533 3.003682357840418e-20)
(1.433421570558421 -0.1318919773400654 3.3573144235196e-19)
(1.817104626668356 0.7475025786700165 1.862695750673559e-19)
(1.036514306857837 0.02965597879238052 1.044572961739846e-20)
(1.071845972855504 0.0143070112695157 -1.045061600517775e-19)
(1.984054785709143 0.4775109829947868 5.336571550677055e-19)
(1.925915039858826 0.1607152065965178 9.286310203946314e-19)
(1.079513177367369 0.6371654898898947 -9.55380249062708e-20)
(1.108682527243035 0.171206547383089 0)
(1.044101432435146 0.02315043331049352 0)
(0.5100422260298821 0.4372242204201992 1.172803077222057e-18)
(1.377526377578473 -0.2992164177870231 1.893230704759509e-19)
(1.196781865931387 -0.1459300755694526 0)
(1.630967929210416 0.2357505245542012 -6.152815799603925e-20)
(0.7989346406218861 -0.1465114051361228 -1.25815545097464e-19)
(1.328707802093424 -0.2094496862851621 -9.141769149555388e-20)
(1.24831378579547 0.3888375330929428 1.421218224591509e-19)
(0.4926005775743271 0.1941289390774559 -5.623595138976643e-19)
(1.685681897551606 -0.01935607308065346 3.272975585099798e-20)
(0.8572183846952248 -0.5465352084015399 2.167495227500108e-19)
(0.9989055860724569 0.02299396865438908 0)
(1.615993095217739 -0.1845538065308305 -3.078115365642724e-19)
(1.089599311128962 0.1004346911711197 0)
(1.337019150673907 0.5799626644145464 0)
(0.9433647544100499 -0.4154920433709065 -2.739407609471482e-20)
(1.247461400464749 -0.02427789054673032 0)
(1.038620529842162 -0.003617127748871934 -1.232429557162134e-19)
(0.7346023555176557 0.1117990019663842 3.06804689566853e-19)
(1.325944935505263 -0.5826922119910715 -5.630489476729132e-19)
(1.053680772111229 -0.6347429932141335 1.259645825816656e-20)
(0.3521207317868199 -0.3805708667844584 -8.764696390282224e-20)
(1.007437079669121 -0.09635461528810968 0)
(0.4458867130285669 0.2998274709641244 1.687591630491354e-18)
(0.322814730484783 0.06114842492655401 0)
(1.306197410202224 -0.1307756472881322 8.048508674563775e-20)
(1.579569386274406 0.1922189803427076 0)
(1.165135078080925 0.4457506958179075 1.314364118589485e-19)
(1.052669218470686 0.1524232193807928 -6.750883965289034e-20)
(1.031764436049978 0.004665046302224608 -1.974594016438307e-19)
(0.9557281533928156 0.4078359024151025 0)
(1.164579372412405 -1.012982006048636 5.918422715286141e-20)
(0.8910942529654557 0.008597631495241894 0)
(1.067841778044854 0.3778570127318685 0)
(1.061170329496489 0.02759219573890102 -4.723767599231659e-21)
(1.474881260602003 -0.2998445282768744 0)
(1.245055897645323 -0.1852736593916817 -2.990419782553952e-19)
(0.005357149649037878 0.02744190021585524 -1.916031406320022e-19)
(0.2385137217111422 0.01515222301930017 8.856817372431717e-19)
(0.9813865424599808 -0.09956020758512764 0)
(0.4712721133319397 0.6443023454321947 -2.564290824819917e-19)
(0.9173827019174245 0.02907217579419311 0)
(1.535392115842687 0.4143918564973924 5.45183760241575e-19)
(0.4966857483651842 0.1651561975170593 -6.507063034537362e-19)
(0.01267680607299957 0.1904398972881142 0)
(-0.4360507655765449 -0.04962749597803297 0)
(1.032443637711066 6.532920771572714e-05 1.246642243040971e-20)
(1.661154115167831 -0.2265792562078024 -1.108127908515074e-18)
(1.111111629880122 -0.5646146286816157 2.413830495709362e-19)
(0.7810418555818249 0.3313686219481274 -8.786523484085953e-19)
(0.9409258661631065 0.1500820576747665 1.546344709092881e-19)
(1.043658858235073 -0.003656515543473819 0)
(-0.3042756900555166 -0.1359699782900181 4.090061430511369e-19)
(1.033262857730525 0.04665366920740198 0)
(1.190057481723837 -0.2371275275762676 0)
(1.558661981873332 -0.1865331938613597 5.081643359385013e-19)
(1.121473829163106 0.07779584062398009 -7.579022308523477e-20)
(1.060697018034481 -0.1374091703291355 8.103419668564517e-20)
(-0.04331120162645888 0.1075534582232166 3.455014558633382e-19)
(-0.08502285873166734 -0.1447064978914098 2.551737810813168e-19)
(1.078451242708569 0.2156436077012885 0)
(1.094599425911776 0.0605963017346925 2.149011225482559e-19)
(1.497397122709114 0.288731858137511 -3.656145073838235e-19)
(1.325012737214046 -0.4885561044153525 2.388205771529782e-19)
(1.158404096230205 -0.1436326443114549 0)
(1.120291702444611 0.1501757111138007 0)
(0.5278996984555051 -0.6927028062865805 4.102302970853392e-19)
(1.311615634089317 -0.03752625778644775 -2.942524466783439e-19)
(1.015414825047943 0.1045915556339895 2.591291497160435e-19)
(0.3127742560172186 0.3521282641049447 -8.94794220398781e-19)
(1.035909685519931 0.1102155186562821 -4.182149483283492e-19)
(1.038307213399162 -0.3977257552691654 -4.461359508857175e-20)
(1.457812999382353 0.1089062025741612 -6.475007469890835e-19)
(0.7815398941011162 -0.8877883914221519 0)
(1.056878317619879 -0.03062326863361988 0)
(1.144667109168192 0.1798724958612753 0)
(1.613901106312527 -0.03958645643725081 0)
(0.8133403548607882 0.59140923235596 -2.096299732067076e-20)
(1.494584688540557 -0.3580187831476421 4.576486360234743e-19)
(1.538491720246762 0.1469720689932461 0)
(1.137642192752947 -0.4606407686081047 -1.687861865694232e-19)
(1.458701355194772 0.3429719281033464 -3.523410356170833e-19)
(1.009394344212957 0.0276888568126792 0)
(0.2077339199671374 0.002967879230102466 -2.432580095748665e-19)
(1.334106214119279 0.5091576405711474 0)
(0.9783875660919574 0.007721244385736984 -3.967479935589469e-20)
(0.7638980822875679 -0.3033075656950436 -2.053576532368772e-19)
(0.5085380003857277 -0.08493073579316303 7.873689800737465e-19)
(0.2133971838541256 0.0683753420694086 3.584326212170071e-19)
(1.062484448663823 -0.1390483850053023 0)
(0.04889175437895968 -0.002880489538921855 0)
(0.3440926394397383 0.03743800531837117 -3.027532929566635e-19)
(1.005737304554603 0.01716182026894038 0)
(1.450900809832999 -0.006943075192277777 0)
(1.007063218373923 0.02803903069471015 0)
(0.4695929218756435 -0.2771269898524897 -1.002544595267298e-18)
(1.04868388751934 0.08833010846021511 0)
(1.521554375691972 0.04177482395734079 0)
(0.2169524159874948 0.1331390046272765 5.466291451141947e-19)
(0.8805060216526542 -0.3243027586870614 0)
(1.364338535101024 0.05343116480179995 2.671148647618639e-19)
(1.236539166681545 0.2042734226519514 2.038314816292569e-20)
(0.8968057249505117 0.5517198476471828 1.588326776391692e-20)
(1.033344946456893 0.09871674929003239 5.030066806968548e-20)
(1.032774656176197 -0.1496865360839931 0)
(1.36542199594683 -0.02159571971063547 0)
(1.290557868654295 -0.1172251193348052 0)
(0.6247046824969648 -0.0427447683290563 -1.363052901839574e-19)
)
;

boundaryField
{
    FrontBack
    {
        type            empty;
    }
    Top
    {
        type            noSlip;
    }
    In
    {
        type            fixedValue;
        value           uniform (1 0 0);
    }
    Bottom
    {
        type            noSlip;
    }
    Out
    {
        type            zeroGradient;
    }
    circle
    {
        type            noSlip;
    }
}


// ************************************************************************* //
