/*--------------------------------*- C++ -*----------------------------------*\
| =========                 |                                                 |
| \\      /  F ield         | OpenFOAM: The Open Source CFD Toolbox           |
|  \\    /   O peration     | Version:  2412                                  |
|   \\  /    A nd           | Website:  www.openfoam.com                      |
|    \\/     M anipulation  |                                                 |
\*---------------------------------------------------------------------------*/
FoamFile
{
    version     2.0;
    format      ascii;
    arch        "LSB;label=32;scalar=64";
    class       volVectorField;
    location    "524.5";
    object      U;
}
// * * * * * * * * * * * * * * * * * * * * * * * * * * * * * * * * * * * * * //

dimensions      [0 1 -1 0 0 0 0];

internalField   nonuniform List<vector> 
808
(
(0.7562620577253736 -0.01751867524486073 0)
(1.031226107086724 -0.01248998105563733 0)
(1.1163469492075 0.0002132428680307929 -1.798996401840918e-20)
(1.085128246008678 0.01257965841480828 0)
(1.361315992635318 0.01519809288481099 -3.876706678752218e-19)
(1.038644234195483 -0.009370219867770084 -7.183025166294049e-20)
(1.0138429766927 -0.0202671548566755 -2.344099158500649e-20)
(1.078596128198841 -0.004726938923847505 8.931910771766545e-21)
(1.252303061451042 -0.02021601749050343 6.326889871109083e-20)
(1.084529058967425 0.009097080177711082 0)
(1.012183140095995 -0.01202927933950204 0)
(1.303806688496494 -0.05283058167606711 -3.522537647277851e-19)
(1.086043509708036 -0.001554420908412646 2.030587071888262e-20)
(0.6750423824106521 0.00641368134458849 0)
(1.283256620753382 -0.1213550712185231 0)
(1.081794281471704 7.208733855613941e-05 -3.81250673552835e-20)
(1.232268702399656 -0.1529932068379982 -1.000534045539448e-19)
(1.074344374429337 -0.0001385732381573819 3.158960008453182e-20)
(0.9915977813394717 0.006759893238730125 0)
(1.02686120992853 0.009099515619184807 0)
(1.04057988159204 -0.01476400908305396 0)
(0.9875120825729857 0.04501978104157724 0)
(1.051059147644601 -0.006192774408042886 5.617250915079172e-20)
(1.053515494418814 0.008319890693569686 0)
(0.9335117287110131 0.1992935064539724 4.590227213084641e-19)
(1.164057409429357 -0.09073739982084744 0)
(1.184394915542093 -0.0189855160829064 1.569969454795401e-19)
(1.077247302633257 0.009478707894238304 5.209707129198756e-20)
(1.084207656714763 0.001873001476108708 5.069096110106896e-21)
(1.072056045212977 0.03098192026685002 0)
(1.075605053880336 0.00249792373117786 -1.176054147249709e-20)
(1.033318692149436 0.006243322342214186 -1.92906793294256e-19)
(1.059883064401687 0.01476365870706395 -2.394240011852584e-20)
(1.088945477500691 0.005207270654602917 -2.928079609651254e-20)
(1.119935785376366 0.0368339468646855 0)
(0.7550166526249633 -0.1208179334958864 -4.543137863415224e-19)
(0.9543723408276452 -0.005749059017515248 0)
(1.068986075570443 0.0224792518546135 0)
(1.068843210455905 0.007276765362363562 0)
(1.073639131213449 0.00874848386390039 -2.828822179026127e-20)
(1.092344054643903 0.02278698111712311 1.099913214159794e-19)
(1.149552631818514 0.002719956099731837 2.156223962667773e-19)
(1.095598595156518 -0.002481263968009881 0)
(1.015768631068935 -0.009251354342846737 0)
(1.12881065306107 -0.09839810984063888 -1.662047014115092e-19)
(1.044068385995935 -0.0117737121411566 -8.079957137801793e-20)
(1.058438375193991 0.02668567558022111 -2.811445603970864e-20)
(1.229560287825389 -0.1115889112189064 -5.613258624103989e-20)
(1.06773459584049 0.01225892766108899 -4.201604924225951e-20)
(1.255381966963861 0.01686416989329182 0)
(0.9969947703827763 -0.01804605629121799 2.084650010833006e-21)
(1.04455254402882 -0.002456453460134594 0)
(1.087347403260519 -0.002375111120680232 0)
(0.9976008891950884 0.007286462888272867 -1.899637565252536e-20)
(1.252539798423628 0.03365127647953825 -2.344495535882923e-19)
(1.063820920436474 0.01842792847560288 6.061172591146871e-20)
(0.9885059038875682 0.009178395526953527 0)
(1.01686413840811 -0.01107604820342771 2.463073149822632e-20)
(1.106722173544403 -0.001216206179399877 -1.182621281121365e-19)
(1.06177511943203 0.03121143485281811 0)
(-0.06483856926138321 -0.02341504971826884 7.181992362924077e-20)
(1.153844670151209 -0.05175512738401247 -1.891462494555667e-19)
(1.002277182401346 -0.008546566364858741 -2.707295533961001e-20)
(1.18395596662398 0.06545712089606347 -1.213654588133429e-19)
(0.9978363012838917 -0.01062859450149879 3.008099853409874e-20)
(1.083822752558051 -0.005540958299545308 0)
(1.243023987387028 0.09439974777953998 0)
(0.6960183832740987 0.003184826600214917 -7.489442873938249e-20)
(0.9898059797449561 -0.01558883187534727 -3.133308599557755e-20)
(1.457795823932109 -0.01758803994450674 4.464703034262061e-19)
(1.060670887224485 0.007554554113268965 -6.732215547978986e-20)
(1.365007204778072 0.09713294391796501 2.901811127648429e-19)
(1.054786403020731 0.006754397155371962 -1.848241483768723e-22)
(1.081135409420223 -0.01413223782569461 -4.740575713837948e-22)
(1.163226586932764 -0.2350252482860694 0)
(1.022605592427155 -0.01446934833464306 0)
(1.017967380342618 0.0176468886857883 -3.09405190927515e-20)
(1.388572593073751 0.3500749364417901 4.188610301385493e-19)
(1.097066117766056 -0.04200875789100058 9.352541425574973e-20)
(1.046389265287559 0.2108100536611258 2.484470487307211e-19)
(1.124115987004645 -0.06333716235774563 1.161349178232834e-19)
(0.9221501839398027 0.00518341616172875 0)
(0.9755283234344051 0.01859220511766765 0)
(1.004040881961392 -0.04867056227923917 2.878197484746991e-21)
(1.010927314310853 -0.01330866234843602 7.458440457238669e-21)
(1.031057490777575 0.0257605936600595 1.386155573333997e-20)
(1.526825679944257 0.03648997556592532 3.259327258629111e-19)
(1.291277300629369 0.0712399116160384 5.530068460881232e-19)
(1.072690269937978 0.002882839153738953 -9.09889740095801e-20)
(1.198227250851261 -0.09849583332790765 0)
(1.033905397988672 0.001489176787916893 1.32619338792711e-19)
(1.163377875851686 0.02106831362041015 -3.187722192719244e-19)
(1.001495991121692 0.03242572172774247 0)
(0.9996298518024517 0.001986247663006206 0)
(1.044234437101578 -0.0003618153774975666 7.789838621547729e-20)
(1.21050149220304 0.1024613553782557 4.009637723234961e-19)
(1.011108127259549 0.006945838257068078 0)
(1.088416061192497 -0.0715491766254342 -1.06039953530009e-19)
(1.149315370831412 0.03574312788172549 0)
(1.209602338515382 0.09123664649252065 -1.894059081661404e-19)
(1.10810475229013 -0.0285870528162951 -7.656983235205508e-20)
(1.027972950472638 0.01158104416562976 0)
(1.085471026342459 -0.004675319693915666 0)
(1.020162633676998 0.02564580833170635 8.050909948461147e-20)
(1.074923812488957 0.05356824563532268 -9.16004352475886e-21)
(1.103656484052679 -0.004381117529667081 6.285592537904578e-20)
(1.105666222844783 -0.09679087109448085 1.54758447247728e-19)
(0.9593176221759269 -0.00332892897708286 0)
(1.066572185776609 0.03141983709724196 3.810398712285538e-20)
(1.167688345552903 -0.07603626166244495 2.31148847933919e-19)
(1.053834747301979 0.04495352844631978 -2.897191690794915e-20)
(1.02281618894941 0.06778835968152212 3.708388755372382e-20)
(1.090709866879037 0.02625315859711564 0)
(1.011957726478133 0.01571676822408826 0)
(1.028969090304369 0.009427969632417169 7.909097431968725e-20)
(0.9486694446518479 -0.03261688742107892 0)
(1.053349007740453 -0.005626849740106646 -7.746061620981149e-21)
(1.339385865501918 0.05895603742770936 -1.577949048958751e-19)
(1.079835558388261 -0.01334912826360588 2.582761756574042e-20)
(0.7441897897016938 -0.001791275844680608 0)
(0.5300239293007507 0.1527171743121346 -8.740433388073744e-20)
(0.7058239057801422 -0.00251997715798221 0)
(0.6991499284936131 0.01467696621746034 0)
(1.077811854649348 0.003464137339024481 -6.672979085419978e-22)
(0.990634310442172 0.01445354176980918 0)
(1.280547215437487 0.1229102642679937 2.503784376208908e-19)
(1.012270087833006 -0.02794815750916153 -7.704379222845411e-21)
(1.038789643059103 0.02022441622809746 1.357929816331005e-21)
(1.058374761657029 -0.01222103703871239 0)
(1.126380634166561 -0.009258978145407808 -5.010104257320054e-20)
(1.255941101881947 0.1282916344691795 -2.161874229242758e-19)
(1.088830634226391 -0.01105336261636155 -8.475519002921777e-20)
(1.07045501122766 0.02508882154353884 -1.090273414501365e-19)
(1.040971128791566 0.04674274667478061 7.063212357959882e-20)
(1.022290982901765 -0.003563662057069305 -3.444388621231666e-20)
(1.061428104839243 0.02361650175022475 5.966373657658818e-21)
(1.134183222319436 -0.004105654003823731 1.074610069488094e-20)
(1.041314502932981 -0.01295935564033447 -4.677938558075998e-22)
(1.087794851385617 0.0348396121842964 0)
(1.028706128242127 0.01327326837996907 0)
(0.7863679773404387 -0.06706729671734857 -1.848696287411446e-19)
(1.030229805552314 -0.002090916603555147 -6.782770876416795e-20)
(1.137448728781656 0.0005842113816463346 -1.316301837925418e-20)
(0.7035469944114063 0.00655343083243968 7.341534897732352e-20)
(1.176113710114765 0.01948511595161825 -1.930170935582244e-19)
(1.126510993707589 -0.00416354892183169 5.813003072042989e-21)
(1.129037554406699 -0.01009756358198039 3.436328970395257e-20)
(1.000939651202794 -0.002979665692088695 -7.258451944068431e-20)
(1.093864288512987 -0.06332968723915168 0)
(0.9857379948297489 -0.001216180414300001 0)
(1.058017992541575 0.007065639985609396 0)
(1.005967789831033 0.189302143329126 -2.428080848662132e-19)
(0.7795356208992497 0.0124169868430277 0)
(0.8569521415738003 0.1028467435645098 -8.3481812111655e-20)
(0.09751055044144188 0.03985867577588636 -3.06857685501901e-19)
(1.173433498310526 -0.03166571095260851 -2.245290319005502e-20)
(0.6712695530157265 -0.007358754424970045 2.438018108270636e-20)
(1.165421347219715 -0.1065844025980854 7.002357537906324e-20)
(1.127874650184822 -0.002863556976212437 -6.166696343392753e-21)
(1.155441728443581 -0.05042591229691053 2.181879571369151e-20)
(0.08448788731547321 -0.1943211683039612 0)
(0.268917752796949 0.07748779174838523 0)
(1.252442277394407 0.1084774400122208 1.888513978931084e-19)
(1.021625234099895 0.01987189393241052 0)
(0.7375799751661438 -0.006335081432500906 0)
(1.074977910343325 -0.01184771709971884 2.694373107926597e-20)
(0.9752572281250835 0.002827329765716893 0)
(1.285859457641024 0.1250567388623537 -1.48258489003186e-19)
(1.057433104166899 0.01119951724706958 0)
(0.9926606588724713 -0.008295867214597519 0)
(1.065287329263016 0.008019319009809751 0)
(1.006217535556188 0.02086194818200929 1.9202752796261e-20)
(0.9225850018021754 0.00488530084660083 1.183111182741505e-20)
(1.175610046368528 -0.1989216034577782 0)
(1.005022152120839 -0.005229852539901659 7.815692478920308e-20)
(1.059215744777248 0.006169443415763678 0)
(0.7745722651312587 -0.003350217901984821 0)
(1.215359000480065 0.0273436045274757 1.648995034444884e-20)
(0.7051181105217672 0.001324090585672376 0)
(1.432519631817197 0.08825112861766807 -5.257436628280781e-20)
(0.9934844541603806 -0.006366644244482197 1.666357423945148e-20)
(1.275818496719507 -0.002688133508699946 -2.951268303881777e-19)
(1.06002391947309 0.00876007397244042 1.369142647260407e-19)
(1.000897186122673 -0.01359800628444204 0)
(1.21650685977582 -0.1549998521481488 2.03283700827987e-19)
(0.7331749403966527 0.01379177223718927 0)
(1.098003391971764 -0.005115539688324428 0)
(1.152924122451116 0.06466635618292198 1.976270284759268e-20)
(1.006636649788033 -0.007336701411695767 -3.021118790637762e-20)
(1.12098024505417 0.0496609982989196 -1.735633287551113e-19)
(0.1496838813982139 -0.08597077781167894 0)
(1.073316756093056 0.03685322001491712 0)
(0.6615070400110155 -0.002902305007037689 -6.303548091241132e-22)
(1.01208001634897 -0.01967548818728602 9.450678253948226e-20)
(1.061827990124975 0.0006938923398880129 0)
(1.087217942013865 -0.1341361648048724 3.778277017993128e-19)
(1.002506562181153 -0.006185070209683599 -3.432739571153109e-21)
(1.001833761455821 -0.004491525000811744 1.221117815289069e-21)
(1.094002770346662 -0.009238757098297593 0)
(1.020768561399585 0.02024146367400313 -6.396872357004771e-20)
(1.106801907712839 -0.001680936354232579 6.546728143576758e-22)
(1.073747458803446 -0.01086986307215341 6.537166106289782e-20)
(1.085736818443835 0.02235046112064844 0)
(1.326667071775715 0.1633330150465346 0)
(1.002054261707412 0.0003466455938355463 4.413274990066104e-20)
(1.323829712446462 -0.1292062599399316 1.56073313626348e-19)
(0.03145944554717615 -0.1493296978141977 -2.475638290414909e-19)
(1.071283381612607 -0.005556467555568846 0)
(1.116583055176987 0.001799627441606023 1.224972156568054e-20)
(0.7269704063770891 0.01787128693871887 0)
(1.061291444875426 0.002970363072810626 0)
(0.8675853999984168 0.1654622972733807 4.739370771455846e-19)
(1.273032726681129 0.1204214509767025 1.82110715356171e-19)
(0.6541536784246592 -0.003116525229405266 -6.328795110643755e-20)
(1.042247104914599 -0.004212377506728332 -3.63035448169421e-21)
(1.054950455060868 -0.0002680066140629239 6.587760207229069e-20)
(1.359452136903692 0.1230670020222699 6.721959623111965e-19)
(1.337122760916514 0.2529908296258815 0)
(1.0580815578556 0.004345135646178061 0)
(0.9953268023679118 -0.006661412118553077 1.466140291348228e-20)
(0.9947728987331206 -0.009590931717892819 2.308768393754366e-21)
(1.385107141498522 0.200376320141921 4.277289480178228e-19)
(0.6816754861271966 0.0006523335777916331 9.843511070799488e-20)
(1.005648089243652 -0.002032342217146785 -5.966094305472358e-20)
(1.097980495892084 0.01305305676893732 2.541238781633998e-20)
(0.669466599988863 0.005004935702179303 0)
(1.066083207295973 -0.01202876907134197 0)
(0.9882176407676652 0.12682010879416 -1.235067283334156e-19)
(1.082235755124707 0.001316250546872957 -2.474280953750797e-20)
(0.9819897445098644 -2.991755040289355e-05 3.287076422751818e-20)
(0.9912104783027595 0.006007029258832288 0)
(0.6382617017945894 -0.00115632036731075 0)
(0.9768855458802608 -0.001277715535736014 0)
(0.6419952957317629 -0.001480567620966495 2.722909314395536e-21)
(1.088142766827157 -0.05769404671757177 1.206427159495132e-19)
(1.111007640402294 -0.001725464457451294 1.23209626277918e-21)
(0.9580661254813874 -0.0009170823176349893 3.910151488768775e-20)
(1.015872603623154 0.01075083076974217 1.667555863222838e-20)
(1.064027987143079 0.008167561055791193 -2.16934517068795e-21)
(0.6347956838030373 0.008846593300905379 -3.643652747547708e-20)
(1.001842354480182 0.01221841227748089 -7.926231523210391e-22)
(1.035645492368976 0.01268115176132549 4.986269514694833e-21)
(0.9880055988952685 -0.007360848015280005 0)
(0.6100844704122709 -0.0004777881458145573 0)
(1.068778300706251 0.02275555398697632 0)
(1.01595832147333 -0.01561706150852257 1.059089052617315e-20)
(1.021793472998455 -0.002410992036417362 0)
(0.9921778640912733 0.01514097023414306 -9.30391199637616e-21)
(1.0121469438249 0.006345025582079766 0)
(1.12887636841838 -0.005900056492512432 -1.25375857464433e-20)
(0.03461292902422424 -0.1379797267043578 -4.574402734906528e-20)
(1.036128224635199 -0.01557034915069524 -7.645170308745122e-22)
(1.045562985111914 0.008317588583882743 0)
(1.087022872866538 0.06523329062117718 8.392463770580263e-20)
(0.9697750263866944 -0.001136612113580428 3.118617164129288e-20)
(1.020590297625087 0.01717137942336017 -2.332509466553436e-20)
(1.005216891983915 0.001748333288202267 2.457251234708425e-20)
(1.040809345305256 -0.004740525003352985 0)
(0.6409760599037234 -0.004015851766751283 0)
(1.025952867519711 0.0244887682143289 -7.527335706329524e-20)
(1.079087948777002 0.004901005305286963 4.866947617662728e-20)
(1.013739536907948 0.002537646343838331 0)
(0.9812422822901825 -0.002422678058181762 -1.911174823310796e-21)
(0.8723286186871702 0.02439343302290802 -1.441648148519319e-20)
(1.013965388649495 0.003045818325848968 -1.011105945622649e-20)
(1.027392545417388 -0.0003686075773319422 1.770398729323619e-20)
(0.9782649518347186 -0.0004382815462350138 0)
(1.004602259555683 0.008503908646038519 3.409188522702576e-20)
(1.106326930858288 -0.00513397815038654 0)
(0.9291325344114798 0.001337851228140808 -3.450324790528072e-20)
(0.9595352447122819 0.008616021880697376 0)
(0.9108377947725566 0.2091276343794881 5.146658605501018e-20)
(1.01102446682457 0.06729591253124148 0)
(0.9918213909102005 0.003655464390470771 -2.312640476661939e-20)
(1.053001667690801 -0.05204562149607424 -2.754436408288047e-20)
(0.9916869780108613 -0.001373039271272063 3.40505897343919e-20)
(1.010504812349653 0.001912258293936078 0)
(0.9794501178350228 -0.0008719260852926738 -3.176829990646905e-20)
(1.172512643799552 0.09533246330753799 -3.309317292147309e-19)
(1.068207254163141 -0.2634625424717403 0)
(0.9944790875828349 0.002089951413138228 -2.1966658360377e-20)
(0.9821700622531014 0.00960602068129647 4.941357899596478e-21)
(0.9592371452702063 0.00150080655448587 1.061360006117273e-21)
(0.74600814950621 -0.001097924414385664 0)
(1.113599711894259 -0.0771810375204087 0)
(1.008197622713007 0.00151549942373741 -2.138801199646149e-20)
(0.897580432196819 -0.002301073929121905 -1.046206522827478e-20)
(0.8515674693826792 0.01661591735319293 5.753652263987926e-21)
(1.010502321580721 0.005619192730416043 0)
(0.9517393521089975 0.003257276912614663 1.587510553944128e-20)
(1.005815975028928 -0.00023065738288377 -2.291666771352221e-20)
(1.022373151279752 0.002457449908448278 -2.542251382476465e-20)
(1.111275703730858 -0.005490212172084991 -4.905419947638152e-21)
(1.115124306473119 -0.002853212183272921 0)
(1.012156493780999 0.001124691851212736 0)
(1.02466721341205 0.00166101635739971 0)
(0.9502148412972053 0.008362557968137164 -2.180828772456194e-20)
(1.017884471710514 0.0132248110902257 5.433955540393086e-20)
(1.080114970904314 0.007657266753570915 -2.245141104664889e-20)
(1.037190443511967 0.006021289840195864 0)
(1.106557393547002 -0.006540609169610889 1.811928007629234e-21)
(0.9963025727853366 0.001743908117105271 -2.208254935273662e-20)
(0.9829398849746971 0.004855016806502597 0)
(1.011685575709671 0.002111864451765106 4.682653529068534e-20)
(1.363998092650387 -0.3137195048556747 -1.126934264844861e-18)
(1.122040899179922 -0.04563828729888123 -1.093662498098282e-19)
(0.9736478345820774 0.008095511337847963 4.890971575815487e-20)
(0.7834140301113087 0.02457893585083925 -3.363406630507132e-20)
(1.22035469514111 0.05061325568515624 0)
(1.217586036426411 -0.1380444996817874 -1.469295559569849e-19)
(1.08117020822419 0.005546565611344301 0)
(1.009482722152599 0.001607030145489093 2.2205428925646e-20)
(-0.1691025687251967 -0.07527068254152024 0)
(0.9939709188720702 -0.004665823115231376 0)
(1.012392417934572 -0.02312907675746597 4.28375230501378e-20)
(0.7061048428914211 -0.01941954252339402 0)
(1.096802367617191 -0.01501700171504753 2.256351764514665e-21)
(1.041784308276482 -0.003887336186319511 1.522339229266344e-20)
(0.633109923750275 0.004180482744527097 0)
(1.446119203692317 -0.1225811901676422 0)
(0.9867056863910436 0.001890292353015749 -1.082780656868071e-20)
(1.069659861763 -0.0149417180056451 0)
(1.038108117790884 0.0005273015807529628 2.141332115695389e-20)
(1.087201132942058 -0.0006750981142333186 0)
(1.008666238730414 0.0008591148551889832 -1.154758763580985e-21)
(1.006203549011221 0.003070122823870082 0)
(1.014091951395488 -0.01177963878644879 3.105295101826747e-22)
(1.003153528227588 -0.02025652433993707 0)
(1.03352502511448 0.00382874917533715 1.82565422748926e-20)
(-0.2112354166439624 0.05017832748366283 2.706807991030124e-19)
(0.8222817219307983 0.03882818626084517 5.569364457658123e-20)
(1.005449941109555 0.002293136848600624 0)
(1.128432323967337 0.02496149772394616 -1.297367818116366e-20)
(1.115139147383934 0.01738719399343017 9.266723758082112e-21)
(1.053895327903984 -0.01310628579808295 -1.292290162623173e-19)
(0.998781127659175 0.01037136784077345 6.585911681860263e-22)
(1.081991006455156 0.002987363269546333 0)
(1.185501642767032 0.05081901809092006 0)
(0.8352215058555296 -0.07438169313573792 4.599398138711502e-19)
(1.101005029560308 -0.01488440885181503 0)
(1.032462281525139 0.007834574250856968 -7.516278075785617e-21)
(1.042771180577509 0.00529836370756267 6.004272315432137e-21)
(1.051001848779338 -0.06109373562860124 -7.489331702212827e-21)
(1.140267040455188 -0.002032238845295251 1.685907599573396e-19)
(1.078166402564952 -0.003511025188637067 0)
(0.9952252000951207 0.001477468425545383 0)
(0.9970295166332144 -0.02385571367116818 -2.269443574379231e-21)
(0.9915557316680073 0.002684144024175511 0)
(1.028977087499394 -0.03792735305425083 6.40052363032732e-20)
(1.294682351510069 -0.09586374393563152 0)
(1.047358261190175 -0.01516836608839842 -6.515610107297976e-22)
(0.9861611063963543 0.01684164628002572 -8.694700429982628e-20)
(1.035485596830115 0.0414900087348006 -2.39093758437945e-21)
(-0.09259048587072416 0.1760535921503034 -1.651034118119919e-19)
(-0.06266628725812842 -0.2859245848879928 -1.394357030903409e-19)
(0.8594035372492395 0.1195933564814515 0)
(0.2884200542388165 -0.003364231798791936 -3.021395889493368e-19)
(1.013424230538544 -0.01863392900419838 -1.439688881029162e-20)
(1.063971919800428 0.002617418073853106 -2.103388683181597e-20)
(0.9933757937810962 -0.01952861693974978 2.885238762967723e-20)
(1.023623803572647 -0.02668321179950299 2.506589843987212e-21)
(1.00828136750166 -0.0312217123107451 -6.580533594199995e-20)
(0.9886900680530758 0.00488740476703073 -3.476530864770733e-20)
(0.9935364989692095 0.004253038701771993 0)
(1.024800487344273 -0.001804738022798132 -3.589341698835024e-21)
(1.933481622414834 -0.155352076988328 1.072615103928216e-18)
(1.052448393137933 -0.01666201357154291 0)
(0.9958812913621259 0.007325025055365746 1.527919055647591e-20)
(1.002868462827087 -0.0002205465255775934 4.072481192352656e-20)
(1.175380591244374 0.1356560199597641 0)
(1.004096808258764 -0.01247493868607764 -6.770415507989367e-22)
(0.9508058653443666 -0.002284353384044821 0)
(1.037847235856168 0.04173149283276851 0)
(1.294830451334545 0.1599060578915131 2.215409687465511e-19)
(1.082824225233127 -0.01119935923254979 2.264799437017701e-20)
(1.018238352456869 0.03219828650771644 4.674234427898489e-20)
(1.081905536971368 -0.00842484590064725 -2.184683360484742e-20)
(1.052957787035485 -0.01057077666593751 1.081405292853091e-21)
(-0.3841833997013049 -0.03657823158911944 0)
(0.998042122776561 0.01377175147144633 0)
(0.1165025691793189 0.05954566803152909 -8.659261952868605e-20)
(1.005978280789061 0.02282973139060019 -4.125478308232405e-20)
(0.9954956966207074 -0.003906918704953738 0)
(1.000293004988582 0.00580758065729907 -5.04671469421897e-21)
(1.081535940527138 -0.04209905492350793 0)
(0.9958740402482035 -0.01814410779244219 -7.756281289814225e-21)
(1.089839891940564 -0.04922679182780752 0)
(1.441009536940139 0.1765770755160727 0)
(1.054131199339916 -0.01173975123334003 0)
(0.9913250568411328 -0.02255278298957336 -3.879157850126117e-20)
(0.9815113925375613 -0.03267085651087939 -2.25837602733548e-21)
(1.019748802529808 -0.01761054342930391 -1.801994564316599e-20)
(0.9975241619314841 0.01717797854018148 -5.591104079356979e-20)
(0.9950814745566763 0.009855119441138694 -1.48906052668281e-20)
(0.9938598790076537 -0.02642035692269562 0)
(1.002705477575498 0.02573261070193014 1.949198682837414e-20)
(1.039188643399771 -0.03597917377479276 0)
(1.110534721273778 -0.03603001965734111 2.591946384116357e-19)
(0.9952893992159899 0.01730706347960547 4.62696234427265e-20)
(0.6151172290125795 -0.008670531327990238 0)
(1.14278414586871 0.1339816732221851 -3.956504446350412e-21)
(0.8434873349486358 -0.102671750675073 0)
(1.138987987186524 0.07299322812223746 -2.723003279030933e-19)
(1.314165365518525 -0.3875951919524392 1.288290859811484e-19)
(1.076435121079763 0.06270992601696512 -1.337285609860478e-20)
(1.009543011034685 -0.02988979794802556 0)
(0.9550984298177668 -0.2143674043996651 0)
(0.5120448007279371 0.1486447010925211 0)
(1.012074107145024 0.01173646467879733 1.11440012611377e-21)
(0.7021483786328427 -0.01890819794123723 0)
(0.9981876638383321 0.01801232231189662 3.55155176529032e-20)
(1.021086585217238 -0.001884155774095279 -2.724979601660392e-20)
(1.079178825997026 -0.008052046284701426 2.76588942568749e-21)
(1.04049505668092 -0.006124295684683734 3.208893573760814e-20)
(1.042709456985118 0.01087960204871597 0)
(1.056646891625742 0.02964435700236509 -1.016164171042792e-20)
(1.0512615761603 0.03440975911808808 -1.810266626907355e-20)
(0.9827350388379436 -0.02175124657649881 0)
(0.6249326425288412 0.005137415017033318 9.184340472882613e-20)
(0.8941747149235464 -0.005887340503257805 -8.859377737954595e-20)
(0.9093583556310755 0.005313117757846534 1.441988383436229e-20)
(0.6295796000504355 -0.006383060686854207 1.406784563253651e-20)
(0.9783336405946769 0.0002703434293434789 2.6288213664353e-20)
(1.004449957216359 -0.01760176583388599 -3.484011309991229e-20)
(0.9660821170690321 -0.01249995497511876 -3.450592953364552e-20)
(1.085516816333277 0.001457813081451664 0)
(1.01902986072227 0.004450641997373624 1.076645809679039e-20)
(1.13317009469901 0.04850977667390543 1.315814036089457e-19)
(1.034287125703836 0.04179575572326123 0)
(1.022110097794267 0.002604329839346295 0)
(1.581959513068962 -0.1667525875952519 4.393762672137242e-19)
(1.039270882452157 -0.02963362904728897 0)
(1.020617906541798 0.006713969191611061 -3.705064552953776e-20)
(1.088900488648945 -0.004536424651718975 0)
(0.4812994892783698 -0.02891080523564642 0)
(-0.04076647877027156 0.01074164668614091 0)
(0.989949815488772 -0.0238938587775399 1.222561026293316e-20)
(1.299821637794608 -0.09540109176123485 3.727527097099286e-19)
(1.034925987720679 0.03918380445739324 0)
(1.022515857466792 0.00331376466726559 -2.238346075187821e-20)
(0.9532303404752351 -0.1652672836844738 1.14068413164637e-21)
(1.252300767530669 0.07586320203348862 0)
(0.5987658461379538 0.7320942879834051 0)
(1.308183052839559 0.1494439926193726 1.101826634093549e-19)
(1.675223262635102 -0.02489354129152821 0)
(1.066759973900321 0.1153919924671988 0)
(0.7231788059308321 -0.00632300313652186 2.645342631577854e-21)
(1.052429355905619 0.0482257775537557 0)
(0.7152245854656529 0.1000657054472993 1.206211150591517e-19)
(0.9967996060381461 -0.016392137398765 3.576393015992051e-19)
(1.033423799317652 -0.03985463185290552 2.664226317793004e-20)
(-0.3734380480639667 -0.01939734523850282 0)
(1.071560361685123 -0.01626762479785114 0)
(1.096168527629306 -0.01447517234098485 0)
(0.6475082029560054 -0.5009801810958127 -2.494568299910889e-19)
(0.9923163541180758 -0.0007585867277610605 0)
(1.091767406565106 -0.02185904378147575 4.865894891491656e-22)
(1.188819818162485 0.1213404334622586 -2.00919868783181e-19)
(1.089911650162928 -0.03867438415462358 0)
(1.004998631449802 -0.02120036003806436 0)
(0.8149486671890018 -0.1904629431767077 -1.738568739959601e-19)
(0.9004456774047787 -0.1367970293213197 1.539469571136595e-19)
(1.028368881397427 0.01046898572363184 -2.206494708661566e-20)
(1.023118647695254 -0.009239480838222073 -4.487576659411831e-20)
(0.8695775729112681 0.005101844558118981 -3.687914178997984e-22)
(1.503505590868327 -0.193136431749495 0)
(1.301053019850822 0.1175361071949559 3.183110003171668e-20)
(1.245078894573759 -0.07783260441945102 -3.006696760361637e-21)
(1.09587935368667 -0.01864964793760757 -3.859515646393922e-20)
(1.044012994659043 -0.01446526630652503 2.581597183509582e-20)
(1.092810309207603 -0.03916919788088005 9.226631055212443e-20)
(1.03251056238222 0.01960758614503419 0)
(1.045604933668792 -0.03251891615452763 0)
(1.115872790836192 -0.009033193117091113 0)
(1.089738596355665 -0.02551239309408854 0)
(0.997894690602482 0.01093086761703733 0)
(1.150696051859125 0.07519173762401415 9.408007095685057e-20)
(1.34420746642447 -0.1527640305607908 0)
(1.040558927345911 -0.02106235862859977 -1.88677552467168e-22)
(1.053719498215886 0.05284177074769879 0)
(1.009965625693434 0.01459817322580222 -3.939212949534564e-20)
(1.033666747546954 -0.008148129334894144 9.153077253549709e-21)
(1.088981583292303 0.01332689583548345 -3.232539714474518e-20)
(1.084772496016839 -0.02970599781456729 0)
(1.076503994612851 -0.004150951051190084 0)
(1.105263478555459 0.09414272826452745 -1.418601273961899e-18)
(0.9351043592099417 -0.1486679896182705 -7.085166127710155e-20)
(1.174772818108181 0.1047063046266114 1.102019280362809e-19)
(-0.4732662808677474 0.003769904049515467 -2.925354502918449e-19)
(1.019548654575658 0.02900522844830651 -8.785217385746306e-20)
(1.005243843831338 -0.005237994501773831 0)
(-0.2878539715337923 0.03921980749577134 3.557612330461641e-19)
(-0.05409873870961546 0.3302403159961926 7.310075758419614e-21)
(0.9952271562374547 -0.006318611318853285 9.501821830786712e-20)
(0.1898036332166314 -0.03934607148256221 1.422457737494514e-19)
(1.097487156320205 0.0844718121725125 1.520353109139676e-20)
(0.09380252528908581 -0.1075817153546699 -5.430806717317547e-20)
(1.107855992158967 0.003115769767854473 0)
(1.099872557027019 0.2563347738796077 0)
(1.021759880697994 0.021982340417349 -1.72072350032644e-20)
(1.073667490960122 0.05898382766590132 0)
(1.025163913738293 0.02714587772333672 -9.531932272349281e-21)
(1.261399820863705 -0.5479222902283692 8.021556817071111e-19)
(-0.08898285645836002 -0.1998431533969223 2.173060678037268e-19)
(1.295239981770105 0.1156613113033827 -6.260933772589732e-19)
(1.123984100166671 -0.001004951704722977 0)
(1.133677054194139 0.09744909305608145 0)
(0.526297606105422 0.08183494461862247 2.536993781047732e-19)
(1.023113090024573 -0.02112622764122216 9.377261028164892e-20)
(1.005423585143082 -0.02388738957556713 0)
(1.212562401773501 0.2715785962682769 -9.654902412329497e-20)
(1.253426421630566 0.1365752459031626 -1.574950640030487e-19)
(1.02657896219447 0.002740993266487589 1.547559290709871e-20)
(1.298543335852368 -0.08455980521197115 -5.000091385966384e-19)
(0.2989887370643454 -0.01657182323181788 2.645705482868698e-19)
(0.8298040152716255 -0.147015147018851 6.724667730386387e-19)
(1.058271519767831 0.06588720881856892 1.056804914897711e-19)
(1.041311728145484 -0.008180924474107771 1.472081370995636e-21)
(1.001246544498573 0.02012028884260456 2.959203207266056e-20)
(1.066492465077008 -0.03685524426948444 0)
(1.034597496431414 -0.03845952770303794 -1.507821844210078e-19)
(1.01915809087967 0.03502593632295872 -4.765585699493805e-20)
(-0.05310323101416224 0.06671533600097607 -5.005315326807816e-19)
(1.010831679405875 -0.05804613277548667 0)
(0.9011925320290094 0.01569826812873825 0)
(1.09027258302449 -0.003086563380114825 0)
(1.366806673265631 0.2603722447198953 3.801159185010938e-19)
(1.697642586247811 0.1047003687745373 1.336470326299907e-18)
(1.401778108769419 0.1532962541309567 0)
(1.030897278884849 0.02664804031522274 1.199518063686807e-20)
(0.3531540744238788 0.03616252536049972 3.541179321449013e-19)
(1.121952509352778 0.004031092945401596 0)
(1.096116976203539 -0.01245584330409835 3.147012508993908e-21)
(1.092771424449454 -0.02012321611079509 1.959505453859127e-22)
(1.139613899503081 0.0941974862583493 0)
(1.298666383098257 0.05639726692053745 0)
(1.039989758215665 0.0007390502090611128 1.148337268032061e-20)
(-0.1478025115350865 -0.1139782897975113 -4.152202438500633e-19)
(1.334993904349522 -0.1520252248644454 -2.18255224896734e-19)
(1.067840274120793 -0.007426044875357821 0)
(1.014031174567672 0.01506124909593118 3.106371917333591e-20)
(1.143891680711538 -0.1039190809069692 0)
(1.015980385643447 -0.01811297131806322 -1.120472343388029e-19)
(1.030743759121814 0.007817425118679682 0)
(1.511165170809193 0.08919583853666221 -2.856202445193869e-19)
(-0.03900371646206974 0.08389346126807827 7.689924317302202e-19)
(1.096979913153114 0.04925392414502034 2.125642163543567e-20)
(1.09284986672185 0.07892377427107805 2.077881041061832e-19)
(1.009586513453108 0.008463522312404251 -6.232984363969747e-21)
(0.009048017522171123 -0.1113756808997857 -5.336315020682425e-20)
(0.02846904233233942 0.1217031535720107 3.460805492278435e-19)
(1.229547823488021 0.1274580350322152 -1.499028418522226e-19)
(1.113388096585219 0.0877265770839777 0)
(1.088074681067371 0.02512927380464325 1.732382142180591e-19)
(1.007115031235664 0.02201752017765716 1.69284817369648e-19)
(1.029508501777976 0.001134169071089332 -3.695453573245833e-20)
(1.207575618230537 0.12969490752138 2.415009914064759e-19)
(1.400582382465082 -0.1297654140385938 -2.046090193885923e-19)
(1.066060698465501 0.05011412749432579 -7.124616939680543e-20)
(0.9935332371012316 0.006489659976569964 0)
(1.091920130082229 0.07230649283172301 0)
(0.979398369485134 0.00740325271530163 0)
(0.9971027611584304 0.006088780656286436 2.366136006813175e-20)
(0.4894103145838598 -0.06941179430394066 0)
(0.9893693310897254 0.005325718358037619 -4.434202145759434e-22)
(1.28672706828732 0.07867658733305245 0)
(1.010179921267121 0.006387690782811317 2.149900019410447e-20)
(0.827455745243405 -0.1276800041902242 5.130001663189813e-20)
(1.102629942228936 -0.01231765766617967 -8.53007906658791e-21)
(0.9397291712604257 0.01666219029908807 -1.765276499782644e-20)
(1.44111428726749 -0.2820242828034602 -5.250208752676244e-19)
(1.134293629449649 -0.09096534957257062 4.686762692716031e-19)
(1.088880357666295 -0.02511924414536565 0)
(1.931066371908294 -0.469989149285062 0)
(1.622396796417979 0.1905016296169658 0)
(0.9884382048632107 0.00529069207694702 -8.984335216099995e-21)
(0.8605075042547912 0.7756108047565591 2.412205188382684e-19)
(-0.02466235751087104 0.2224320942747701 5.194356314205062e-19)
(1.042646486620978 0.00658611742242793 0)
(-0.2025520995762506 -0.1004148415683611 2.222195310467854e-19)
(0.9829709714974004 -0.00215322794721286 4.043263804062777e-20)
(1.181676464813942 0.1620225528841256 -1.61910541366789e-20)
(1.044436875283041 -0.02226676942117376 5.608020333426697e-20)
(1.064913174266236 -0.1469201106892729 1.459022842744064e-19)
(1.129373674828946 -0.001209738667422152 4.498026289093959e-21)
(1.112286020675401 -0.01238891272025522 0)
(1.311639322910967 0.5311131750503328 -6.032919304390239e-19)
(1.02870196553537 -0.001762814320701103 -2.206145019543009e-20)
(-0.3126181302284529 -0.03665700200422885 -1.927526894102659e-19)
(0.679628806429134 0.01846886582154793 0)
(1.085762490256259 -0.6968676791923918 -4.817210594051308e-20)
(1.314373766354484 0.08585909001143524 -1.103221487121999e-18)
(1.114106567884786 -0.1079954128220504 0)
(1.08840426539718 0.2801252880767486 0)
(0.9724844939931098 0.003403569656428252 -6.159079166310798e-19)
(1.063020393963222 0.005560710602082301 -4.019328608456863e-21)
(0.9247023869329893 -0.01210384013900828 0)
(1.090551809250522 0.0309000625521843 -1.750160622937775e-20)
(1.368492613002734 0.2176439770507573 -1.901591710314079e-19)
(0.7325082216463078 0.0994261354315656 -1.052221387523064e-18)
(1.078527998009133 -0.0006586885749036381 0)
(1.265958388590145 -0.05937589939963536 6.989112836553921e-20)
(1.005286607538335 0.0006527591537397147 0)
(0.8476386390104482 -0.7734498182911363 -1.67239852539108e-22)
(1.08153450235998 -0.05202799691436468 -1.104336042363754e-19)
(0.8769244870855393 0.326681826679068 2.929100552237388e-19)
(0.8278245890120566 -0.1952312949747523 0)
(1.030156354533776 -0.03609780082740884 0)
(1.053995623152203 -0.02934527609375219 0)
(1.003557218434195 7.370673676493533e-05 0)
(0.9812437882866533 0.006255945783917149 0)
(1.344192372955585 -0.235286698129359 0)
(-0.1043229347823588 0.1516860450943579 2.406026530295602e-19)
(-0.07440928996507545 0.058712395012691 -4.815030671631325e-20)
(0.2607668587239337 -0.1214925994822535 -4.344722828406337e-19)
(1.517740747453086 -0.4375406903063178 0)
(1.033980906683551 -0.01676678436359418 0)
(1.769284854468979 -0.7570761120664473 -2.345180551524053e-19)
(1.132504851911002 0.008683228944551692 8.293226105411371e-21)
(1.327565658633593 -0.09014727806224837 2.792077471138523e-19)
(1.10947257012343 0.710285905789757 1.49571432502269e-20)
(0.3395631085291386 0.596133295072071 -2.172253846885838e-19)
(0.6768178583984428 0.4613203355525843 -4.763287447876864e-19)
(1.06346478112909 -0.1585383098324952 -2.280952944915338e-20)
(1.224559359834324 -0.3588881345325352 0)
(-0.09617410576703406 0.2168488758783764 -7.15592903623013e-19)
(1.0469927184326 0.02250393412431241 0)
(1.116983015241121 0.04423012053450331 -1.479020825945696e-19)
(0.816234944889659 0.8998869257651746 0)
(1.073895496457404 0.04462682404245265 6.30388895915481e-21)
(0.2809252897978062 -0.05240533187605435 0)
(1.11858229723267 0.04024157349918038 2.2387635137821e-20)
(1.372216650424718 0.3250252448242053 -5.560403462161345e-19)
(1.074895574647112 -0.01292086899516837 -1.638242154737131e-19)
(1.472361990108323 0.1601767211871847 -2.526046159429442e-19)
(1.333230362230705 0.4197835074895189 0)
(1.172032012919 -0.2655720132950264 0)
(1.30901868150391 -0.135438182453874 -1.213611430762967e-19)
(1.066802931796196 0.01622459658611677 -3.308590258753165e-20)
(1.060705513920245 -0.01197341834490769 0)
(0.7453505039534583 0.1491594905042974 -1.228291668734312e-19)
(0.7728352316887612 -0.5743387637043018 -5.767137877208976e-20)
(0.6668002374326069 0.2058881398065984 9.586505500235763e-19)
(0.9746252611559991 0.1246111781879757 3.402303859221233e-19)
(-0.002245468881963088 0.09801471018469914 0)
(0.56948548631796 0.03281728141587643 -6.63419131795641e-19)
(1.057986510467995 -0.04059128072919476 -1.873655856067649e-21)
(0.6913479298230628 -0.1103625353411875 -2.711803754359379e-19)
(-0.006338909936794003 0.2565613352185852 -2.873676621433748e-19)
(1.182987587978708 -0.07904285639410573 0)
(0.4091726255960705 0.02048773359399275 0)
(0.1611157353467396 0.3754632044422436 0)
(1.442452790161512 -0.2597760510835288 0)
(0.2334526858982048 -0.3551078112818248 -6.437821273348774e-19)
(1.594588360262705 0.04032154670717318 -3.910416764480264e-19)
(1.025046732815874 -0.2008869615848537 0)
(0.6774610750751594 0.03163703387198762 2.556447518189502e-19)
(1.02472488070437 -0.01136354066811766 3.47937340421655e-20)
(1.13890480567554 0.2367043129220444 0)
(1.733096695037846 -0.1108603079833247 0)
(0.5797591093490192 -0.7346533008842109 -6.739961893497625e-20)
(1.27515228002072 -0.1092149147610965 -1.002141081185957e-19)
(1.409931108608524 -0.08395543822785731 -4.268959125501853e-19)
(1.486179304274313 -0.06436745522376348 3.629539468661841e-19)
(0.09692597184186487 0.1036418451953538 0)
(-0.1624776859982344 0.1096529596735401 2.718689143619302e-19)
(1.03832138440856 -0.0633524210410952 -4.322368309038987e-21)
(1.119703992708545 -0.1398845560870958 0)
(0.6399796075175266 -0.3538427259725676 5.222553899883744e-19)
(1.048951526514546 -0.06320625219618592 1.451144971304554e-20)
(0.8656005647950573 -0.1465022590328854 0)
(1.321067914393734 -0.1323844833911021 -9.853754914680852e-21)
(1.120649111646451 0.07733869351222414 -4.387352779402684e-20)
(1.091005907548809 -0.005077744851916568 0)
(1.129170876738108 0.571829022825448 -1.115630922841314e-19)
(0.3412893968507736 -0.5965651401572968 0)
(1.0609443820538 -0.00355862227124366 2.850431149443215e-20)
(1.097439630199633 -0.005936030149708683 2.62963164692066e-19)
(0.08480225013326134 0.1862722166836916 -1.607344888689382e-19)
(1.182970765101617 1.004475286872243 -2.249093315300432e-19)
(1.367263410651032 -0.1370372518184618 -8.877445449526132e-20)
(0.9020475041779011 0.1023667555933291 4.82380525782319e-20)
(0.9975700068569393 0.004021508891137331 1.083312755353544e-20)
(1.066303776722357 -0.1575945399811362 1.817899206919032e-20)
(1.505743638102467 -0.9467646287628402 -5.220625049855866e-19)
(1.535377013067783 0.9523690115281136 2.371090320265811e-20)
(1.430159027745603 0.2273078197820318 3.470217934122429e-19)
(1.028312085250199 -0.007796355040561688 2.042104927818362e-19)
(1.035371515403049 -0.03314043709954379 1.649826832706325e-19)
(0.9925579866612205 0.02287610802088845 -1.956417701696786e-20)
(1.057948728417127 0.03841378325241047 -1.442000396288033e-19)
(1.078763170343971 -0.06527931055358775 2.954464129388036e-20)
(1.438308436052795 -0.1335207393288012 3.356244531196211e-19)
(1.822458428590392 0.7500361129054781 1.876495803240601e-19)
(1.035363967859285 0.03461298514722867 1.10546727364118e-20)
(1.072119954416897 0.01364246253606287 -1.047599124019598e-19)
(1.989741862988345 0.4789418347330267 5.360401817031792e-19)
(1.931585728731666 0.1610037032753482 9.32173239801672e-19)
(1.083019888636585 0.640522056647703 -9.790038923874757e-20)
(1.110196029202746 0.1721734124886276 0)
(1.044124429798257 0.02300918372780751 0)
(0.5112098200310916 0.4416322860330144 1.160611143248316e-18)
(1.37423038968743 -0.2976746436002762 1.88159849727143e-19)
(1.190142655493768 -0.1598217831399968 0)
(1.635767210086987 0.2365693275008219 -6.185148950706763e-20)
(0.8036897107476261 -0.1472857371820679 -1.197510876116335e-19)
(1.325726136300044 -0.2084222539968629 -9.071568108787435e-20)
(1.251416869038925 0.3909388974061543 1.437203371161903e-19)
(0.4927195702487531 0.198515698581318 -5.597366024357867e-19)
(1.69083883154347 -0.01965439018872045 3.285425007557237e-20)
(0.8548754060130868 -0.5428647512570323 2.269577160472141e-19)
(0.9996961587573918 0.02407072892641825 0)
(1.621187770988834 -0.1856791983878208 -3.083273537362592e-19)
(1.090577265023128 0.1008059450000822 0)
(1.34126482500342 0.5825061864625313 0)
(0.9413953329471669 -0.4121683366388226 -2.828803840593694e-20)
(1.249683629250232 -0.02652911905620397 0)
(1.038218443012453 -0.004108996963174951 -1.2346630851183e-19)
(0.732627914565298 0.1167372541814487 3.153177219517243e-19)
(1.321976860011225 -0.5801034342635546 -5.576194637948363e-19)
(1.050256356661626 -0.6312727366093843 1.014923079587264e-20)
(0.350579174477992 -0.3740500114699981 -8.657876711124415e-20)
(1.006974657066689 -0.09544409566424872 0)
(0.4459488501420088 0.3053290938407677 1.679623088300673e-18)
(0.2715323701802203 0.04382813154159327 0)
(1.31543442031864 -0.1338704609163685 8.035089655594986e-20)
(1.575509155694194 0.1921899291427804 0)
(1.168139939136706 0.4484042782663973 1.339315929642108e-19)
(1.053667619717312 0.1535024000885955 -6.609430297841113e-20)
(1.031737774484359 0.004319117577832645 -1.982859700433413e-19)
(0.9579073586562675 0.4110928741096025 0)
(1.160384858635501 -1.008069782208532 5.77889094989191e-20)
(0.8911999807810637 0.01043354405621708 0)
(1.070214261131614 0.3805030486511147 0)
(1.05904344161518 0.03720081183038271 -5.074991258587394e-21)
(1.471110345710816 -0.2984630903212014 0)
(1.242657862971818 -0.1842743753107473 -2.970112621565943e-19)
(0.03977528967005802 -0.001003356387066806 -1.738908463461976e-19)
(0.24032267069163 0.02285559807656349 8.859703695142316e-19)
(0.9808854254398056 -0.09830911362176241 0)
(0.4731411163973939 0.6514111795206927 -2.532691385666058e-19)
(0.9175627487629729 0.03077875637076248 0)
(1.540162756176163 0.4159977832582721 5.485061504797626e-19)
(0.479144603704209 0.1605086449780715 -5.928582527606358e-19)
(0.03114002331229265 0.2032233709311965 0)
(-0.4118862644590612 -0.03347395881227992 0)
(1.032343559907092 -0.0003948668571692422 1.252626133399159e-20)
(1.656524308509955 -0.2256046842893608 -1.103542510008458e-18)
(1.10798405086627 -0.5616971119803534 2.369995973016587e-19)
(0.7822979784321887 0.3353775180860716 -8.742687196197379e-19)
(0.9092075073452746 0.1458141431208528 1.405109361348635e-19)
(1.044509280414057 -0.003748714979811302 0)
(-0.2831682273023943 -0.1127706652340875 4.139506951499333e-19)
(1.03351143010996 0.04666012447098073 0)
(1.196441531347272 -0.2373685880715865 0)
(1.563629580370425 -0.1879268168809865 5.083839747628393e-19)
(1.124727141042878 0.07188875794488304 -7.455310931396382e-20)
(1.07271920634598 -0.1356563832457612 7.451118542177601e-20)
(-0.001278037549842865 0.06363406312779933 3.309021549001822e-19)
(-0.0630948970159504 -0.1549434915507094 2.319745163283185e-19)
(1.075457031360227 0.2176085944371241 0)
(1.097216752060806 0.05686992584246099 2.121823502468117e-19)
(1.493499157930452 0.288830662136026 -3.674104463582344e-19)
(1.321325312424379 -0.4864492984513307 2.363278906288511e-19)
(1.147963159718829 -0.1552456974464932 0)
(1.121746948593723 0.1508437233369829 0)
(0.5254899012747378 -0.6862256545500354 4.162836548631527e-19)
(1.315018196250845 -0.0390789220068636 -2.949554747984004e-19)
(1.008103741797958 0.1111737419178776 2.574163578637521e-19)
(0.3134623609026299 0.3605940775708447 -8.880374259497522e-19)
(1.031355570991092 0.1146351964439569 -4.280659109832079e-19)
(1.036203397595484 -0.3949344103243603 -4.932951655071937e-20)
(1.4618090861725 0.1088084387372611 -6.496823166089064e-19)
(0.778287890569245 -0.8821386151543388 0)
(1.056515929962188 -0.03079724622889655 0)
(1.118410092209297 0.1678954393036544 0)
(1.618835933145512 -0.04014965938013305 0)
(0.8158291388684796 0.5956734119638897 -2.03109699588359e-20)
(1.490450800363388 -0.3565926318758725 4.556109185995627e-19)
(1.543051894667564 0.1473522411934829 0)
(1.134920472979442 -0.4578672180093656 -1.641207133505811e-19)
(1.463017533170349 0.3443144655520366 -3.544668020902555e-19)
(1.010875802131754 0.02819769639300112 0)
(0.2087584223153602 0.01372714240291335 -2.367231342716697e-19)
(1.338162437742566 0.5112941928023356 0)
(0.9749248403828253 0.00859669538415977 -4.047985369017903e-20)
(0.7629030958850942 -0.2995964997509457 -2.069960177926036e-19)
(0.5085649112898514 -0.08021734728187783 7.886538605044416e-19)
(0.2296434744662232 0.08004881272940159 3.47436155359846e-19)
(1.061650975631324 -0.1381309449029546 0)
(0.05302687655993101 -0.01928372839574486 0)
(0.3460270774046024 0.04260344232573757 -3.014530425344252e-19)
(1.006757756243115 0.01757901382457666 0)
(1.455051375816411 -0.00782589358272727 0)
(1.008349886651143 0.02916982482606295 0)
(0.4677654613309038 -0.2718501153062547 -1.00836236231973e-18)
(1.049234220174717 0.08870245081226509 0)
(1.526047968439288 0.04129511436845582 0)
(0.2423520455015245 0.1273904811700657 5.59108844453254e-19)
(0.8792115406432426 -0.3211272129733849 0)
(1.367809702626072 0.05289726023067345 2.680079764774942e-19)
(1.238982302375128 0.2051669675397481 2.052601399509594e-20)
(0.8992386670566697 0.55527520777641 1.539813731471112e-20)
(1.033972801890457 0.09933258749626758 4.925639025449201e-20)
(1.031879365969872 -0.1485331710680571 0)
(1.369058077715014 -0.02257448126854628 0)
(1.294950263962711 -0.1235921047246145 0)
(0.6244191828056433 -0.03865003959108475 -1.363914234242033e-19)
)
;

boundaryField
{
    FrontBack
    {
        type            empty;
    }
    Top
    {
        type            noSlip;
    }
    In
    {
        type            fixedValue;
        value           uniform (1 0 0);
    }
    Bottom
    {
        type            noSlip;
    }
    Out
    {
        type            zeroGradient;
    }
    circle
    {
        type            noSlip;
    }
}


// ************************************************************************* //
