/*--------------------------------*- C++ -*----------------------------------*\
| =========                 |                                                 |
| \\      /  F ield         | OpenFOAM: The Open Source CFD Toolbox           |
|  \\    /   O peration     | Version:  2412                                  |
|   \\  /    A nd           | Website:  www.openfoam.com                      |
|    \\/     M anipulation  |                                                 |
\*---------------------------------------------------------------------------*/
FoamFile
{
    version     2.0;
    format      ascii;
    arch        "LSB;label=32;scalar=64";
    class       volVectorField;
    location    "1659.5";
    object      U;
}
// * * * * * * * * * * * * * * * * * * * * * * * * * * * * * * * * * * * * * //

dimensions      [0 1 -1 0 0 0 0];

internalField   nonuniform List<vector> 
808
(
(0.7562737069610417 -0.01751684011466072 0)
(1.031536716419202 -0.01259103902607544 0)
(1.111558243896674 -0.004076183650671802 -1.717818964926849e-20)
(1.085127017225446 0.01258080732112451 0)
(1.361931816290152 0.01272239900664691 -3.813133977174474e-19)
(1.038742777319212 -0.009430991898779903 -7.326250385916302e-20)
(1.014550013787742 -0.02084540281461426 -2.439718945386767e-20)
(1.079229034128388 -0.005145736187490503 9.044232510768836e-21)
(1.253543407306943 -0.02179631722917416 6.254002037219782e-20)
(1.085316068198452 0.009322253910630683 0)
(1.007512771952142 -0.01022538805035539 0)
(1.304658712501863 -0.0546669498120574 -3.457945763086269e-19)
(1.0864216766203 -0.001944589487298688 2.044181061942568e-20)
(0.6751995874494988 0.006357495297076448 0)
(1.275057109733042 -0.1198587627897736 0)
(1.081808479289031 -0.0004486547205113296 -3.869747308272554e-20)
(1.224047598784469 -0.1478314676620037 -9.536873218311966e-20)
(1.074236388876044 -0.0003723860900772448 3.208369063325888e-20)
(0.9887862302555323 0.004183131729453747 0)
(1.026728091881368 0.009606112892474115 0)
(1.03298920460116 -0.01412597888675772 0)
(0.9875911980226386 0.04527460535575151 0)
(1.051064436832214 -0.006076304341544821 5.815235742859228e-20)
(1.053831830319643 0.00872058921970973 0)
(0.933529755776998 0.198972384723929 4.565906545449807e-19)
(1.161261477641534 -0.08744148350044055 0)
(1.185271234606456 -0.01997890381364927 1.538310815062286e-19)
(1.077226897937321 0.009677382532260446 5.236412296369364e-20)
(1.083690371070979 0.002047526065193824 5.125374745720097e-21)
(1.071768119593389 0.03092428542066589 0)
(1.075260922305824 0.002753586223916242 -1.183878124104719e-20)
(1.03333608316909 0.006651342824156906 -1.872452962073044e-19)
(1.060075857915045 0.01450629753159112 -2.351108406718132e-20)
(1.088740858094929 0.005624668336152469 -2.938706515339377e-20)
(1.121714357483268 0.03746860878824959 0)
(0.7548759829005937 -0.1213632805491371 -4.55034788405723e-19)
(0.9547498617608634 -0.005797598735417871 0)
(1.068767889663115 0.02223738269598012 0)
(1.068801688117966 0.007216178410640101 0)
(1.073795633123965 0.008687659418707009 -2.817896634112432e-20)
(1.093305892884004 0.02354917472585575 1.077697614961601e-19)
(1.150668933390094 0.002223190585442836 2.112776518184978e-19)
(1.095782091918545 -0.00228395601347139 0)
(1.015162337671952 -0.009365284458543359 0)
(1.128980871853303 -0.09321727238803851 -1.632165941094678e-19)
(1.044068137411466 -0.01171355738706505 -8.3867210761358e-20)
(1.058163096971417 0.02665759981199331 -2.676070075383245e-20)
(1.230026566225899 -0.1126599999288374 -5.55823014565124e-20)
(1.067486795582757 0.01202877684430175 -4.06717519412033e-20)
(1.25737629034144 0.01493216112220469 0)
(0.9971222358913505 -0.0191394121207509 2.212966774106237e-21)
(1.044747656581204 -0.002296161596570958 0)
(1.087424024778746 -0.002154179963879661 0)
(0.9987882086076409 0.007889210339327766 -1.890235149028993e-20)
(1.251620180676575 0.03268071463704623 -2.392979136483679e-19)
(1.063433253849006 0.01812458476617748 5.867220259240885e-20)
(0.9902629254161128 0.01150191107737536 0)
(1.0151981226976 -0.006887045128830885 2.53632284272149e-20)
(1.107489536646703 -0.001368199187076925 -1.153875624805474e-19)
(1.061239104545328 0.03125777187670493 0)
(-0.08509874713167695 -0.01066524669374476 7.722027827998362e-20)
(1.154236398643027 -0.05245014334162122 -1.845048434023221e-19)
(1.004223725053748 -0.005757574837719868 -2.78566141258156e-20)
(1.188187766893716 0.06614571345724785 -1.203434516089964e-19)
(0.997058720430871 -0.009902950371813945 3.102769549098554e-20)
(1.084142746617657 -0.005456494164949395 0)
(1.248747223811995 0.09229214125199411 0)
(0.696078448482822 0.003161150526853547 -7.42355559722128e-20)
(0.9882924890345521 -0.01502683267846069 -3.23235594274856e-20)
(1.457713843476001 -0.02013404511653088 4.391996962155472e-19)
(1.060559033148069 0.007603389604776672 -6.524964214237754e-20)
(1.366079914178273 0.09279609131707686 2.835998910551411e-19)
(1.054874080347694 0.006791035206379066 -1.951211409868819e-22)
(1.080935393580828 -0.01400759204717897 -2.397704589735495e-22)
(1.163437227932115 -0.2356293887952244 0)
(1.022221487544486 -0.01511966217037653 0)
(1.017373440339749 0.01809219859565278 -2.989169447359385e-20)
(1.388377348177601 0.3488918111396005 4.233081141845064e-19)
(1.097444378666829 -0.04242251366216437 9.596054625904901e-20)
(1.046515218453527 0.2106148788567614 2.406662062249368e-19)
(1.122776293317205 -0.06132684028773555 1.180819320567933e-19)
(0.9219808167511871 0.005181463538783996 0)
(0.9753512218312302 0.0185362463682318 0)
(1.003993524990111 -0.04849834751218463 3.169686478219872e-21)
(1.010009393843321 -0.01374709280681874 7.822391442772153e-21)
(1.030668403988551 0.02680077957073551 1.350273025863088e-20)
(1.526594489097479 0.03352223438382946 3.210725202519993e-19)
(1.290714284126056 0.06997964251477258 5.64047935470835e-19)
(1.072510372126054 0.003078245750269572 -8.805458663214317e-20)
(1.194141244229363 -0.09638034468035123 0)
(1.033899546068202 0.001762822967593125 1.287262234081736e-19)
(1.165071610784651 0.02048331659148107 -3.12272750294614e-19)
(1.001508631867862 0.03253466926180613 0)
(0.9996279729379502 0.001997798012651563 0)
(1.044251054598848 -9.787175480115092e-05 8.017241480826094e-20)
(1.218389968530702 0.1058316389041665 4.059675869534447e-19)
(1.011149332347249 0.006964376222852545 0)
(1.089240446660343 -0.06807659885030735 -1.067735665618578e-19)
(1.151389303565723 0.03582638356865429 0)
(1.216147308015385 0.09051516033773851 -1.901620047788237e-19)
(1.108316877005793 -0.02890331374260047 -7.825158257204985e-20)
(1.027596961032574 0.01191976593821684 0)
(1.085195295870981 -0.004593144366363732 0)
(1.019553661731423 0.02646577686175812 7.827119301579541e-20)
(1.074003325569248 0.05652594069588125 -9.490610854789644e-21)
(1.103705881614624 -0.00423212002896187 6.445956156590487e-20)
(1.105990570516364 -0.09187610465752151 1.503888618785473e-19)
(0.9634675701378067 0.001519103641587657 0)
(1.066060546326099 0.03131858790233119 3.681772913321875e-20)
(1.168003290480734 -0.07690560768364861 2.254908346113557e-19)
(1.052626087657612 0.04725941454467023 -2.845989248833248e-20)
(1.022992006918521 0.06803075777257528 3.641773595289185e-20)
(1.090248214475449 0.02611615540831093 0)
(1.017136066371337 0.01405987607236454 0)
(1.02897998838131 0.009362617461393611 7.839515969571702e-20)
(0.9485343035724569 -0.03234168623209181 0)
(1.052951931836412 -0.005432628484543566 -7.386976215198527e-21)
(1.340534825457477 0.05558961922523433 -1.539688487760129e-19)
(1.079663280894039 -0.01317976135060143 2.66533049246432e-20)
(0.7440750595655289 -0.00173805379227644 0)
(0.5849108554971152 0.1873024808340132 -1.130843480574021e-19)
(0.7060713153626106 -0.002479273121371861 0)
(0.6988457248172044 0.01464094769908058 0)
(1.077751525793238 0.003594255301266054 -6.445310308131701e-22)
(0.9906521507626004 0.01446425001632836 0)
(1.280172580820701 0.1219673828124679 2.554133607611508e-19)
(1.012228756289067 -0.02790582322049509 -7.37041117671112e-21)
(1.043425714235712 0.01638899438412975 1.428947492885622e-21)
(1.058587864980697 -0.01219773395853932 0)
(1.126506555657669 -0.009161567922374356 -5.137893962752777e-20)
(1.270625727230701 0.1262882546535142 -2.240608158194134e-19)
(1.089062111670022 -0.01088717579755803 -8.614766455619679e-20)
(1.071030154052445 0.02611085908793888 -1.068231628002456e-19)
(1.041047703453607 0.04679871638431229 7.44570928431046e-20)
(1.022555572728696 -0.00363136265813352 -3.478108712391803e-20)
(1.061004096322121 0.02368951811272405 5.689746663415786e-21)
(1.138818856580687 0.004187689392757673 1.035719871628142e-20)
(1.039438686996493 -0.01377106271696121 -4.75813354590894e-22)
(1.087417248844845 0.03474182855126282 0)
(1.028407776890331 0.0136892548952568 0)
(0.783351067547321 -0.08015286665387691 -1.821487894883702e-19)
(1.030301361516132 -0.00188288281946088 -6.527578469601579e-20)
(1.13280988498538 -0.0001916385974941158 -1.249929857893032e-20)
(0.7034688932302909 0.006553484759847098 7.11552354118502e-20)
(1.175422986023171 0.01890780687862796 -1.974356550424403e-19)
(1.136309898410676 0.003259898171216484 5.259358291100485e-21)
(1.12902346532976 -0.01006311631930678 3.362063003468054e-20)
(1.00093330832667 -0.002970063802361015 -6.688060585489559e-20)
(1.100766553003378 -0.05720161644138037 0)
(0.9898772566975103 0.004540130458292811 0)
(1.057843057108792 0.007020656045865876 0)
(1.006037033192073 0.1892561267766043 -2.360757649824399e-19)
(0.7792879945269293 0.01243824029793422 0)
(0.857047753738115 0.1026794298912056 -8.202392745108558e-20)
(0.09649395797074992 0.03186088810991383 -2.974752368542409e-19)
(1.171886250070886 -0.03193382735898508 -2.294791856131346e-20)
(0.6712538135289418 -0.007344848839633766 2.454237176852799e-20)
(1.163554152082911 -0.1016912511809125 6.944667218619234e-20)
(1.126996260870824 0.0007877748406599855 -5.86510694484165e-21)
(1.153587957556268 -0.04995428975464972 2.229960659763528e-20)
(0.07853651320245703 -0.2024292968346201 0)
(0.2425472851779793 0.06271993181504822 0)
(1.261078384938634 0.1042868745563997 1.850742397969706e-19)
(1.021203857933682 0.01984393364465538 0)
(0.7376892698868099 -0.006258093442781363 0)
(1.074939654736395 -0.0114295556661178 2.740676356943195e-20)
(0.974910444138488 0.002884210120550801 0)
(1.29610754089109 0.1185853728643852 -1.468988412071938e-19)
(1.057351798372643 0.0109545105551323 0)
(0.9927939703755957 -0.007236764805897398 0)
(1.065199867342597 0.008245841282751657 0)
(1.006248528940087 0.02091222372163679 2.204149222703173e-20)
(0.9331270408880799 0.008906099970812306 1.289787225084528e-20)
(1.175814330273286 -0.1994814763881635 0)
(1.00505741324007 -0.005200748526865279 8.051363741082837e-20)
(1.059200533179757 0.006286468976293823 0)
(0.7745776281571286 -0.003310405512116002 0)
(1.217777486219174 0.0259672460303948 1.616744638558088e-20)
(0.7050382294607571 0.001367892641482883 0)
(1.432683381029936 0.08371858327346741 -5.098188369536563e-20)
(0.9947489480690642 -0.005248821662468635 1.670810542066676e-20)
(1.274341645541282 -0.004157000933761448 -3.009042789830599e-19)
(1.059758674843024 0.009019103930900989 1.324975692718452e-19)
(1.000906930893203 -0.01353353613558912 0)
(1.20940005093409 -0.145817868038052 2.053870225016432e-19)
(0.7331717395900229 0.01378495317806499 0)
(1.098276782382138 -0.004916483270603715 0)
(1.156512444046776 0.06645168368633469 1.884284520485755e-20)
(1.006366621380323 -0.006531691077353054 -3.046641950489015e-20)
(1.123064970396059 0.05138314544521696 -1.715364155294396e-19)
(0.1348406120859295 -0.09409434218289378 0)
(1.07363119670258 0.03875984477669678 0)
(0.6616715326833763 -0.002872613935651638 -4.924278119066833e-22)
(1.012098718287953 -0.01960547887547945 9.012541203418714e-20)
(1.061505891347291 0.0008738204475122735 0)
(1.080506650786425 -0.1392765411039045 3.774982980388753e-19)
(1.002652958480822 -0.006130085643622598 -3.287417579057355e-21)
(1.003098669035506 -0.00403175190329953 1.069333943536492e-21)
(1.094010031995197 -0.009191760070167653 0)
(1.02076916079957 0.02027627647323433 -6.663966128986847e-20)
(1.10668244301342 -0.001603447315167414 6.323390972856281e-22)
(1.074431777044401 -0.01074996272741281 6.645523439076971e-20)
(1.085629649808061 0.02217034737588956 0)
(1.32545308003634 0.1554000131605936 0)
(1.002083403765229 0.0005484663643550269 4.407127192307839e-20)
(1.319475536211577 -0.1335216398958646 1.606604378300323e-19)
(0.006926178163613322 -0.154300265746547 -2.304182532348052e-19)
(1.071102262950931 -0.00536091666138106 0)
(1.111240120660819 -0.004752570853173564 1.166585160299477e-20)
(0.7267621416846252 0.01779954444093901 0)
(1.058047490807203 0.01085135398306912 0)
(0.8611339320944913 0.1612172609728884 4.589536242835469e-19)
(1.284753336887793 0.1229489314151278 1.88649247393387e-19)
(0.6541991221246521 -0.003104563254388313 -6.532454278262749e-20)
(1.03974233349971 0.005280607411057655 -3.687423106681034e-21)
(1.05483204219773 -0.000204823962716083 6.441657237149439e-20)
(1.361978286216678 0.1164380179608249 6.549689714514333e-19)
(1.33694479864229 0.2520103822589084 0)
(1.057814468137593 0.009867332394209841 0)
(0.9986694648217467 -0.004081002627836448 1.373052435575532e-20)
(0.9933519407536761 -0.00203900614946227 2.436959828398721e-21)
(1.384885053191801 0.1992534359474091 4.329128355511013e-19)
(0.681854515726139 0.0005114856101274719 9.964829096046518e-20)
(1.005709662376828 -0.002189615883779078 -6.020460481915038e-20)
(1.098145981314791 0.01315526429408159 2.561060931610717e-20)
(0.669451211362452 0.004951764220077709 0)
(1.066084576025605 -0.01202799311580771 0)
(1.009840161117195 0.1366750267909036 -1.417873671083654e-19)
(1.087905536891226 0.002471061157635448 -2.586721694315546e-20)
(0.9819092544513773 8.823976736513119e-05 3.311282524522812e-20)
(0.991211805397667 0.005997158793751509 0)
(0.638122263646874 -0.001102186711195856 0)
(0.9767186390298653 -0.001266254259698588 0)
(0.6420182972782569 -0.00141539488952334 2.646261198699257e-21)
(1.087476611498101 -0.05565159465971053 1.215887453582008e-19)
(1.109571410173572 -0.005815633966053471 1.143106577480677e-21)
(0.9579951989905783 -0.0008551952300956862 3.878662739320983e-20)
(1.017209577205012 0.0104196380681267 1.737174665224485e-20)
(1.065457548583896 0.008112565297850632 -2.391828872646676e-21)
(0.6347920501553982 0.008866744555223124 -3.614309858017217e-20)
(1.005668034964187 0.01095942087097218 -6.208971714850335e-22)
(1.037849239591798 0.008422388780586104 5.31358283504774e-21)
(0.9857277443207043 -0.004417046584999966 0)
(0.6099931953098932 -0.000440773393175895 0)
(1.06901866255085 0.02251482792518051 0)
(1.016085188636292 -0.01684480098421588 1.033106245533815e-20)
(1.022881230670857 -0.006019211538197946 0)
(0.993220521732624 0.01370141102745219 -9.796970181724566e-21)
(1.009302913762522 0.00413829791972238 0)
(1.134785953571189 0.002292486702656685 -1.224699325433477e-20)
(0.0309952715639296 -0.1408368766447868 -3.931431719899972e-20)
(1.034305665936222 -0.01782069491720981 -6.081937573951283e-22)
(1.043378661126857 0.007774893665670019 0)
(1.084846970065138 0.07037663582356377 8.424457294882243e-20)
(0.9674513543578738 -0.001220062129176939 3.11027978857389e-20)
(1.02007668216447 0.01680286161318649 -2.234512258278968e-20)
(1.006032302702314 -0.002359034297894334 2.39637721456561e-20)
(1.038969696613039 -0.007689280743691059 0)
(0.6409382080226911 -0.004087640668051436 0)
(1.025978875171155 0.02450019046667653 -7.971929612110343e-20)
(1.087004589501726 -0.0003395562213730837 5.099511142589933e-20)
(1.012283113951982 0.007462521986626892 0)
(0.9809188262883959 -0.0003822215795744695 -1.932652002228955e-21)
(0.8549123067632747 0.009665450353255464 -1.122673128420207e-20)
(1.013966262409403 0.00276224395519843 -9.514186852090347e-21)
(1.022582940667994 0.001770392656132619 1.86078532708255e-20)
(0.9820709748629788 0.0007771152945849036 0)
(1.007817987007431 0.01075461479859506 3.21151799981228e-20)
(1.110569970100956 -0.001532162500013698 0)
(0.93466429754511 0.01206863747993416 -3.20646972001502e-20)
(0.9534237237271976 -1.654743628559497e-05 0)
(0.9007237029242732 0.2019634592836311 4.944752067735408e-20)
(1.011170511566981 0.0674938131561798 0)
(0.990736528641059 0.004804994427853941 -2.28706519346189e-20)
(1.057535551091971 -0.04897439955648625 -2.782428677425767e-20)
(0.9940201066387985 -2.567982079535819e-05 3.249149645650038e-20)
(1.006705933785855 0.005774415508960404 0)
(0.9804080718042016 0.0005726502360230677 -3.010936206632216e-20)
(1.178740888725818 0.1005489377397195 -3.375969731125583e-19)
(1.068288790395188 -0.2639576515610565 0)
(0.9944901379917386 0.0005632120224510158 -2.2641866828212e-20)
(0.9742268349337737 0.003768278852333538 4.752206251007658e-21)
(0.95949693342683 -0.001948985645059614 1.026021582750129e-21)
(0.7460039812745842 -0.001066170775617163 0)
(1.118920805684656 -0.0690450675419266 0)
(1.004139471581395 -0.0004673078194673039 -2.244551824810256e-20)
(0.907963611699205 0.007468439860699781 -1.080654520898323e-20)
(0.8404800385235797 -0.000876918279597082 3.801983202939991e-21)
(1.012035762056998 -0.006181433410673447 0)
(0.9622701970684904 0.01342619437998867 1.506823884300716e-20)
(1.005647467507946 -0.000193054863774276 -2.240492183351345e-20)
(1.026570105932289 -0.001769681709231018 -2.477865266799863e-20)
(1.113913070608188 -0.004159882242709469 -4.906084736836078e-21)
(1.116022642805037 -0.005057932546194625 0)
(1.009630278581257 0.001534811087635374 0)
(1.02320591344494 -0.003034954446690164 0)
(0.9455530796854368 0.007211915348532704 -1.99086532184281e-20)
(1.017866499409601 0.01333272566583849 5.634702980395449e-20)
(1.087957456400793 -0.002971967640326438 -2.361924720093726e-20)
(1.038416196451649 -0.002374000731221313 0)
(1.109067868105499 -0.00260944006162669 1.831708388631873e-21)
(0.9943834252930441 0.001003762521186416 -2.244676720060448e-20)
(0.9798464344236528 -0.0008809191289972222 0)
(1.009944598692333 0.002356882523042822 4.695201002915094e-20)
(1.362914683305189 -0.3139253883163651 -1.119317005162441e-18)
(1.120632334647064 -0.04467241751873181 -1.111974585878944e-19)
(0.9726129327618401 0.01146873706361164 4.48665965960494e-20)
(0.7680517943135577 0.01016961385737725 -3.595497386338429e-20)
(1.223689509188891 0.04921565152717827 0)
(1.21549387626776 -0.1294362629928343 -1.483025695253446e-19)
(1.085737983072471 -0.00446341649014183 0)
(1.008797667583437 0.0004517911242547408 2.28880031744863e-20)
(-0.2004340440720483 -0.1043300348213922 0)
(0.9939696073629041 -0.004671942128069336 0)
(1.012326393567153 -0.02303336263219649 3.883244084872434e-20)
(0.7063854839363164 -0.01942843252283862 0)
(1.09679192972759 -0.01492493146082188 2.347428281636151e-21)
(1.038936987968007 0.003639770207375174 1.506709283773796e-20)
(0.6332196615915717 0.004143969452719281 0)
(1.446005824282428 -0.1241713028046599 0)
(0.985777513659047 0.002054652649630475 -1.067028056804879e-20)
(1.06965307564025 -0.01507461456927964 0)
(1.037837818002615 0.0005355978265938921 2.044818721770726e-20)
(1.084592040601408 -0.001811036227157587 0)
(1.011984750140853 -0.006276828226823464 -1.221283110009495e-21)
(1.0060290557886 0.003313410316796306 0)
(1.008184121713774 0.00352302696557765 -1.237173180276552e-21)
(1.004301405240255 -0.02024716289531394 0)
(1.036103060963486 -0.007755076221230396 1.807325001707029e-20)
(-0.1964942487495704 0.04268049704207508 2.817746297648727e-19)
(0.8060261060177318 0.03024343207083111 5.975950930844679e-20)
(1.005051714333848 0.002164657313071205 0)
(1.121573064982372 0.01134120859496011 -1.21580003771885e-20)
(1.109633603393903 0.003999930055291622 9.35262359349667e-21)
(1.054181337506718 -0.01276567471054646 -1.329626182506367e-19)
(0.998771758199421 0.01040326862762552 -3.636268384675505e-22)
(1.084250354101342 -0.006067290254130464 0)
(1.1888680502464 0.05030147195477481 0)
(0.8350494925433873 -0.07451423875843716 4.608007988665001e-19)
(1.089741852078073 -0.005004164153042059 0)
(1.033782806645934 0.007899176780116679 -7.717840547081128e-21)
(1.042573902996951 0.005373311402809201 5.637266780023201e-21)
(1.053039936076371 -0.0583288291058439 -7.595443324236508e-21)
(1.1394395653497 -0.002181128993702493 1.724666526946502e-19)
(1.080708212109973 0.002740158410163193 0)
(0.9943595723120344 0.00196666318608151 0)
(0.9981668174054764 -0.02620614896593409 -2.433082503908143e-21)
(0.990738945317835 0.003597064196317689 0)
(1.030428210154438 -0.03652150452798879 6.522473482047225e-20)
(1.291606114547051 -0.09849222281725259 0)
(1.040982966014615 0.0008187999181937719 -4.024209541813565e-21)
(0.986187303507828 0.01687875473468659 -9.094465708185513e-20)
(1.033799158809894 0.04319659355847685 -2.318602290622467e-21)
(-0.07693888139567806 0.1909392226325489 -1.739537593209402e-19)
(-0.06951063060903179 -0.2848417725195954 -1.298086755162436e-19)
(0.8777946612648564 0.1161778546076179 0)
(0.276395370005906 -0.02568353582009462 -2.988598020468809e-19)
(1.008612427484994 -0.006855521629009293 -9.435916489059722e-21)
(1.063967352310884 0.00271146116367462 -2.062155439981823e-20)
(0.9922873217605237 -0.02181360799669083 3.093405280469032e-20)
(1.02703398953397 -0.02988821601402539 2.6862624634865e-21)
(1.009765225509146 -0.03044237556919222 -6.716974835452667e-20)
(0.9888177871579545 0.004891295783677592 -3.492654710471219e-20)
(0.9937387462218011 0.004952885057934685 0)
(1.024411812284273 -0.00216591098028035 -3.480015461968699e-21)
(1.930842225113456 -0.1564717116818638 1.065340666993158e-18)
(1.048089053850745 -0.01162111954452871 0)
(0.9967364454318073 0.007834501687469506 1.486463003833589e-20)
(1.003610160195096 -0.000551961274009643 3.992715765788739e-20)
(1.170761455295766 0.1589093809132065 0)
(1.006734841312162 -0.02035503247014121 4.185734610324238e-21)
(0.9534460882317058 0.003699300498003991 0)
(1.03784585783532 0.0417214338281208 0)
(1.299539052732236 0.1491437542723977 2.205029611731772e-19)
(1.076266063430555 -0.001103127886759723 2.333128422707039e-20)
(1.016016315396755 0.0308222927042235 4.457248345754767e-20)
(1.078358689446974 0.004105085378370541 -2.246318658674412e-20)
(1.058018205871729 -0.02370101661665877 -4.418963197445983e-21)
(-0.3898257302794047 -0.04358315754602895 0)
(0.9994828015254332 0.0124862436083363 0)
(0.1251278905933993 0.05376044049369846 -9.477280439462585e-20)
(1.005851683687848 0.02044433499373162 -3.987741506754231e-20)
(1.00711951694431 -0.02599616409419573 0)
(1.000992673473296 0.005315647620063852 -4.871515877302109e-21)
(1.08201471291024 -0.04234417579660728 0)
(0.9941207783962182 -0.01893411448596351 -8.136204229392244e-21)
(1.099588117418753 -0.04979295784686304 0)
(1.442528811997005 0.1691743474961364 0)
(1.054800382539597 -0.01188780762898506 0)
(0.99165524376317 -0.02478849777725488 -4.158361258447622e-20)
(0.9913515834411468 -0.02288481645744499 -3.411697973778623e-21)
(1.017133640505461 -0.02180917892794533 -2.172862962432284e-20)
(0.9966617487314777 0.01699376578640584 -5.382666009773509e-20)
(0.9960796437697498 0.009487285351672892 -1.44866409846871e-20)
(0.9954489885458019 -0.02745284984199442 0)
(1.001576088468999 0.02429380725748726 1.872389702653154e-20)
(1.042485287779713 -0.02321607532524107 0)
(1.110817090745287 -0.03643563264030537 2.520769970851715e-19)
(0.9952671431037176 0.01658144556331014 4.455820047803658e-20)
(0.6150428383882379 -0.008694629334785271 0)
(1.156083130681604 0.1602050356513237 8.025522686601416e-22)
(0.8246138640650946 -0.07990041764948778 0)
(1.138727236714913 0.07254109388549215 -2.802759403037055e-19)
(1.314263224413152 -0.3884797059177111 1.276221048267451e-19)
(1.071437831781214 0.0671240572739611 -1.258739044921148e-20)
(1.011708691364146 -0.03029932732323369 0)
(0.9551432008124983 -0.2146252607225035 0)
(0.55022112049989 0.178078009370246 0)
(1.014974773405604 0.0134659478369912 1.053058289130308e-21)
(0.7111469010087356 -0.01395260812119561 0)
(0.998704730781999 0.01625185940701436 3.433529630785181e-20)
(1.026199812118061 -0.0006256001254549121 -2.664371270392089e-20)
(1.079034426715569 -0.008014027366083263 2.629473852474081e-21)
(1.054456618368599 -0.02475039406445279 2.528366026975913e-20)
(1.042933761880662 0.01139830123496838 0)
(1.055790144404062 0.02104042217877186 -8.844407149743268e-21)
(1.050891086793549 0.03615610380285492 -1.763256018254842e-20)
(0.9838645691132024 -0.02220335891237847 0)
(0.6248799528986554 0.005116348439146854 9.171425710485528e-20)
(0.894163001581705 -0.005950764480789609 -8.846868148081553e-20)
(0.9093587260574242 0.005224576168194321 1.450638484896563e-20)
(0.6296501293402709 -0.006438398570380474 1.411046989228568e-20)
(0.9808184952790905 -0.0002121841006892578 2.474446889857197e-20)
(1.0044081639209 -0.0175577457878247 -3.292389737491314e-20)
(0.9803418860232891 -0.02648042801684548 -2.728148202065002e-20)
(1.08564109941206 0.001562871787077527 0)
(1.019076268200498 0.00531416078814789 1.056295021536013e-20)
(1.132887450655818 0.0481958544785123 1.351485115013078e-19)
(1.031683103285209 0.0426961586647119 0)
(1.022533928906136 0.002616198541622024 0)
(1.581651251108787 -0.1681572946618516 4.355178584967185e-19)
(1.053301599137627 -0.03536768824264615 0)
(1.021518797941054 0.01048553298695082 -3.594054590466e-20)
(1.083232789630161 0.003687780193810005 0)
(0.4931873693237092 0.003507851226701626 0)
(-0.01006107933211763 0.005894974135840194 0)
(0.9910093685933065 -0.02349839739505745 1.254797397998308e-20)
(1.300368016781446 -0.09682008847951259 3.660875156677223e-19)
(1.030869043006479 0.03708271138447838 0)
(1.022575580377796 0.003558623531384514 -2.176474379661913e-20)
(0.9298885767363436 -0.1616667793918619 -6.384696559158989e-21)
(1.255928474901631 0.07345975316815764 0)
(0.5983430691715886 0.7308538128890794 0)
(1.306431913703528 0.1406201271654517 1.036599775973257e-19)
(1.674283739194954 -0.02668559014845068 0)
(1.065683564819982 0.1338426956376143 0)
(0.7282725595753499 -0.001698478322803858 3.998112817437777e-21)
(1.046497524305879 0.04760621785265687 0)
(0.7450640848767998 0.1124495587636162 1.38207327933599e-19)
(0.9968186179750952 -0.01627801298813557 3.58619113026842e-19)
(1.038580694457091 -0.03889241346272341 2.689717764819985e-20)
(-0.3729093344860144 -0.05615127963488257 0)
(1.072104977175556 -0.01616448164145527 0)
(1.085864743002673 -0.012669854170911 0)
(0.6478756198106383 -0.5022991634507818 -2.496729698329604e-19)
(0.9904891110480811 -1.535130433589605e-05 0)
(1.092165512686043 -0.0220527401655321 6.880982919293815e-22)
(1.18855345258689 0.1207050948336957 -2.049498371702772e-19)
(1.099426877232027 -0.04268953577877662 0)
(1.005658115284747 -0.02071615757074438 0)
(0.779264105943652 -0.1926356684156573 -1.654567802644373e-19)
(0.8890212004719986 -0.1424398283228913 1.456756825853675e-19)
(1.033924143209079 0.01223377664726383 -2.047935402666836e-20)
(1.023133042446074 -0.00911513561411249 -4.267369759176611e-20)
(0.8713452840201512 -0.0001787369217939326 5.459877496342773e-23)
(1.5032765563536 -0.1947751356327238 0)
(1.307084870361356 0.1095144362596239 3.006442130081283e-20)
(1.241102185792569 -0.07837721876869631 -3.251523226250785e-21)
(1.095837415647722 -0.01878244950422259 -4.015533951046439e-20)
(1.03799168108948 -0.01848403854840154 3.088310334093102e-20)
(1.092810567217712 -0.03914128642325061 9.576939564690397e-20)
(1.032430960222559 0.02046088479471675 0)
(1.051433520376984 -0.03407197918592426 0)
(1.115885953563049 -0.009005912036629456 0)
(1.100677958276967 -0.03729782299060713 0)
(0.9982564904131978 0.01076843273047485 0)
(1.154209585832525 0.07935197481011461 9.377439917791348e-20)
(1.342816061580255 -0.1604325402891391 0)
(1.041270526610733 -0.02667251136269381 -2.574412979311276e-22)
(1.048855872474898 0.05477693215956692 0)
(1.010066594718146 0.0141563669325981 -3.793228571798949e-20)
(1.033544111223263 -0.007752747731539737 9.387993989078502e-21)
(1.088974130227229 0.01337715119242032 -3.162676963428425e-20)
(1.084276161244411 -0.02882316675219615 0)
(1.073226346236821 -0.0009944185484538637 0)
(1.100820311097606 0.09239627283222659 -1.396441547379904e-18)
(0.9350324703007201 -0.1487227861677123 -7.110029779851397e-20)
(1.179124231342411 0.1150798905647779 1.141554520013978e-19)
(-0.4542318910559817 -0.03057891736307058 -2.920697647902476e-19)
(1.018428919874239 0.02970682999642951 -8.54081442246353e-20)
(1.007291205581434 -0.0009423103836576406 0)
(-0.24277226821592 -0.001743697686163401 3.580113215846037e-19)
(-0.03434407239034524 0.3211556498423516 7.720735624258434e-21)
(0.9952083522865874 -0.00630127780373859 8.90471471066671e-20)
(0.1830316625202085 -0.04447807663494638 1.285503253338443e-19)
(1.089100036902879 0.09170329338228589 1.432242440492937e-20)
(0.09336099830041567 -0.1085290223719488 -5.383694208984747e-20)
(1.108281777031493 0.003112827107598303 0)
(1.093786660754516 0.2488351685900686 0)
(1.021096694801315 0.02170259315517513 -1.67287017146028e-20)
(1.062607972900898 0.05798038242426372 0)
(1.024525874692837 0.02399775830776819 -8.319435087734192e-21)
(1.261187959088209 -0.5481238005054612 7.98740350513587e-19)
(-0.0968660969721193 -0.2375686750272134 2.07288454209985e-19)
(1.299396952752512 0.1105722047479474 -6.107690813100628e-19)
(1.124055067991429 0.0002056548923499278 0)
(1.129110485119132 0.1080912732001201 0)
(0.5197557683493699 0.07587513909705836 2.4005518569229e-19)
(1.023155313851699 -0.02046889695683114 9.61299390311829e-20)
(1.005871926040092 -0.02314000280802255 0)
(1.212474163116281 0.2709679099991698 -9.818237839457033e-20)
(1.253989964575949 0.1253735237371988 -1.489791129071024e-19)
(1.02648865790585 0.002963388519662383 1.595759565766874e-20)
(1.296063297588637 -0.08516095528860237 -4.945495658509832e-19)
(0.310105123526326 -0.02426034392903731 2.919545646347853e-19)
(0.8351958669504762 -0.1507151566691154 6.939096061865563e-19)
(1.047049998975002 0.06466814403412789 1.101517505608173e-19)
(1.03899176100733 0.0009763632708456919 1.385263228249024e-21)
(1.000703433597565 0.01937539272158211 2.836317257120415e-20)
(1.066484251225717 -0.03686238151392168 0)
(1.034534354119667 -0.03845191392485241 -1.436997756331832e-19)
(1.016901052888188 0.03494232846297436 -4.544394701537327e-20)
(-0.06844316867467795 0.08639874931020096 -4.918726187263284e-19)
(1.010801137476416 -0.05780009166844528 0)
(0.8976092530756105 0.007345551797730807 0)
(1.092701824127205 0.001196895439016469 0)
(1.358873245024926 0.255289055720298 3.728089947462125e-19)
(1.692727465358651 0.1022427096388618 1.318037984296036e-18)
(1.406114546711373 0.1444979951160945 0)
(1.032383015320419 0.02086287847437762 1.007507980584747e-20)
(0.3422913494310653 0.028724560617671 3.211357771015608e-19)
(1.126849639851745 0.0009272869285108483 0)
(1.098808519874149 -0.02700470141304835 3.23264318414974e-21)
(1.097676634927775 -0.03169638382868521 2.671272808869374e-22)
(1.140254576838017 0.1048304391604441 0)
(1.3005933466572 0.05348243586773591 0)
(1.039942364961455 0.00104728871061851 1.167303637394561e-20)
(-0.150101545007827 -0.1033894290428786 -3.816054606519732e-19)
(1.32605960703097 -0.1546158379622657 -2.173770895971056e-19)
(1.067902394035033 -0.007360431255312894 0)
(1.013320307395106 0.01530102222998072 3.001073186315721e-20)
(1.147816827696731 -0.08971544779110195 0)
(1.016110207825506 -0.01748179693385276 -1.148918850852227e-19)
(1.03066489466717 0.00796064460891374 0)
(1.510777068491839 0.08569126142725197 -2.796069624888478e-19)
(-0.06011763519557451 0.03827686376921463 7.737518680344548e-19)
(1.098282347751731 0.05145128108961151 2.062969077546591e-20)
(1.092880742124386 0.0787672602608845 2.150099834538798e-19)
(1.009920165012768 0.008499498052900938 -6.054932486761927e-21)
(0.00342889906578726 -0.1150807836791011 -4.741236279077716e-20)
(0.02041582148935485 0.1065596813531139 3.742506624884035e-19)
(1.236770885341516 0.1400255688772532 -1.61186131886297e-19)
(1.104614336750499 0.09468343763317709 0)
(1.087875790202947 0.02503606824613703 1.789001857152395e-19)
(1.007160718428339 0.02206033189770472 1.768085678890838e-19)
(1.028604291492243 0.001022552642790727 -3.686957701169966e-20)
(1.223708330890353 0.1412541417867698 2.620779371060107e-19)
(1.397462273454389 -0.1352138854048212 -2.104255033688581e-19)
(1.066068587432911 0.05006933601135702 -7.400089037990797e-20)
(0.993749151574414 0.006783651795326565 0)
(1.0801162852849 0.0749508399760011 0)
(0.9793435796789074 0.005739634678562923 0)
(0.9949245809232846 0.008674612776078908 2.300674946797488e-20)
(0.495519649787341 -0.07607222611881403 0)
(0.9918096359808964 0.004084652842985016 1.84346541782263e-22)
(1.289859500709925 0.07534709582241679 0)
(1.00584354997275 0.00717827791409878 2.200508321793029e-20)
(0.8057612087539652 -0.1250333624134869 6.028722888294087e-20)
(1.098128237026743 -0.02237976577487318 -9.22083137945003e-21)
(0.9398551514990435 0.01657128212820091 -1.770609180909263e-20)
(1.443668102432933 -0.2866942493491267 -5.401641640919247e-19)
(1.13805866153904 -0.09266001065696822 4.760060889954722e-19)
(1.088778069180707 -0.02520258349748271 0)
(1.930090044279421 -0.4706133787162343 0)
(1.620346148030798 0.1874923746975549 0)
(0.9844203077656609 0.004968171861454676 -9.618292888055495e-21)
(0.8600776229146202 0.7747766046997721 2.420932713024008e-19)
(-0.008121687554623076 0.2047243419357389 5.554951534967543e-19)
(1.042555697044654 0.008821958090957163 0)
(-0.2195592472530466 -0.08749766947254621 2.028105220400789e-19)
(0.9845255906176769 -0.002512116310670975 4.112461664899274e-20)
(1.18151584674625 0.1614825499974569 -1.654915525645266e-20)
(1.044522905647487 -0.0222942880342392 5.410521393368725e-20)
(1.046760181996936 -0.1405274690300207 1.434960763014505e-19)
(1.136192539466153 0.001284381054494467 4.545448775944876e-21)
(1.10476605741506 -0.01679540233026025 0)
(1.311784188717657 0.5308589275914972 -6.056534089503591e-19)
(1.030679970627996 -0.003001961242749064 -2.170036379791356e-20)
(-0.2884232610103348 -0.07344457814770769 -2.023713984043138e-19)
(0.679494630797295 0.01846216233759242 0)
(1.086005306415273 -0.6972851105761916 -4.799906440647738e-20)
(1.316508342395903 0.08524282126176239 -1.112646656683242e-18)
(1.114087845473791 -0.1084188822241357 0)
(1.088320168681956 0.2797009081861916 0)
(0.9724509843626535 0.003754308009977203 -6.173171851645433e-19)
(1.062802769809286 0.01066570069169625 -4.350413420205265e-21)
(0.9245831600918167 -0.01211527436350062 0)
(1.090642305131661 0.03086489081080985 -1.76063864091661e-20)
(1.366634909930812 0.2115844613533017 -1.822943711783663e-19)
(0.7324549091405235 0.09886767283353581 -1.050134474670322e-18)
(1.078895542526618 -0.0005722548683190036 0)
(1.262967588320524 -0.06097412120517773 7.106060789191536e-20)
(1.006303025901091 -0.000241604401969301 0)
(0.848089890602874 -0.7741667258407625 -6.058176325665499e-22)
(1.081557439193242 -0.05223450192727291 -1.072260952595524e-19)
(0.8768386439966287 0.3259559866448012 2.915238057179005e-19)
(0.8371764278858034 -0.2025259225100043 0)
(1.030764832734235 -0.03468701999962176 0)
(1.053853098848945 -0.02834097260477877 0)
(1.008244458868045 -0.0006031822484424554 0)
(0.9811512020026393 0.006178552253527072 0)
(1.350943892237328 -0.2397748238176919 0)
(-0.08564435092587576 0.1741726880267363 2.449225911159167e-19)
(-0.03338916405157569 0.0711814526237048 -7.46675177939423e-20)
(0.2175650845775023 -0.1111345309318607 -4.261707761659217e-19)
(1.51788281992407 -0.4381960405922916 0)
(1.034494607380979 -0.01646592962890363 0)
(1.769328195214232 -0.7576805762758546 -2.334936759128514e-19)
(1.134172714630665 0.0009540473203638095 6.406944759706084e-21)
(1.325482978053723 -0.09317089303381813 2.857631075841684e-19)
(1.109226682968628 0.7098047762506872 1.436095059710253e-20)
(0.3392086280734971 0.5944175666769823 -2.173140116118614e-19)
(0.6768189811335956 0.4603173364767053 -4.753557685523285e-19)
(1.051435550961471 -0.157675859878461 -2.072983356699172e-20)
(1.224715166092218 -0.3597330662328628 0)
(-0.04866152929456993 0.1976255710393555 -7.530353370219746e-19)
(1.047124850058208 0.0234053803974401 0)
(1.104264639880507 0.03622697296517163 -1.57145418407511e-19)
(0.8155439221314252 0.8979263666430011 0)
(1.063810395334011 0.03808735364263287 7.514542332850164e-21)
(0.2697389975955314 -0.06755470600044872 0)
(1.10191690838423 0.02567821075880771 2.438453191056421e-20)
(1.37307553992332 0.3247946568112141 -5.591458379084202e-19)
(1.074414426717528 -0.0125613047413971 -1.679604325589446e-19)
(1.472185225676928 0.1587674244306504 -2.555301896525967e-19)
(1.332940665092293 0.4189137100551035 0)
(1.176325341309449 -0.2727369016429356 0)
(1.302834617085805 -0.1388902569212306 -1.235570577314065e-19)
(1.066862962521052 0.01621614314765892 -3.334378191733812e-20)
(1.060652390277071 -0.01200726342633889 0)
(0.7363222102550309 0.1405437717780064 -1.095786666975867e-19)
(0.7733872594287677 -0.57540685352263 -5.814058690486409e-20)
(0.6669109829119559 0.2050952719905086 9.569157248881299e-19)
(0.9766993552237582 0.1077023093461345 3.331315884294452e-19)
(-0.00361589846612129 0.08719032077127122 0)
(0.5611010301672824 0.0111739418286082 -6.468034250583273e-19)
(1.058250813648587 -0.03899345753806025 -1.905162938472867e-21)
(0.7016095942292696 -0.1250107362390158 -2.841405808539876e-19)
(0.001144526227746865 0.2214588337782467 -3.1313081927408e-19)
(1.179883638770196 -0.07881855556755113 0)
(0.3975870651133223 0.01424065424933049 0)
(0.1607267416015163 0.3731953558822639 0)
(1.443805600918962 -0.2655667848943257 0)
(0.2337951624394957 -0.3561782185898802 -6.432565698843773e-19)
(1.593867919417149 0.0381321549504787 -3.849771605283632e-19)
(1.025112535916 -0.2011727009923163 0)
(0.6680380804683614 0.0155336290491426 2.443342688272287e-19)
(1.02464521837184 -0.0109194325302562 3.570416941111724e-20)
(1.138919832259096 0.2362062212473653 0)
(1.73738561141634 -0.1131900292261263 0)
(0.5802234501570466 -0.7355901019829401 -6.708275915131994e-20)
(1.269385754263749 -0.1104372813599419 -1.016478335274109e-19)
(1.40839080549383 -0.08773284218284706 -4.365143373957273e-19)
(1.485604795604183 -0.06773149487116929 3.706687544484313e-19)
(0.09528447571777354 0.1018957748035303 0)
(-0.1037486574927391 0.08558898662335755 2.864785440542167e-19)
(1.038213441961438 -0.06331219311293337 -4.760266428359914e-21)
(1.119731187719986 -0.1402901145091666 0)
(0.6403311973017115 -0.3549723210476111 5.228605274576178e-19)
(1.048789434147378 -0.06321388737687185 1.349413001624956e-20)
(0.8444586974419451 -0.1422030618145602 0)
(1.314176114234784 -0.1380954203467677 -1.091914694613947e-20)
(1.120510507949678 0.08420771277780545 -4.358140442254229e-20)
(1.091053076689525 -0.004955983064642833 0)
(1.128840245245501 0.5711087358670881 -1.132323010958462e-19)
(0.3417148272860881 -0.5976977338684736 0)
(1.060676552380443 -0.003263617199907465 2.812150344655326e-20)
(1.096956260480721 -0.005837683358538407 2.697625798114438e-19)
(0.08898651069908907 0.1404431199866088 -1.730741546764249e-19)
(1.182227051428205 1.003079388532979 -2.257164422277199e-19)
(1.36754298018807 -0.1385628120861185 -8.738725913602733e-20)
(0.9435701201043906 0.128469772808526 7.029263129927054e-20)
(0.9977002540575043 0.003751922458971219 1.019442892368831e-20)
(1.057110798034297 -0.146227962628474 1.832430407960869e-20)
(1.506320287135146 -0.9476124928590172 -5.203324934084867e-19)
(1.534779720698885 0.9514330049054828 2.379525481879408e-20)
(1.429168145931011 0.2218925353371937 3.340558646568642e-19)
(1.028474096975896 -0.007346533074267659 2.101126995258775e-19)
(1.035324100739567 -0.03314518239040938 1.575815671611692e-19)
(0.9916555130949268 0.0220282091203742 -1.879186136586511e-20)
(1.057972645043125 0.03840816456773132 -1.48912752115726e-19)
(1.078716344439488 -0.06551917386016561 2.809492343719552e-20)
(1.437044908055393 -0.1387956827633895 3.437360259135464e-19)
(1.822305025359824 0.7493936004712828 1.870900740806751e-19)
(1.032437355334663 0.03080756227327672 9.657354190931115e-21)
(1.071906195558019 0.01369282614984626 -1.076154038011362e-19)
(1.990433293380244 0.4783190733545731 5.390410990741997e-19)
(1.933751183187248 0.1598909592451112 9.407415670362423e-19)
(1.082498578023178 0.6397394915513738 -9.950007298719868e-20)
(1.110191442093451 0.1718141991008854 0)
(1.044122540894605 0.0230282966177039 0)
(0.5111223656007843 0.440704438704252 1.158882094555539e-18)
(1.374272763462317 -0.2987948024618928 1.856184202953374e-19)
(1.187441241332384 -0.1488853397001487 0)
(1.635970671755864 0.2357513775573389 -6.246544376078249e-20)
(0.8109872153004799 -0.1560729044543201 -1.323881941075281e-19)
(1.325875906594703 -0.2094319496354237 -8.967805593853793e-20)
(1.251111794192016 0.3900632182406448 1.461644475355871e-19)
(0.4926164053990364 0.197632322025963 -5.591111317977117e-19)
(1.691536957584053 -0.0211538346065797 3.319459829437498e-20)
(0.8551753948578272 -0.5437600480181507 2.315240314316578e-19)
(0.9985084428811151 0.02361685564491498 0)
(1.622676726210563 -0.1883972167060934 -3.149707468278651e-19)
(1.090603623434428 0.1006551608472297 0)
(1.340767445474908 0.5818669159494863 0)
(0.9415314924355517 -0.4129120183167853 -2.793804008436683e-20)
(1.24766706143847 -0.02743118929305118 0)
(1.038248549799297 -0.003741084006485262 -1.270646217146115e-19)
(0.7214537969825205 0.1069869169510205 2.936336812022543e-19)
(1.32237739919623 -0.5807653925695294 -5.526761737215337e-19)
(1.050819174100186 -0.6321040176047966 9.042892865826894e-21)
(0.3510752032569878 -0.375749135152309 -8.622688563914568e-20)
(1.006935115043523 -0.09524414517372912 0)
(0.4461590885334592 0.3038594242607487 1.678286635042053e-18)
(0.2839864795022337 0.02736991610187536 0)
(1.31222026346382 -0.1415464218646198 8.158862760922286e-20)
(1.573952031313402 0.1887141940256988 0)
(1.167822242600485 0.4475645569462367 1.360092328558433e-19)
(1.053773966489959 0.1533306790894124 -6.103126697469398e-20)
(1.031733866516272 0.004454780099315543 -2.053567008249668e-19)
(0.9577404878488786 0.4102395446330567 0)
(1.161166433364384 -1.009283786860993 5.75306687471378e-20)
(0.891051656592452 0.01062278178475805 0)
(1.069984384978252 0.3797925057066304 0)
(1.052944070675575 0.02953002195797817 -3.950388220943794e-21)
(1.470987952124552 -0.2995193348146464 0)
(1.242889549443928 -0.1851172296437976 -2.913189279255892e-19)
(-0.00264830707011241 0.01480389487887163 -2.045626328263397e-19)
(0.2391853219424851 0.02035455648387443 8.860560231348138e-19)
(0.9808866403100831 -0.09812459663593794 0)
(0.4727211063137736 0.6489203594021044 -2.531774497079996e-19)
(0.9174923763883992 0.03098003562435094 0)
(1.539839658729397 0.4154379392083847 5.515950700780909e-19)
(0.4741821343079016 0.1359546799331465 -6.081249390275856e-19)
(0.05181519131449355 0.1673207816772183 0)
(-0.4210405168048029 -0.0591420268657998 0)
(1.032303127512709 -0.0001962718392467749 1.301907706755112e-20)
(1.656353090987094 -0.2264595394414435 -1.09345892684458e-18)
(1.108269142281642 -0.5624650289314456 2.337226781666731e-19)
(0.7821592607463482 0.3344509244330119 -8.708729073854957e-19)
(0.9152793816697687 0.1308367713717887 1.464140177006714e-19)
(1.043758530048417 -0.003555702369058042 0)
(-0.291074660701922 -0.1091688698725098 3.902079668624664e-19)
(1.033572924992046 0.0467488685425281 0)
(1.200285372798573 -0.2467144915575572 0)
(1.564136856962924 -0.1913890873169819 5.230363688385865e-19)
(1.126771763696247 0.07668095591366919 -7.517017908264665e-20)
(1.075596163314104 -0.1484162409488272 8.393811720841104e-20)
(-0.04172559102224162 0.09240242214921346 3.44637449763602e-19)
(-0.07550608760886425 -0.1662213707763848 2.707393025389688e-19)
(1.068562591900629 0.2092131537858153 0)
(1.098042051883909 0.06050706388804929 2.102503191350117e-19)
(1.490753918979577 0.2837036887378026 -3.554468167124683e-19)
(1.32149202511403 -0.4871324687762255 2.344822571647349e-19)
(1.146923636062231 -0.1460084814206269 0)
(1.121707964373176 0.150543189244055 0)
(0.526123033858548 -0.6879472421533996 4.165766258508799e-19)
(1.313711843658302 -0.04100949626133096 -3.017809994001178e-19)
(0.9989378661016339 0.0984812446776421 2.455697442547935e-19)
(0.3130028623640537 0.3577048612675269 -8.884422924557823e-19)
(1.023910811031964 0.1052636815397202 -4.004604313440904e-19)
(1.036339547364977 -0.3956013671916384 -5.301009068153187e-20)
(1.461652223084455 0.1071702253407332 -6.585475631783084e-19)
(0.7790141161305446 -0.8836287194926788 0)
(1.056573367643934 -0.03091055601927047 0)
(1.135781441878867 0.1632549386829872 0)
(1.619200261933079 -0.04213930425982636 0)
(0.81541758004238 0.594663863306084 -2.004882940371532e-20)
(1.490406670668597 -0.3573373562556678 4.516290164398567e-19)
(1.543168421073245 0.1462414165007083 0)
(1.135102986406436 -0.4586637536803884 -1.604207459608848e-19)
(1.462928263285787 0.343488393730117 -3.581692457574375e-19)
(1.00961497125888 0.028505824822345 0)
(0.2196968135201254 0.001583910230319532 -2.522130650938088e-19)
(1.33784864141386 0.5106377691059261 0)
(0.9760063968375374 0.006941815928452025 -3.888638576408815e-20)
(0.7629016919193684 -0.3003370960831443 -2.07320760832304e-19)
(0.5084158181077076 -0.08140580444947572 7.889488565380082e-19)
(0.2254190066494604 0.04878316203935451 3.752557866858925e-19)
(1.061586886149816 -0.1381790121708217 0)
(0.03483438013632303 0.004399803358810096 0)
(0.3451365238230149 0.04135452895947415 -3.015738404418628e-19)
(1.005806130773753 0.01772680992914025 0)
(1.454566832503959 -0.01035604268509506 0)
(1.006871051296532 0.02895940909584511 0)
(0.4683945890104465 -0.2732939803105074 -1.007955426005102e-18)
(1.049377586550743 0.08874741059512974 0)
(1.525873424077049 0.03900755683867942 0)
(0.2309328448083369 0.1123546154586335 5.439804433183956e-19)
(0.8792474630325227 -0.3216713772550403 0)
(1.36734857168399 0.05131286887329493 2.71940140575125e-19)
(1.238881844430172 0.2044736041272367 2.097937689661138e-20)
(0.8990194723624713 0.5544328658955807 1.519668578768823e-20)
(1.034102609251021 0.09937609943194653 4.548083293528413e-20)
(1.031888651695552 -0.148570622802434 0)
(1.368256444391231 -0.02469917083368974 0)
(1.286970450992409 -0.1242478397879477 0)
(0.6245356238496035 -0.03952662534144129 -1.364109905430294e-19)
)
;

boundaryField
{
    FrontBack
    {
        type            empty;
    }
    Top
    {
        type            noSlip;
    }
    In
    {
        type            fixedValue;
        value           uniform (1 0 0);
    }
    Bottom
    {
        type            noSlip;
    }
    Out
    {
        type            zeroGradient;
    }
    circle
    {
        type            noSlip;
    }
}


// ************************************************************************* //
