/*--------------------------------*- C++ -*----------------------------------*\
| =========                 |                                                 |
| \\      /  F ield         | OpenFOAM: The Open Source CFD Toolbox           |
|  \\    /   O peration     | Version:  2412                                  |
|   \\  /    A nd           | Website:  www.openfoam.com                      |
|    \\/     M anipulation  |                                                 |
\*---------------------------------------------------------------------------*/
FoamFile
{
    version     2.0;
    format      ascii;
    arch        "LSB;label=32;scalar=64";
    class       volVectorField;
    location    "72";
    object      U;
}
// * * * * * * * * * * * * * * * * * * * * * * * * * * * * * * * * * * * * * //

dimensions      [0 1 -1 0 0 0 0];

internalField   nonuniform List<vector> 
808
(
(0.7562596677145392 -0.0175018215142531 0)
(1.031527102917978 -0.01262566067787596 0)
(1.111609857378023 -0.006461486230297224 -1.744441665419967e-20)
(1.085120174791332 0.01260227046088539 0)
(1.364385715280735 0.01449835087198235 -3.865651419256664e-19)
(1.038742842582155 -0.0093682388034497 -7.255122379949075e-20)
(1.014072566484717 -0.02111790958990692 -2.388547103638748e-20)
(1.07910509101804 -0.005411924135690509 9.04091151370587e-21)
(1.254809270685761 -0.02028601297971362 6.31351853660344e-20)
(1.085088996040611 0.01025403353515598 0)
(1.009893029628389 -0.007807529453344316 0)
(1.306467704716609 -0.05341546786526319 -3.515030811286095e-19)
(1.086237232189319 -0.002003341434437217 2.040616783792203e-20)
(0.6751896439179359 0.006367301438010176 0)
(1.278931589221904 -0.1143648595833958 0)
(1.081494201997889 -0.0002708663867801913 -3.850045410563793e-20)
(1.226213075673283 -0.143352779662601 -9.503878717777747e-20)
(1.073955435468457 -0.0001333639707882539 3.193357942959038e-20)
(0.9908775892573766 0.003588495189868967 0)
(1.026357680553327 0.009674962546515561 0)
(1.033776045374464 -0.0105928773196288 0)
(0.9875163723898559 0.04463877640551193 0)
(1.051124684184678 -0.005928508291955178 5.65040909951094e-20)
(1.053613493946256 0.00924306848370313 0)
(0.9327582056590471 0.1972509925096846 4.595846626738117e-19)
(1.164902094524895 -0.08455770169160602 0)
(1.186139405267695 -0.0187938383079301 1.567214837795561e-19)
(1.07737745234863 0.009542641753775481 5.211134149159416e-20)
(1.08366583295846 0.002303629282375869 5.086530389173533e-21)
(1.071782474579722 0.03088217157691183 0)
(1.075317191257345 0.002809021579822691 -1.177715265896213e-20)
(1.033057050972289 0.006856772114069628 -1.925197700882752e-19)
(1.059995161428784 0.01467677969682826 -2.366034646523042e-20)
(1.088968322192222 0.005595081896424795 -2.93457444029702e-20)
(1.120946569340083 0.03915847863043266 0)
(0.7550713181451317 -0.1237350854758225 -4.542079718501571e-19)
(0.9547979616632012 -0.005870514257268662 0)
(1.068802679014998 0.02224442722319415 0)
(1.068807808948322 0.007300275170177341 0)
(1.073729059307769 0.008907098078221041 -2.830693362413695e-20)
(1.092683000606241 0.0246113493858816 1.101672442740708e-19)
(1.151054264454183 0.003553657416336664 2.157779419039019e-19)
(1.096004895259134 -0.002264097508406076 0)
(1.015444179026405 -0.00909969784499102 0)
(1.133333782851375 -0.09351879462532502 -1.623517852345176e-19)
(1.04409435849641 -0.01159948689865748 -8.12815984788687e-20)
(1.05813059177939 0.02662251901275362 -2.745465804761544e-20)
(1.231546301745538 -0.1123036774839962 -5.592170682715242e-20)
(1.067563733009559 0.01206773354536272 -4.175795902347362e-20)
(1.258433358921929 0.01722433112523302 0)
(0.9964719415076906 -0.01917362762529487 2.16840242754469e-21)
(1.044716725697943 -0.001892868344947719 0)
(1.08761067493537 -0.002068145015759268 0)
(0.9994449588079659 0.007094426854824784 -1.843317381600255e-20)
(1.250438048978737 0.03412077456354802 -2.350746430779178e-19)
(1.063514261945723 0.01808319685596559 6.023916524935924e-20)
(0.9920530884661347 0.01023419932618585 0)
(1.018973071797247 -0.006703132216229101 2.423107091472364e-20)
(1.107583567826289 -0.0003477855155145575 -1.181690777035711e-19)
(1.061099327992082 0.03106628194257289 0)
(-0.0884342770464131 0.009318463129927035 7.57039148742502e-20)
(1.155135651461912 -0.05184728545799752 -1.88803855558343e-19)
(1.006889302255333 -0.00615158063706109 -2.66131275983099e-20)
(1.186762760740592 0.06966632147620769 -1.22688276990863e-19)
(0.9977514561358494 -0.009314721241143976 3.058390151957762e-20)
(1.084326863729862 -0.005479012186759277 0)
(1.248810183971357 0.0974582649431288 0)
(0.6960845312666175 0.003185361881421232 -7.452765538611059e-20)
(0.9888346053913456 -0.01356697679304937 -3.186632944616738e-20)
(1.460814729097679 -0.01866308480016602 4.45197467944486e-19)
(1.060478982849554 0.007609399985242351 -6.67337326949279e-20)
(1.368761780186828 0.09586468999812683 2.880501520971246e-19)
(1.054793851104586 0.006878435376534255 -1.93408951486539e-22)
(1.081108261888097 -0.0138593733887944 -3.441687039065716e-22)
(1.16515215200025 -0.2364469971549963 0)
(1.021737849326957 -0.01487011183509694 0)
(1.016973687074713 0.01788139332735141 -3.074446361520396e-20)
(1.38548369029816 0.3484715970467133 4.179462777082571e-19)
(1.09727926574017 -0.04246581891670476 9.466188758637693e-20)
(1.045487376784197 0.2093707712963858 2.494739601473786e-19)
(1.124875078959508 -0.06019004022020492 1.161052361070998e-19)
(0.9219464662354978 0.005137513276776254 0)
(0.9753493116191 0.01850839557361332 0)
(1.004091581374794 -0.04885223288287451 2.877597374543055e-21)
(1.009872695171818 -0.01327825251119116 7.68148828426156e-21)
(1.029888336186058 0.02671373787579823 1.380710072746335e-20)
(1.530088051406157 0.03532985422034425 3.247865500853219e-19)
(1.288855260266145 0.07118859907417219 5.546781992826531e-19)
(1.072313133803981 0.003110858506171795 -9.064540765260562e-20)
(1.197181506656619 -0.09237313686712699 0)
(1.033728846693594 0.001925712253714117 1.323485530907258e-19)
(1.16526930834905 0.02226822870699632 -3.190116065383351e-19)
(1.001448038658653 0.03237767190391422 0)
(0.9996260114122764 0.00203231639658985 0)
(1.044458096637854 6.852374558379499e-05 7.840462977433615e-20)
(1.21471355170898 0.1114638844563637 4.144274591167989e-19)
(1.011098539257087 0.006990462205696333 0)
(1.092104950892959 -0.06850030069593514 -1.054627404568536e-19)
(1.150990990012717 0.03785179058101634 0)
(1.215091240269598 0.0957064739298621 -1.946253236409178e-19)
(1.108190817019873 -0.02880973715404236 -7.735995087292641e-20)
(1.027232840247092 0.01183657915031376 0)
(1.08501441802164 -0.004605671810221695 0)
(1.018903223713951 0.02620660710989316 8.020701801116441e-20)
(1.071765201866791 0.0559773870694933 -9.604061097079088e-21)
(1.103823665005383 -0.004130851050823245 6.317121904789712e-20)
(1.110921337677937 -0.09311815737291795 1.496467481395171e-19)
(0.9637122583615851 0.00472009624120267 0)
(1.065979966183859 0.03114208242228613 3.784568270740919e-20)
(1.169114668258525 -0.07652316927708941 2.307479863144852e-19)
(1.051229542780133 0.04663891564896839 -2.892995668970798e-20)
(1.022660343381593 0.06743651811475507 3.710726050823901e-20)
(1.090218554681029 0.02602191066861567 0)
(1.017570995836111 0.01659169974159139 0)
(1.029007232135413 0.009387413855766425 7.8703626175924e-20)
(0.9486197988496491 -0.03336223717434383 0)
(1.052733571125147 -0.005547782417181008 -7.692882341345807e-21)
(1.342899812487709 0.05810588073299541 -1.567687108357208e-19)
(1.079881224964027 -0.01312466360488722 2.639543626309515e-20)
(0.7439502991601585 -0.001725277234757439 0)
(0.5887075148845373 0.1924045066421744 -1.046858056058418e-19)
(0.7062055793696617 -0.002510100817076973 0)
(0.6987723840363831 0.0146240447598882 0)
(1.07764462744252 0.003672176714543039 -6.657988508854245e-22)
(0.9906495382398661 0.01451671600043959 0)
(1.278272207899094 0.1225402579650278 2.507470329774323e-19)
(1.012315631394604 -0.02781929262917013 -7.691041762890196e-21)
(1.046062791223884 0.01923906345345057 1.728000422096911e-21)
(1.058701582670646 -0.01176794145463086 0)
(1.12665016334885 -0.009110173558008011 -5.035207079379782e-20)
(1.270690347816169 0.1373283998656301 -2.294431432171914e-19)
(1.089337714884689 -0.01109973047606103 -8.597795464065893e-20)
(1.070231015269104 0.02681353332376771 -1.092125004770786e-19)
(1.040805056196841 0.04675984429347622 7.097035889574699e-20)
(1.022610040450028 -0.003757235812606864 -3.467778500748861e-20)
(1.060855730668146 0.02356820629977928 5.925419855652365e-21)
(1.13361447434216 0.001188662111416527 1.048469257310327e-20)
(1.039157939224736 -0.01550017774197769 -4.819490958604281e-22)
(1.087400199730381 0.03472060426282482 0)
(1.028047435038318 0.01368347408811191 0)
(0.7686760515059099 -0.06889812047566127 -1.806411559134491e-19)
(1.030217598878145 -0.001632817453898261 -6.767846289179849e-20)
(1.129550429942184 -0.005263709440536962 -1.25856429453198e-20)
(0.7034217587037974 0.006573936874068287 7.277333890826982e-20)
(1.174723666481204 0.02009091211419993 -1.937358234506627e-19)
(1.136107894990162 0.007400985149174209 5.042690246847953e-21)
(1.128975529909165 -0.01001434728154774 3.432439462168671e-20)
(1.000936168633054 -0.002941671971070925 -7.245422063697919e-20)
(1.103149747041552 -0.06385357798821686 0)
(0.9881401517664816 0.004787988191105197 0)
(1.057836374694357 0.00705225208879769 0)
(1.005418070201384 0.1880130346120724 -2.435766435610594e-19)
(0.7791737732068491 0.01242291569149781 0)
(0.8569284116304093 0.1007043022267488 -8.368877380636192e-20)
(0.07940820279491019 0.03586827389690095 -2.979586949397914e-19)
(1.171993804995518 -0.03003340631485411 -2.253642767253383e-20)
(0.6713100430023945 -0.007303946676024425 2.445017601726978e-20)
(1.168688548473737 -0.09998639386362745 6.873020182599993e-20)
(1.123344918388897 -0.003583207900259801 -5.743841786635441e-21)
(1.154504604915151 -0.04804264548694195 2.189978941063004e-20)
(0.09900456507256802 -0.2204318358373049 0)
(0.238589111477192 0.07596504855398196 0)
(1.260823494975184 0.1102870111154039 1.906907946589251e-19)
(1.021097760395799 0.01979179490759346 0)
(0.7378367749528513 -0.006254057182125201 0)
(1.075294186412234 -0.01156254882091499 2.728891960540296e-20)
(0.974762550764222 0.002828906366456571 0)
(1.297571272561068 0.1269648471067798 -1.555047220366965e-19)
(1.057419597559975 0.01105939419515253 0)
(0.9936525943841741 -0.006973007560457164 0)
(1.065028401723628 0.008335029571935711 0)
(1.006190410773262 0.0208502659214574 1.948532640232897e-20)
(0.9381823084873387 0.01578560243830055 1.166282405017107e-20)
(1.177330304167634 -0.2000389397720232 0)
(1.005185843493769 -0.005181673154012519 7.939733548588946e-20)
(1.059140392248586 0.006413038175685728 0)
(0.7746600426566318 -0.003278466710785329 0)
(1.21823839004218 0.02830804338821138 1.65076557802377e-20)
(0.7049507553088973 0.001357626145851264 0)
(1.435914529467547 0.08650768811053862 -5.219158115289272e-20)
(0.9952325497870872 -0.006027863300661137 1.700330506728109e-20)
(1.273174368527247 -0.001920193933404949 -2.960629045658607e-19)
(1.05951815304857 0.009002631448169445 1.363974449167654e-19)
(1.000911594839451 -0.01355931282745986 0)
(1.212174339106888 -0.1406942426684037 2.047242583308815e-19)
(0.7331891045505643 0.01378657780658384 0)
(1.098522586409012 -0.004985095193971876 0)
(1.154245038081781 0.06929768035184578 1.959126728011116e-20)
(1.006836267096792 -0.006459938739707528 -3.037871835377669e-20)
(1.121455816588356 0.05311009433345178 -1.748849655970742e-19)
(0.1010035437055912 -0.09011069208335906 0)
(1.072345879817723 0.03921395723252522 0)
(0.6617742146605496 -0.002904025152436427 -5.824692588596753e-22)
(1.012157138279279 -0.01942154080104043 9.425785353662514e-20)
(1.061313634625758 0.0008220119880113896 0)
(1.07509162934454 -0.130101760922801 3.724076636031986e-19)
(1.002820221550222 -0.006174380660040583 -3.376706012971303e-21)
(1.003219444467045 -0.004889510402860505 7.47534482691307e-22)
(1.093947564637131 -0.009286382988821963 0)
(1.020684907994832 0.02052910238899155 -6.439127567850505e-20)
(1.10654862589861 -0.001568196461013445 6.532038835079617e-22)
(1.074603040170874 -0.01118669950382646 6.639453022159601e-20)
(1.085740490314989 0.02223037362219521 0)
(1.329997601611595 0.1598573902446403 0)
(1.002026990538046 0.0002869666534910417 4.414364245999225e-20)
(1.318955989089831 -0.1278885042313556 1.572813678188684e-19)
(0.03039869678768669 -0.1840306232055984 -2.415814442637067e-19)
(1.071202680265159 -0.005398823878260599 0)
(1.113464508693453 -0.004752224147622401 1.176737833099872e-20)
(0.7267575370182804 0.01780528473100864 0)
(1.060365957249607 0.009857878364402843 0)
(0.8663139193787943 0.1637534794696101 4.666325681953734e-19)
(1.278642129664312 0.1323100278407721 1.932814547534987e-19)
(0.6543301615364628 -0.003097069659257571 -6.440136354300875e-20)
(1.040073303866717 0.003202410967939995 -6.430458958835803e-21)
(1.054736801736825 -0.0002396841826526216 6.542234900859277e-20)
(1.364352862882688 0.1204945968720811 6.681373076098961e-19)
(1.334469975381968 0.2519249837208198 0)
(1.059752067600039 0.00486178050066545 0)
(1.000623890206475 -0.005374419720642115 1.456834432185248e-20)
(0.9927619080010627 -0.005445359236028078 4.812880287309296e-21)
(1.382310243551259 0.1996076413127166 4.275727019767093e-19)
(0.6818201065034054 0.0004675557859544937 9.925647873710624e-20)
(1.005619835395529 -0.002189681701754806 -6.005012942609352e-20)
(1.098223988560306 0.01309225943897235 2.557025890787824e-20)
(0.6694637421153357 0.004967288062391041 0)
(1.066089903156955 -0.01201476959680999 0)
(1.017225858832267 0.1515838593480983 -1.37127159160043e-19)
(1.0920433724786 -0.006134823835551724 -2.531146932778307e-20)
(0.9820378087269351 7.893879889798785e-05 3.296102641358344e-20)
(0.9912114118884106 0.006026236816697312 0)
(0.6381931977149835 -0.001072268944542067 0)
(0.9767132748226887 -0.001190092783248915 0)
(0.6421157747315304 -0.001450108581602457 2.646033144576485e-21)
(1.089624612802912 -0.05534994891238339 1.200869123315628e-19)
(1.112114006447351 -0.003685886223305256 1.165531864156007e-21)
(0.9579168484753834 -0.0008708105613721442 3.890735495703308e-20)
(1.016794222206814 0.0100384604875366 1.73034564462074e-20)
(1.067012104261171 0.002545742025240428 -2.545214155864973e-21)
(0.6347207452568003 0.008876828808809006 -3.625557807240327e-20)
(1.005439642463454 0.008549289236348149 -7.798884691829445e-22)
(1.037023676865979 0.006560073320288878 5.420223458783759e-21)
(0.9860030845811535 -0.00971296069861703 0)
(0.6099536694919002 -0.0004650060460003341 0)
(1.068816946138257 0.02251196072314826 0)
(1.016850012595103 -0.01661420082146985 1.034475075183277e-20)
(1.0237737324568 -0.00987668695619141 0)
(0.9921229320553472 0.01346057068270838 -9.886864163249379e-21)
(1.009404640184336 0.001119934955645314 0)
(1.131842382152507 0.002675871078593796 -1.162377532104105e-20)
(0.03596417384777435 -0.1438884202985833 -3.818379043503545e-20)
(1.035102540811522 -0.01854979413539093 -5.892964052036006e-22)
(1.041200234368848 0.004905278201887255 0)
(1.081378283634171 0.06919901036885784 8.474039943709768e-20)
(0.9673423609241133 -0.002180606594450528 3.109413978351306e-20)
(1.02023702391233 0.01667676402656667 -2.307189503574025e-20)
(1.002761815174053 -0.002488884930121748 2.447429165335235e-20)
(1.039246525586534 -0.007831075188098564 0)
(0.6408766457281324 -0.004058198898378736 0)
(1.025845469783112 0.02453643440960136 -7.567929532758399e-20)
(1.08738095526786 -0.005766517573918647 4.977767147845291e-20)
(1.015437737508709 0.006942358083443783 0)
(0.9793414434248099 -0.001429057328225232 -1.955731350631657e-21)
(0.8600645248514933 0.01020494738213795 -9.156164112150907e-21)
(1.014025553039216 0.002570969831586197 -9.736894522685151e-21)
(1.02277597171223 0.005499945327226185 1.880800847781205e-20)
(0.9845272977351139 0.004404487931492741 0)
(1.005036025034763 0.01203275742683769 3.36714275434115e-20)
(1.110791048298874 0.0005158589869578787 0)
(0.92923724929506 0.007899174739610998 -3.093123047655273e-20)
(0.9554471522184181 -0.0004545170006869695 0)
(0.9081362309321843 0.2056637097954488 5.039174864000096e-20)
(1.010891109520077 0.0669925259252486 0)
(0.9920373168905418 0.004917265586669901 -2.267173298879314e-20)
(1.059236462888003 -0.05174637567770323 -2.867695755347768e-20)
(0.9930486147148285 0.0008754059022805403 3.289371002669997e-20)
(1.009035919714881 0.007114320266980134 0)
(0.9788461494529299 0.0008037145179072047 -3.051519035576241e-20)
(1.173866831698138 0.1048582000590424 -3.433462558343809e-19)
(1.069688790581569 -0.2652465411607697 0)
(0.9933265300111713 0.0004643144411187063 -2.264368774885714e-20)
(0.9739765002938207 0.001013785723254999 4.909535022171458e-21)
(0.9629878175751905 0.002664181208442929 9.946204208674727e-22)
(0.7459359778393886 -0.001045990064478843 0)
(1.124074908525383 -0.07578078905605136 0)
(1.002737089228317 0.002357926687187775 -2.268400656277002e-20)
(0.909148219513173 0.01301183750019461 -1.006156444391828e-20)
(0.8464500175801767 0.002741459385731572 2.495395083991315e-21)
(1.01417787674037 -0.008350849441398972 0)
(0.9578787723531037 0.01282854489852051 1.414927130521347e-20)
(1.005556346935089 -0.0002325783032168691 -2.275253633164175e-20)
(1.023833499010135 -0.003517902768821721 -2.529793462193025e-20)
(1.115091909919274 -0.001480368661396051 -4.935879689647241e-21)
(1.11911921071136 -0.001425050623274944 0)
(1.012342095360784 -0.00798185035510917 0)
(1.020031800643992 -0.0005286414927994269 0)
(0.9416806654056156 0.0006483392105821478 -1.989321565819006e-20)
(1.017852856110675 0.01359751545825538 5.467949800293727e-20)
(1.086386900298037 -0.006034690676937976 -2.301861053650277e-20)
(1.040345725035592 -0.008646173689210265 0)
(1.107975730198689 -0.002934559823964102 1.85366726779502e-21)
(0.9942488869617419 0.002003745763314665 -2.236571745233898e-20)
(0.9839599005819082 0.001968767061716352 0)
(1.01049831212726 0.00314615791365588 4.667104104885314e-20)
(1.366325005444251 -0.314586962873823 -1.127479384249848e-18)
(1.121733666618855 -0.04322321121204578 -1.093370474406248e-19)
(0.966204550179189 0.005830592454754226 4.447173437037856e-20)
(0.7649572559823528 0.001561592215947057 -3.23862614017316e-20)
(1.223759617585615 0.05241584530229382 0)
(1.222560470289694 -0.1265771718418815 -1.470034818592388e-19)
(1.081922546013895 -0.002566291005831824 0)
(1.008115125867023 0.0007487432981296835 2.288986882306269e-20)
(-0.1910174067627087 -0.1371445267986076 0)
(0.9939669091033365 -0.004656451401818504 0)
(1.012395022114121 -0.02310353679407723 4.277728340901333e-20)
(0.7064175726937292 -0.01945478289251915 0)
(1.096785457229311 -0.01479118250048129 2.183836583488248e-21)
(1.04154578899349 -0.0054937933074275 1.747755336987963e-20)
(0.6332117011851486 0.004118860806917672 0)
(1.448967396836404 -0.1235490674642934 0)
(0.986107799356902 0.001502840051870003 -1.075444717044682e-20)
(1.069785982068942 -0.0150846948442111 0)
(1.037793523103617 0.0004163376528051459 2.090152339667364e-20)
(1.08130561289948 0.004341782101429389 0)
(1.011931996820276 -0.0003591876595236784 -1.103587710419757e-21)
(1.005801635649132 0.003152988762923177 0)
(1.008756445547604 -0.001279262551707083 -8.277626332298119e-22)
(1.004387835495365 -0.02074356183270203 0)
(1.036236341273441 -0.004353942227181987 1.712902477977729e-20)
(-0.1771744049074273 0.02969674700696691 2.712770676815554e-19)
(0.7974259291769943 0.0211692503208603 5.458171635182806e-20)
(1.005411778115469 0.001846215891858709 0)
(1.126897352365548 0.01129373171320339 -1.133264747137113e-20)
(1.117225722355798 0.008032739499723759 8.586255513895664e-21)
(1.054545691218565 -0.01280936703439134 -1.301926328235397e-19)
(0.9987780330216531 0.01037465537137299 5.554127918567736e-22)
(1.079741349149308 -0.0005182048486335946 0)
(1.188324240156147 0.05318697700108044 0)
(0.835296860150719 -0.07634749177793428 4.59791504907742e-19)
(1.091132070075826 0.0009217429114318331 0)
(1.033778619033558 0.007478769803807868 -7.550427462596353e-21)
(1.042432711688203 0.005231013226555368 5.874417610706177e-21)
(1.055695366712757 -0.05952594785832642 -7.5720825454841e-21)
(1.139289706453249 -0.0009996733288575757 1.691953192234007e-19)
(1.086131090295987 -0.00338289087629104 0)
(0.9942008774588218 0.001633518657742465 0)
(0.9968955209849155 -0.02673274579957653 -2.393436674131553e-21)
(0.9900829877726984 0.00340344935355438 0)
(1.031468697611883 -0.03764955969434106 6.434552337169531e-20)
(1.290690889135913 -0.09444540348384785 0)
(1.041196178692132 0.0008583121727937459 -4.40616577790711e-21)
(0.9861763848785368 0.01700466355681274 -8.753991650040683e-20)
(1.032761599568188 0.04219443879333023 -2.374106717759732e-21)
(-0.07580817609064636 0.1615522419278327 -1.704129345671676e-19)
(-0.07100389638173275 -0.2989665605163961 -1.314518628763628e-19)
(0.896028096409021 0.1346275364594407 0)
(0.2851090924866286 -0.03629111031469615 -3.240509449897655e-19)
(1.005281174863351 0.0008783555441113846 -1.207920669301313e-20)
(1.063851135354374 0.002719651054356788 -2.090765231780023e-20)
(0.9913254270735318 -0.02032784250470153 3.060211771042841e-20)
(1.023898639477795 -0.03179157307317443 2.643391330343382e-21)
(1.010175511045573 -0.03165909658077706 -6.614767187951109e-20)
(0.9888627339983447 0.004823566231660048 -3.477812480163552e-20)
(0.9931248796265731 0.005216077450098715 0)
(1.024986003789386 -0.002368299813093176 -3.480316555964094e-21)
(1.93634909108269 -0.1562253714250136 1.073191291993831e-18)
(1.04337192975864 -0.001432072561618062 0)
(0.9959381601187769 0.008534198290879235 1.529227990533859e-20)
(1.003519379268647 -0.0004056472919307572 4.019779508242192e-20)
(1.161200115421648 0.1537364706380315 0)
(1.000239770967355 -0.007820699107417164 8.176386382626511e-21)
(0.9507753695951667 0.002003845669924028 0)
(1.037838081431024 0.04175473866013246 0)
(1.309593160410467 0.157518648450648 2.328658998487234e-19)
(1.081104938279468 3.047130111062492e-05 2.316466940552405e-20)
(1.016763959279591 0.02973171899892442 4.563300099609643e-20)
(1.084435811268316 0.000297685106703354 -2.232395569308174e-20)
(1.050816197995026 -0.01446900089512381 -8.831942068809943e-21)
(-0.3864509688404407 -0.05203743953432006 0)
(0.9997320960332569 0.01347333469259422 0)
(0.1141747386253075 0.05390816814199069 -9.197005052873818e-20)
(1.00685996816938 0.02048113454973601 -4.095152429057914e-20)
(1.002406057108495 -0.02337474521328737 0)
(1.001492701785929 0.005429891428069061 -4.927568165573338e-21)
(1.081974670898564 -0.04249183978893217 0)
(0.9940050535206917 -0.01740576563832818 -7.989428638545298e-21)
(1.10152055047736 -0.0580591842017097 0)
(1.445356569971466 0.1735312935553458 0)
(1.054861060571512 -0.0121724161627427 0)
(0.9906459878350564 -0.02476369226822956 -4.110373167643127e-20)
(1.000002888522294 -0.04004403104070896 -3.402927208804051e-21)
(1.014248132653199 -0.02058754781949974 -1.975275742246185e-20)
(0.9967036890617733 0.01661153738559083 -5.547040630834254e-20)
(0.9959658965675873 0.01026155901927144 -1.490340992372045e-20)
(0.9949534422082145 -0.02859705506288425 0)
(1.002361304722348 0.02368069594248245 1.922586801381934e-20)
(1.054596453725115 -0.0342392456522071 0)
(1.111375267991195 -0.0358957372365551 2.588043331709123e-19)
(0.995652691438529 0.01667400994340159 4.573838861006231e-20)
(0.6150443395225931 -0.008689895794805783 0)
(1.144911741293128 0.1602875137705836 -1.215228836762032e-21)
(0.8442505452197487 -0.084676707264477 0)
(1.137854306783236 0.07295424742545774 -2.733025934383338e-19)
(1.316826887177434 -0.3895269557866804 1.293233155236552e-19)
(1.068808450272775 0.06419303981879218 -1.250410780758318e-20)
(1.01148062767438 -0.03193873594833529 0)
(0.9560751118947245 -0.2163194054542031 0)
(0.5307013573427415 0.1668452900490613 0)
(1.016472207263957 0.01051407218438868 1.23545417210489e-21)
(0.6953973842134363 -0.02563738326832678 0)
(0.9995194950041937 0.01674123651027055 3.525922080130228e-20)
(1.02726855565857 -0.00390745764896043 -2.748773285092726e-20)
(1.078968523482075 -0.008072649535937332 2.719851953285838e-21)
(1.051351870464074 -0.02692300320325676 2.855430020813053e-20)
(1.042586010005935 0.01179264941724927 0)
(1.062774725042329 0.0215284616641775 -8.847779087524454e-21)
(1.04967573956243 0.03620141627676478 -1.803243406182784e-20)
(0.9835523947954027 -0.0227703539606755 0)
(0.6249033618157771 0.005098618879234018 9.170437247144799e-20)
(0.8941563330029944 -0.005923918637773286 -8.845927439546015e-20)
(0.9093646445748764 0.005262913249194867 1.450906383883931e-20)
(0.6295998807529462 -0.006435513816252375 1.40758169425401e-20)
(0.9806963721116675 0.0008915759087029466 2.488649453561852e-20)
(1.004426356983818 -0.0174692369156037 -3.475997036732701e-20)
(0.9839440583494687 -0.03766757308000065 -3.077150047834204e-20)
(1.0856057468013 0.001652790084668595 0)
(1.019988055583445 0.005110928190333706 1.016219521520013e-20)
(1.132246278337643 0.04876773155899709 1.320897736305852e-19)
(1.031146157730806 0.0411100609453548 0)
(1.022653275993088 0.002555854496461582 0)
(1.585373523298798 -0.1679092991898943 4.396011501681058e-19)
(1.059280668668536 -0.04653868855343583 0)
(1.017935070266526 0.01002762210167553 -3.75146185528557e-20)
(1.082595348557458 0.006326522645210242 0)
(0.488791722715858 -0.008157500520483543 0)
(0.01144762378828288 0.02116487877048666 0)
(0.9913518710750768 -0.0240861051609443 1.233074023156305e-20)
(1.302256612494506 -0.09616930228608751 3.722752004008958e-19)
(1.032371575580531 0.03491637557460468 0)
(1.022320553024789 0.00354461824788365 -2.218364247672515e-20)
(0.9443812886019836 -0.1603262473818635 -2.388414624403132e-21)
(1.256915475690106 0.07706705823910316 0)
(0.5968468750120897 0.7283397090738462 0)
(1.31219296800077 0.1447661983978477 1.068923852027301e-19)
(1.678514357037727 -0.02584166483100779 0)
(1.052416342038929 0.1214671280260509 0)
(0.7135958997523372 -0.01817328457363896 4.000354210552056e-21)
(1.047410110489096 0.04415745978673427 0)
(0.7592775037365588 0.1254833033616283 1.332905849864323e-19)
(0.9967804396422997 -0.01645613024758254 3.576931100089541e-19)
(1.038571365947835 -0.04154393832251938 2.773126036700283e-20)
(-0.3815250451968983 -0.03175227076352261 0)
(1.072311222077191 -0.01637899810009421 0)
(1.084666493600096 -0.005039712048838404 0)
(0.6492474812406327 -0.5054007705214804 -2.467821337649502e-19)
(0.9894775192441975 -0.001018708654857353 0)
(1.092475322027433 -0.02148126762248964 5.579997443067254e-22)
(1.187127131431576 0.1209912117523972 -2.011571116148179e-19)
(1.097077083053544 -0.04888961011387377 0)
(1.006205354049625 -0.02103771122016902 0)
(0.774456048351169 -0.1819815404813238 -1.647353587772249e-19)
(0.879654775507276 -0.1327911696856674 1.481710999913526e-19)
(1.03236149927623 0.01463793740364236 -2.155478598527748e-20)
(1.023124430474116 -0.008949820789340578 -4.475787691359264e-20)
(0.8792562379902328 0.01002681201237149 3.005966011222304e-22)
(1.506556220745414 -0.1944847513272266 0)
(1.308824857346903 0.1154019210354687 2.980521025976111e-20)
(1.241947519811371 -0.07437406967981924 -3.290867541627002e-21)
(1.095706268853652 -0.01854359734544541 -3.949144968490885e-20)
(1.034908737794857 -0.01468448911895677 2.801384556799616e-20)
(1.092833940270156 -0.03906520732393653 9.28170366463443e-20)
(1.031819298379556 0.02060315848268632 0)
(1.049202362119103 -0.03747535035134292 0)
(1.115946030645177 -0.008945718055505907 0)
(1.096600007445738 -0.04156448133872407 0)
(0.9982508733846412 0.01107969427954916 0)
(1.150544775498348 0.08193798255950852 9.541193476240934e-20)
(1.338239525562964 -0.1541715398027917 0)
(1.036641813277426 -0.02714961591896661 -2.431944017981588e-22)
(1.047911965596261 0.05188585523742769 0)
(1.010262173163877 0.01434959678687813 -3.893785015359331e-20)
(1.033809014986081 -0.00735529757149824 9.200095135625644e-21)
(1.088933772753425 0.01346686373556495 -3.228879508934696e-20)
(1.085072157329101 -0.02797869277456122 0)
(1.070650667264412 0.005441345477775346 0)
(1.105397396413261 0.09354877611953984 -1.411701584518054e-18)
(0.9355290208706868 -0.1503141573618753 -7.079260214305169e-20)
(1.171654502583315 0.1172128135401893 1.147819474959533e-19)
(-0.4692556204619952 -0.01739213429521949 -2.896429029322497e-19)
(1.017855551007129 0.02909694334654171 -8.752683595509073e-20)
(1.005653797063475 0.004416247681158851 0)
(-0.2558912785981811 -0.002116159798085885 3.553167180830741e-19)
(-0.03517282111182197 0.2913439421796511 7.50829314505426e-21)
(0.9952130328959098 -0.006262866359755637 9.481264615308699e-20)
(0.1848372202231638 -0.04464836622693116 1.314142333369266e-19)
(1.084588274334249 0.08630041034678315 1.423601003904202e-20)
(0.09380921778021649 -0.1114769721612489 -5.498517693939182e-20)
(1.108414788298795 0.00299749226758628 0)
(1.099924814672012 0.2531414156371999 0)
(1.021160377416369 0.0214488474333732 -1.712249822179587e-20)
(1.064198146444006 0.05181447646514196 0)
(1.026322963979026 0.02365708659013603 -8.665575971420388e-21)
(1.264056967394826 -0.5494220584589972 8.041890029706703e-19)
(-0.115880286115772 -0.2370760080418108 2.130695916339573e-19)
(1.30101506327997 0.1145381334797183 -6.245607780844892e-19)
(1.122020199588378 -0.002421517993965407 0)
(1.121670671308623 0.1039048389846564 0)
(0.5243100221527996 0.07843036010165265 2.453633466473485e-19)
(1.02370742748289 -0.0202549624583275 9.427126247962889e-20)
(1.006547495423455 -0.02334984584017511 0)
(1.210511222505046 0.2702662621807381 -9.606420810731643e-20)
(1.262411802979243 0.1303114091970341 -1.545849871232723e-19)
(1.02658348109361 0.003315005659004032 1.556411000834659e-20)
(1.300018806419798 -0.08505435473822109 -4.989963463366035e-19)
(0.3008997925781622 -0.01941551259579499 2.828677857543258e-19)
(0.8291234023032834 -0.1475604058059925 6.800037242979291e-19)
(1.039499146069979 0.05126660710601958 1.082144533285401e-19)
(1.038255049134387 0.003262569649880031 1.74418092065929e-21)
(1.001096314562551 0.019194693865535 2.92851627474111e-20)
(1.066497788025593 -0.03681646442246619 0)
(1.034721515444728 -0.03849502714480339 -1.5055603647802e-19)
(1.016932791171683 0.03360976170831875 -4.652523717190549e-20)
(-0.05154130045119482 0.06903187739384706 -5.037827255018194e-19)
(1.011021200466215 -0.05824518175730597 0)
(0.9081887023939494 0.01452261407508191 0)
(1.090652308123065 -0.0005060846172183966 0)
(1.366143698663727 0.2584649007848826 3.774965170681184e-19)
(1.698960330230653 0.1037984059581157 1.331568215494425e-18)
(1.409780023527408 0.1510703401564324 0)
(1.036394273867032 0.02172178029616 1.037769222416009e-20)
(0.3483111003208096 0.03105749326944119 3.303906871291197e-19)
(1.133105596436943 0.008675622011626839 0)
(1.090962703967432 -0.0231054111146117 3.148700137040872e-21)
(1.090767969696419 -0.03257133453184179 2.524684641805736e-22)
(1.133013979856537 0.104772053121101 0)
(1.30236406125883 0.05622494447799528 0)
(1.039553960077102 0.001270747259397573 1.175530030358262e-20)
(-0.1522224833217176 -0.119839170235207 -3.896016802684036e-19)
(1.325799696146341 -0.1470748855588443 -2.151983475638047e-19)
(1.067823443363729 -0.007404821036654561 0)
(1.013080248026912 0.01502977626670734 3.086690151858589e-20)
(1.158520698715932 -0.09643291605630584 0)
(1.016683671547062 -0.01742104343454561 -1.126336241604281e-19)
(1.030680228397004 0.008358112975783349 0)
(1.514374349884489 0.08797910095603377 -2.836044212720394e-19)
(-0.01212623914617813 0.04523818094865096 8.378829472449152e-19)
(1.096508468692835 0.05251928343856851 2.130030646107969e-20)
(1.092205465827792 0.07874539964325097 2.085726727975522e-19)
(1.009791300722992 0.008722545816977633 -6.177080801922472e-21)
(0.007841395961130392 -0.1159684563770411 -4.853604218260301e-20)
(0.02260148244898954 0.1040806013971496 3.65010788274023e-19)
(1.226282676817058 0.1450349060956987 -1.622193363129018e-19)
(1.098787596540096 0.08181496140568748 0)
(1.087606707996404 0.0255802156141503 1.741617132302397e-19)
(1.007088584077372 0.0221636922933589 1.704277746063878e-19)
(1.028954552916119 0.0006779381788196259 -3.688548479637186e-20)
(1.217700939767248 0.1503653298554202 2.601639658061009e-19)
(1.395524977406934 -0.129252678493131 -2.061285999582193e-19)
(1.06572176416858 0.05019728087580518 -7.153603889583778e-20)
(0.9934626364661702 0.006873930467253707 0)
(1.078218300677349 0.06741930829382813 0)
(0.9815613786226859 0.005772981195827488 0)
(0.9921978625385692 0.007571903543856505 2.404857904457832e-20)
(0.4899094576444333 -0.07190466494414677 0)
(0.9930502152063162 0.005575891841821477 3.430151527712394e-22)
(1.291387082871454 0.07887172715596569 0)
(1.004631108593984 0.004944214640304485 2.229812421888192e-20)
(0.7938515234604491 -0.1197059741811514 5.719679215431309e-20)
(1.091341964275043 -0.01587267553780475 -8.599638175446649e-21)
(0.93982188515538 0.01655656679337623 -1.766258137681609e-20)
(1.437680663115167 -0.2820363104770129 -5.294830476549524e-19)
(1.132533102239853 -0.09104079628521944 4.698891407064605e-19)
(1.088703481226202 -0.02524431480416138 0)
(1.934796992399495 -0.4714453358170534 0)
(1.625110225006688 0.1896032432436312 0)
(0.9850549001034472 0.003344615928136733 -9.798964987265936e-21)
(0.8580762971563897 0.7726386214143512 2.389286973827569e-19)
(-0.009298160668485043 0.1885198610404385 5.374364690341672e-19)
(1.03984253044359 0.005896028540081359 0)
(-0.2181741859081444 -0.1094453166897078 2.087809987528967e-19)
(0.9839470339316814 -0.003665615182408953 4.123434778138543e-20)
(1.18001384233902 0.1613332499655712 -1.619029424112473e-20)
(1.044679475087692 -0.02204530304137342 5.597291931301652e-20)
(1.042350144304368 -0.137228955446834 1.367354264436315e-19)
(1.137982202727982 0.007096413842482115 4.424111057266425e-21)
(1.098832550708406 -0.00675096569904991 0)
(1.308674255643112 0.5296093640290194 -6.0147395959694e-19)
(1.029516882097147 0.003951846269723645 -2.065814420140067e-20)
(-0.3153080841570424 -0.04406053952416354 -2.034218005088238e-19)
(0.6794545746446599 0.0184456429870079 0)
(1.088449628975888 -0.6990484908571972 -4.840017552050954e-20)
(1.311943063664091 0.08552629129056849 -1.102552239620264e-18)
(1.114998982249178 -0.1086046890113639 0)
(1.086807207402818 0.2784266762473366 0)
(0.9723775612334491 0.003090952079448217 -6.160138640819293e-19)
(1.065708716478457 0.00707331754990159 -4.271249871104557e-21)
(0.9245721754420235 -0.01215041774862976 0)
(1.090707347644471 0.03086940852826721 -1.760956425588585e-20)
(1.371001524247035 0.2153365293202378 -1.863871091500444e-19)
(0.7323482771929618 0.09646168655465344 -1.052201262320397e-18)
(1.079085528087427 -0.0006545214324361111 0)
(1.262636606651496 -0.05760085979152586 6.994612561233946e-20)
(1.005638094698344 -0.0008742652750461802 0)
(0.8501275170993051 -0.7763867984138788 -8.179925865523128e-22)
(1.0820620526573 -0.05207635170085406 -1.102492147408243e-19)
(0.875700978442675 0.3237790235348008 2.940259112832746e-19)
(0.8276229748738805 -0.1970929245155768 0)
(1.031820374155088 -0.03489286996337427 0)
(1.054750752101026 -0.02787148787896652 0)
(1.00699345627318 -0.003255224786838061 0)
(0.9811859581720389 0.006178638663790001 0)
(1.342186215791775 -0.2357563523303665 0)
(-0.07498435431218491 0.1396333949102108 2.499631402594188e-19)
(-0.01184152233656792 0.08231137531730405 -6.459738364147636e-20)
(0.2134164197865265 -0.09901827172901476 -4.319196133060473e-19)
(1.521307108604396 -0.4391851399121201 0)
(1.034851155253247 -0.0166970342421504 0)
(1.773355571659091 -0.7593994909499195 -2.351680523069591e-19)
(1.139716132735871 0.006719975442174734 5.547524989518421e-21)
(1.323774239474329 -0.08949737101239727 2.805368103210119e-19)
(1.106713442631937 0.7080480508005853 1.442151387648064e-20)
(0.338185799737815 0.5915189535449344 -2.242534019489435e-19)
(0.675815658447239 0.457490196325082 -4.796127035450061e-19)
(1.045467304513239 -0.1481939265980531 -2.327805703698787e-20)
(1.226886058155096 -0.3608880465447186 0)
(-0.08237794615043453 0.1892860029450563 -7.237203753051336e-19)
(1.046536391190438 0.02376329029598604 0)
(1.103557772365181 0.02719241377313682 -1.536249439883643e-19)
(0.8134372867158985 0.8943041006424379 0)
(1.068266603324985 0.03310364933226961 7.425780325030447e-21)
(0.2825342437279237 -0.07219197325733231 0)
(1.103380221444649 0.02040773442609063 2.429395439976356e-20)
(1.369371442171491 0.3241397079516527 -5.549068455809233e-19)
(1.074798847820146 -0.0117758299320479 -1.646547074424882e-19)
(1.469003553702565 0.1595282597040484 -2.523703320677447e-19)
(1.330183652159783 0.4178510438987974 0)
(1.169181741573244 -0.2663181609745544 0)
(1.303465275584099 -0.1330268755102369 -1.211578744649292e-19)
(1.066902684971816 0.01621295754417012 -3.32917355936851e-20)
(1.060583839053892 -0.01207883556488423 0)
(0.7436170816912584 0.1443151105434244 -1.129696221073465e-19)
(0.7751893053803786 -0.5781422047108147 -5.656253857696178e-20)
(0.6667260045869899 0.2024278516926383 9.608438502990251e-19)
(0.9950528923622749 0.1178040678476773 3.525121777933717e-19)
(-0.004663979880265296 0.08249671628360944 0)
(0.5857524449255544 0.01762989350768848 -6.822308255982746e-19)
(1.059528134662752 -0.03892854721994561 -1.877115524711822e-21)
(0.6899328549486357 -0.1184589247260961 -2.769734497958377e-19)
(-0.0005731116382451779 0.2124383919755081 -3.075747330682458e-19)
(1.181062771875469 -0.0757764265860798 0)
(0.4035151660042519 0.01595456872425003 0)
(0.1602996228243234 0.3697213178827554 0)
(1.438485425051637 -0.2600868629339901 0)
(0.234629639825448 -0.3591085137995205 -6.387150238653237e-19)
(1.597794728345495 0.03941514706660548 -3.894776506394575e-19)
(1.026150513589657 -0.2024280934960288 0)
(0.6823252071064063 0.01413715638135318 2.55162824108498e-19)
(1.025009043112672 -0.01061260686948645 3.497473858523762e-20)
(1.137369680456209 0.2353976673440405 0)
(1.729850778941835 -0.1109924850954386 0)
(0.5817987549600885 -0.7381696632248294 -6.85777311330592e-20)
(1.271392247256177 -0.1054492984140861 -9.993763854683356e-20)
(1.406047069852014 -0.083747292376188 -4.293547475016957e-19)
(1.482345103703474 -0.06438003253137342 3.647286356154483e-19)
(0.0939218446166704 0.09840890690798823 0)
(-0.1291254467908936 0.08241515927893008 2.738208893027489e-19)
(1.038563088470742 -0.06362406375901007 -4.321338630958887e-21)
(1.12077977736457 -0.1407791527639906 0)
(0.6413519294985522 -0.3578229147397051 5.192385669896423e-19)
(1.049148307950614 -0.0634129686531897 1.449995651182465e-20)
(0.8346651770835127 -0.1351483681644726 0)
(1.312949825916408 -0.1301430966906986 -1.021567886842656e-20)
(1.11567354721476 0.08384675783325038 -4.366331885062203e-20)
(1.09096294351826 -0.004978748142851918 0)
(1.1263203051495 0.5692839333726984 -1.1073426597046e-19)
(0.3428274808147507 -0.600539385041206 0)
(1.060388114129974 -0.003221508944847752 2.821587469065916e-20)
(1.097070079600966 -0.004911324067916705 2.642619447724532e-19)
(0.0770818688989961 0.1476377465059577 -1.661727739740069e-19)
(1.179398273804352 1.000073144423911 -2.227440400507197e-19)
(1.369968545220095 -0.1380903553832665 -8.870152489008475e-20)
(0.9469145552412263 0.1329248452219067 6.462012436906242e-20)
(0.998284072245054 0.003462688790000821 1.043290662594089e-20)
(1.047928297535919 -0.1405483520457876 1.758152267481473e-20)
(1.509792489352242 -0.9500819272981904 -5.257727088993756e-19)
(1.531236228128019 0.9490463870537954 2.358918153376063e-20)
(1.433069126617661 0.2254401833426677 3.409014673143129e-19)
(1.028862184111609 -0.007314369276302333 2.057345989882081e-19)
(1.035508028958863 -0.03312995086307074 1.647393164977057e-19)
(0.992094530077287 0.02159266234891035 -1.929722454421022e-20)
(1.057711890906694 0.03864440800816585 -1.449666113716679e-19)
(1.079283110138396 -0.06550109900828847 2.94736396548999e-20)
(1.433927229533308 -0.1337696762172794 3.379624591085248e-19)
(1.8180265359228 0.7477676376436156 1.863521786203686e-19)
(1.035437890015205 0.02939775076100624 1.006059250134914e-20)
(1.071832288701449 0.0142064183787594 -1.052980547626784e-19)
(1.985291433996032 0.4775829225592287 5.349214476934217e-19)
(1.927592606110187 0.1604330878655287 9.317045950412267e-19)
(1.079989694575048 0.6375352173545478 -9.636353143348422e-20)
(1.108954379852069 0.1712738384090536 0)
(1.044106318184447 0.02312707063494684 0)
(0.5102298684701509 0.4377420686809122 1.170437617177116e-18)
(1.376923086346191 -0.2992871011748917 1.882928573899033e-19)
(1.19482463197145 -0.1449012833704433 0)
(1.631894713746387 0.2356516317017351 -6.175456350993049e-20)
(0.8020332368306492 -0.1492684094766125 -1.282864823235498e-19)
(1.328197028701478 -0.2095821220154241 -9.095238610566983e-20)
(1.24878101223196 0.3889531716739864 1.430465093621023e-19)
(0.4925906086206565 0.19465612633413 -5.618250915042695e-19)
(1.686822696995574 -0.01986180100359697 3.284812208486664e-20)
(0.8568775870062942 -0.5461400568012307 2.202497575113558e-19)
(0.9986963091095971 0.02305332141589002 0)
(1.617378718803344 -0.1855747109661566 -3.097844494051601e-19)
(1.089784624257167 0.1004575539496121 0)
(1.337635787086021 0.5802290853435995 0)
(0.9430418276540885 -0.4151144392792726 -2.74537764908974e-20)
(1.247248935916437 -0.02495006088470987 0)
(1.038560674028396 -0.003593523627532789 -1.242574795131808e-19)
(0.7307039010284506 0.1096215978163592 3.016129883154479e-19)
(1.325332014005066 -0.5824216873988817 -5.604316854911698e-19)
(1.053221571651514 -0.6343631763729209 1.176089438869305e-20)
(0.3519884897094214 -0.379903789032864 -8.735036585864351e-20)
(1.007338830210551 -0.09613003736752859 0)
(0.445964327073616 0.3003774392866869 1.686112907263236e-18)
(0.31709332648101 0.05241213816815134 0)
(1.306945525084724 -0.1336881010321655 8.069917735745122e-20)
(1.57831489527677 0.1911146584580262 0)
(1.165581083583131 0.4459765775526836 1.324135160359731e-19)
(1.052881728424003 0.1525676263465841 -6.598445105869333e-20)
(1.031759465511465 0.004645689717568457 -1.994833221400976e-19)
(0.9560719254464805 0.4081659096338563 0)
(1.164044178554658 -1.012451239856946 5.88329026987767e-20)
(0.8910679010542998 0.00898738148423424 0)
(1.068200472973295 0.3781204484351431 0)
(1.059015149465463 0.02699215869651896 -4.347673155979818e-21)
(1.474136801371801 -0.2999236875270551 0)
(1.24468166043525 -0.1853603715308612 -2.968442674226613e-19)
(-0.001399009539657543 0.02763507268499888 -1.953366813125489e-19)
(0.2384915364202922 0.01578687462627447 8.85912446034674e-19)
(0.9812933405215222 -0.09927916166737999 0)
(0.4714853577141644 0.6448311292760274 -2.559082752637874e-19)
(0.9173928440432965 0.02944416018915985 0)
(1.536155860244133 0.4145130989890179 5.466134271112767e-19)
(0.4921149821125653 0.1566747798285203 -6.458346313942496e-19)
(0.02161482001357048 0.1817586424759031 0)
(-0.4341025894377454 -0.05421342996792516 0)
(1.032415584568519 4.490541958447993e-05 1.260823826215639e-20)
(1.660233893226394 -0.2266697025554854 -1.104067463466078e-18)
(1.11061993291657 -0.564317662321987 2.394843282683991e-19)
(0.781227228511869 0.3318133617167859 -8.771683177034899e-19)
(0.9371127584379189 0.1445798903540429 1.541311558847964e-19)
(1.043591326106329 -0.003615737951872696 0)
(-0.3028981970193846 -0.1310900465742819 4.024907630758356e-19)
(1.033327357106153 0.04668445150346531 0)
(1.192400874987622 -0.2399670624599735 0)
(1.559710624222259 -0.1878258422358879 5.123703041178411e-19)
(1.122724817098671 0.07819494960045581 -7.579560319775673e-20)
(1.063835332479608 -0.1408763226926144 8.254077280171542e-20)
(-0.04737068656374609 0.108132039629532 3.44476101079982e-19)
(-0.08448538998542833 -0.1511372840976002 2.631534456622543e-19)
(1.075724629190731 0.2133360621903544 0)
(1.095351504325384 0.06103751721359273 2.138478069655798e-19)
(1.495800450458339 0.2871281748892104 -3.621837362738523e-19)
(1.324378117568816 -0.4883823908218009 2.377546238591431e-19)
(1.156364909828638 -0.1428699391087346 0)
(1.120542370878666 0.1502072157402652 0)
(0.5276498171811583 -0.6920474862665597 4.115349065053563e-19)
(1.311833394790965 -0.03838712834458467 -2.962201005435242e-19)
(1.011155448773696 0.1017086372577362 2.551626646116475e-19)
(0.3127594231658518 0.3527785918597718 -8.938859236586244e-19)
(1.032725209578879 0.1080434273409247 -4.114528367447188e-19)
(1.037958908899811 -0.3974231640112962 -4.674251622040057e-20)
(1.458484371953594 0.1083957371939409 -6.503205175202998e-19)
(0.7811634807749293 -0.8872095217841738 0)
(1.05683282514443 -0.03069823112193524 0)
(1.145203319464461 0.1762657343327316 0)
(1.614899190231657 -0.04028661723928675 0)
(0.8136662188233925 0.5918743432904193 -2.078776677433806e-20)
(1.493798547976666 -0.3579906386124999 4.560006784909494e-19)
(1.539347881800678 0.1467062783535711 0)
(1.13719297718258 -0.4603801995953654 -1.666871086142024e-19)
(1.459451761202909 0.3429654426619 -3.537218351977368e-19)
(1.009288282211939 0.02787342482950499 0)
(0.2113118614556365 0.001303454467693321 -2.463720398866136e-19)
(1.334742747378838 0.5093450994951043 0)
(0.9781077198057792 0.007380066850346585 -3.933846473461755e-20)
(0.7637111252982278 -0.302858212833448 -2.058092565501525e-19)
(0.5084943977050829 -0.08443749282598038 7.878514161244812e-19)
(0.2153051210749851 0.06105407743504285 3.643310693223457e-19)
(1.062310580624352 -0.1389033411366896 0)
(0.04519543097849154 0.002018113189981282 0)
(0.3441702599744319 0.03799717371794409 -3.026144686821524e-19)
(1.005641036427564 0.01728319061122214 0)
(1.451501077905405 -0.007862907957289229 0)
(1.00685673238003 0.02818044190941117 0)
(0.4694495252865157 -0.2766085781249659 -1.003679965419619e-18)
(1.048827149026219 0.08841288729344521 0)
(1.522311030406804 0.04100062642457278 0)
(0.2182361914443096 0.1275276479245059 5.441455849549364e-19)
(0.8802769873522625 -0.3238919737064117 0)
(1.364823650314835 0.05285917133415916 2.683502956999718e-19)
(1.236949352663077 0.2042264602089804 2.052858972771806e-20)
(0.8971791114820626 0.5521070032245999 1.575129792749349e-20)
(1.033497915023897 0.09884367093062199 4.916581754773648e-20)
(1.03261153654634 -0.1494938557727006 0)
(1.365834573981472 -0.02241102159248578 0)
(1.288931825308994 -0.118581680656124 0)
(0.624686466642718 -0.04226826977805999 -1.363551685070405e-19)
)
;

boundaryField
{
    FrontBack
    {
        type            empty;
    }
    Top
    {
        type            noSlip;
    }
    In
    {
        type            fixedValue;
        value           uniform (1 0 0);
    }
    Bottom
    {
        type            noSlip;
    }
    Out
    {
        type            zeroGradient;
    }
    circle
    {
        type            noSlip;
    }
}


// ************************************************************************* //
