/*--------------------------------*- C++ -*----------------------------------*\
| =========                 |                                                 |
| \\      /  F ield         | OpenFOAM: The Open Source CFD Toolbox           |
|  \\    /   O peration     | Version:  2412                                  |
|   \\  /    A nd           | Website:  www.openfoam.com                      |
|    \\/     M anipulation  |                                                 |
\*---------------------------------------------------------------------------*/
FoamFile
{
    version     2.0;
    format      ascii;
    arch        "LSB;label=32;scalar=64";
    class       volVectorField;
    location    "819";
    object      U;
}
// * * * * * * * * * * * * * * * * * * * * * * * * * * * * * * * * * * * * * //

dimensions      [0 1 -1 0 0 0 0];

internalField   nonuniform List<vector> 
808
(
(0.756276202172264 -0.01752403194417275 0)
(1.031427529782082 -0.01254053026816683 0)
(1.113250717479153 -0.001553280415435613 -1.736238906667103e-20)
(1.085130604375417 0.01257078447551618 0)
(1.360697899269544 0.01284551106885247 -3.813434499786413e-19)
(1.038705973361288 -0.009433878394307284 -7.296276741182599e-20)
(1.014492826874133 -0.02052808272599252 -2.420834060228203e-20)
(1.079055842395065 -0.004889259088791021 9.003985030618577e-21)
(1.25258693301798 -0.0218728787737577 6.253278639193331e-20)
(1.085139253066873 0.008855498732071363 0)
(1.008178694178536 -0.01182972652249875 0)
(1.303610062107955 -0.05454883477879009 -3.45702936080793e-19)
(1.086362023609436 -0.001782521817619061 2.040834658270559e-20)
(0.6751458945803466 0.006373452272900066 0)
(1.276310192057694 -0.1225112939090079 0)
(1.081931236079094 -0.0003385455753182633 -3.859576790923382e-20)
(1.225967084177258 -0.151413539319837 -9.684990664844768e-20)
(1.074387270853709 -0.0003874313263775717 3.19887427139093e-20)
(0.9889325240859251 0.005343349997751743 0)
(1.026933036271536 0.009397386423814654 0)
(1.035344647204085 -0.0157108198515092 0)
(0.9875939143792677 0.04544431919494783 0)
(1.051037215887097 -0.006178252987793046 5.799690615245957e-20)
(1.053815417533635 0.008359558665013037 0)
(0.9338427318585276 0.19978997785054 4.564383280483833e-19)
(1.160828671791282 -0.0896894277772441 0)
(1.184608041154257 -0.02012606222941236 1.537605549111734e-19)
(1.077169467620885 0.009660727684845834 5.237530511905858e-20)
(1.08388331578799 0.001880255678146261 5.122359255885215e-21)
(1.071864929054881 0.03096227198791559 0)
(1.075361008610266 0.002636915089341941 -1.183750183262055e-20)
(1.033449808944497 0.006420243561804268 -1.87235756412155e-19)
(1.060041064137707 0.01452690194123148 -2.361622790672641e-20)
(1.088720863418774 0.005484711451433453 -2.936724236153466e-20)
(1.12140988029754 0.03654833257908828 0)
(0.7548435548476464 -0.1201965107113256 -4.552281131442247e-19)
(0.9545937815602218 -0.005750202051600407 0)
(1.06883166479609 0.02232010035363051 0)
(1.068814089553055 0.007204090585244973 0)
(1.073768485293666 0.008619125746746472 -2.817615939887981e-20)
(1.093228459115285 0.02283733779000037 1.076592397004036e-19)
(1.150122911989579 0.001841691380676717 2.110152244036101e-19)
(1.095623955931627 -0.00236368765075151 0)
(1.015266682464727 -0.009433250432175386 0)
(1.127277619833601 -0.09509288389830073 -1.642873346085768e-19)
(1.044056893899354 -0.01178229439950924 -8.363957443939162e-20)
(1.058275026054809 0.0266827119573137 -2.701998225757365e-20)
(1.229232013407076 -0.1124376560825397 -5.564341175216524e-20)
(1.067544431386418 0.01209587473354305 -4.077858960319827e-20)
(1.256242338926812 0.01465324266110211 0)
(0.9973411671187454 -0.01873490957949019 2.179289060857388e-21)
(1.044696716587757 -0.00252299629734225 0)
(1.087319554791896 -0.002269147673063337 0)
(0.9980922671346848 0.007996462907043377 -1.912664456952461e-20)
(1.25242908939308 0.0324349791096674 -2.391508444357478e-19)
(1.06353947919715 0.01825175000971257 5.882641264753748e-20)
(0.9888956427402616 0.01118688984752149 0)
(1.014268267984079 -0.008472338927646268 2.55761661468079e-20)
(1.107185268178444 -0.001742127594537101 -1.152919726519346e-19)
(1.061491631067565 0.03132159665744066 0)
(-0.07454691921157279 -0.02398099369052713 7.778375607281896e-20)
(1.153730739089471 -0.05246012545434526 -1.843628230199525e-19)
(1.002467123466147 -0.0066055865948868 -2.809814814372083e-20)
(1.187294233848809 0.06447500684340757 -1.198211426094593e-19)
(0.9970640149136646 -0.01039635320364023 3.08232518820411e-20)
(1.083951615367945 -0.005477739560721064 0)
(1.246738733476794 0.09087930437738261 0)
(0.6960549888892996 0.003159737303865366 -7.437772286103417e-20)
(0.9886092646015959 -0.01581673692848444 -3.21070194578754e-20)
(1.456454212432066 -0.01985998602628805 4.392376333426057e-19)
(1.060632296266359 0.007583913136531097 -6.548742340021036e-20)
(1.364590761458802 0.09302787389323909 2.840346928609246e-19)
(1.054875286976786 0.006742933827234891 -1.914200399828238e-22)
(1.080937537568885 -0.01411252357210694 -2.925876899850709e-22)
(1.162651303167491 -0.2350842921245137 0)
(1.02255274960931 -0.01498514457237585 0)
(1.017755175755791 0.01802071597243823 -2.996431976801649e-20)
(1.38963758806166 0.3494827812733968 4.238125208217121e-19)
(1.097375431904868 -0.04225666371038234 9.547717647162369e-20)
(1.046892586218404 0.2111928363855375 2.402684969058869e-19)
(1.12242115466114 -0.06250568564829367 1.179443846690628e-19)
(0.9220551613637344 0.005200082562869516 0)
(0.975414773738781 0.01856742846378685 0)
(1.003968975971004 -0.04841785030086831 3.19129483244704e-21)
(1.010392587804919 -0.01377752839716301 7.733053980565821e-21)
(1.031135281902037 0.02646696483773407 1.352579420913139e-20)
(1.525219506822402 0.03380355344477311 3.212114265171192e-19)
(1.291674931037836 0.06992874716202553 5.635553339791825e-19)
(1.072659293583063 0.002993850436363359 -8.812288954951885e-20)
(1.194376553887757 -0.09869030510188233 0)
(1.03397608846196 0.001596515829098033 1.287215302586355e-19)
(1.164400733503136 0.01994587356506723 -3.11875572877117e-19)
(1.001529391291467 0.03255907718096301 0)
(0.9996294561579975 0.001978879565460232 0)
(1.04415976719808 -0.0002613672941391842 7.992643807648799e-20)
(1.21713818274426 0.1023530353058205 4.013067743891167e-19)
(1.011156601770809 0.006946892818773405 0)
(1.087771944322057 -0.06924406778006685 -1.068063846102809e-19)
(1.150830585156946 0.03495896399946735 0)
(1.214332390606012 0.08865040298104966 -1.88287182641882e-19)
(1.108290429425395 -0.02882712094702333 -7.791551544138276e-20)
(1.027886211769131 0.01183268129215943 0)
(1.08537147938511 -0.004617544275306688 0)
(1.020043857044357 0.02627960583895925 7.841077577619885e-20)
(1.075257482720905 0.05570418973875136 -9.33598488287068e-21)
(1.103639360675407 -0.004326696392913948 6.431064548206583e-20)
(1.103918949654664 -0.09336313246677817 1.520445771498934e-19)
(0.9618769348422623 -0.001537298185647651 0)
(1.066279127104149 0.03142853754873821 3.692142226518866e-20)
(1.167434601657392 -0.07676548752836049 2.253111166578195e-19)
(1.053638344553786 0.04669390395584943 -2.850921364265483e-20)
(1.023065916389181 0.06818679505457612 3.641570090672581e-20)
(1.090427182475622 0.02620449125346962 0)
(1.015123298728445 0.01362344815305977 0)
(1.02896566225617 0.009375340964436547 7.854530060151279e-20)
(0.9485466333983616 -0.03202190281604538 0)
(1.053187012954933 -0.005453463404476095 -7.403327493619707e-21)
(1.339153747002263 0.05571564274940787 -1.541387029009705e-19)
(1.079637600986538 -0.0132612400605384 2.643345264318407e-20)
(0.7441696431706529 -0.001762639269210533 0)
(0.5632771040995503 0.1740590282006437 -1.082686388096575e-19)
(0.7059266488247741 -0.002481404406290601 0)
(0.6989862235737814 0.01466047833602769 0)
(1.077819512592911 0.003514903272352759 -6.443125283270679e-22)
(0.9906465422079387 0.01443755255608351 0)
(1.281085283718114 0.1220659140960286 2.553508829171549e-19)
(1.012209100951882 -0.02795909488666928 -7.357985479519786e-21)
(1.040690186586175 0.01660048077930282 1.318608814711417e-21)
(1.058469582426834 -0.01238807647564005 0)
(1.12640194760126 -0.009217586106672337 -5.126034652901548e-20)
(1.265414290878439 0.1225468840631227 -2.192497246866979e-19)
(1.088867563884498 -0.01086070026321436 -8.568568420293761e-20)
(1.071163877185974 0.02545527422238181 -1.067091802759886e-19)
(1.04111981592525 0.04679320706952112 7.430500627185627e-20)
(1.022438814050868 -0.003555886004814959 -3.469984225756712e-20)
(1.061219994699073 0.02371426343736492 5.702335486753407e-21)
(1.139288832272511 0.002404932291761 1.046187849635864e-20)
(1.04023384960137 -0.01277324571623623 -4.703398175728214e-22)
(1.087561477355682 0.03478629087730816 0)
(1.028666423555157 0.01354232793894191 0)
(0.790243583432567 -0.08025108904443426 -1.833926439563817e-19)
(1.030314582336177 -0.00206257114016251 -6.523392130107497e-20)
(1.135826163035974 0.002183947546516587 -1.272329425668462e-20)
(0.7035163552328091 0.006545166023630908 7.141466516048068e-20)
(1.175953368591898 0.01862981408071682 -1.971455096991921e-19)
(1.132862417240841 -0.001040257977502185 5.573303950601717e-21)
(1.129049585401856 -0.01009627957951558 3.360472292810112e-20)
(1.000934431486758 -0.002987540813618704 -6.660717381295987e-20)
(1.097084085090347 -0.05662388996941985 0)
(0.9891014775091943 0.00237556736185195 0)
(1.05790964250785 0.00702454688422913 0)
(1.006267375199746 0.1897799946342968 -2.35790507531708e-19)
(0.7794262092291389 0.01243690762736533 0)
(0.8570636822581539 0.1035492357528458 -8.195222369977448e-20)
(0.104039453630664 0.03112356314265595 -2.998077790845962e-19)
(1.172390315616546 -0.03260922052896311 -2.290390953083098e-20)
(0.6712363800764735 -0.007366755556171144 2.450921330788586e-20)
(1.162298179849425 -0.1041589771826606 6.969311495481993e-20)
(1.128832642674066 0.001258821834432255 -6.022600200124664e-21)
(1.153879310363715 -0.05089803358952869 2.225690060859682e-20)
(0.07211847435584556 -0.1922962031270329 0)
(0.2534365072303755 0.06217560856072152 0)
(1.258166177390432 0.1032461101610966 1.841325654197362e-19)
(1.021400787383166 0.01987595038502428 0)
(0.7375890084133321 -0.006287305620710332 0)
(1.074809690836114 -0.01152572130729294 2.727453353140947e-20)
(0.9750982621371475 0.002887282140410058 0)
(1.291947288825907 0.1174523286647276 -1.438807657708504e-19)
(1.057353671663716 0.01100006856334598 0)
(0.9924044349451882 -0.007722745223104449 0)
(1.065304665491991 0.008126916744440622 0)
(1.006261311796969 0.02091796656452325 2.190674513147673e-20)
(0.927334825866835 0.004694367456500172 1.299950253966314e-20)
(1.175113762573761 -0.1990594258062253 0)
(1.004991460204701 -0.005218609194204152 8.001098176938131e-20)
(1.059232912253013 0.00619167932616418 0)
(0.7745410730030734 -0.003337615316748511 0)
(1.216744464812946 0.02547546736272345 1.61449042891724e-20)
(0.705102325926623 0.001356558242969754 0)
(1.431281157540675 0.0841333700245044 -5.103891248886542e-20)
(0.9940990257900433 -0.005332833272542814 1.657050890003473e-20)
(1.275336743747302 -0.004553553052780652 -3.005948295207109e-19)
(1.059955941596673 0.008933292954065423 1.326002073106555e-19)
(1.000901269778449 -0.0135481337063901 0)
(1.210713097873241 -0.1506725043346619 2.044940165316139e-19)
(0.7331655374580295 0.01378661792303106 0)
(1.098076976895622 -0.004960216687195929 0)
(1.15616854319392 0.06466009157281094 1.88504905792323e-20)
(1.006267507886878 -0.006852012520861429 -3.040153704797123e-20)
(1.122993697671379 0.05005509363039347 -1.710665949266267e-19)
(0.1525924213482002 -0.0927309953859133 0)
(1.074057929711955 0.03789417410421183 0)
(0.6615713989766847 -0.002870288906530967 -5.134033805484759e-22)
(1.012070621689344 -0.01970922461087242 9.003275336038533e-20)
(1.061703304119747 0.0008316847409403577 0)
(1.084937876640903 -0.1412410371585582 3.79021427737504e-19)
(1.002532147666666 -0.006131322454843298 -3.313103140834923e-21)
(1.002596167905902 -0.003842535361071632 1.253494400933228e-21)
(1.094035359723209 -0.00917026348683395 0)
(1.020803183024338 0.02016039509559315 -6.645126936429465e-20)
(1.106782474441745 -0.001646226615454867 6.321241856211372e-22)
(1.074118332011049 -0.0106141257257796 6.607003944916965e-20)
(1.085623175900957 0.02220882888288395 0)
(1.323981095908692 0.1562957707510835 0)
(1.002096027060313 0.000583708146709188 4.408792842017429e-20)
(1.321187562721886 -0.1343160316503814 1.602853555512404e-19)
(0.005671131376688329 -0.1396363091322189 -2.313541746156772e-19)
(1.071128258501966 -0.005416300741231429 0)
(1.112238510928365 -0.002421206044911367 1.183714332453424e-20)
(0.7268396796721895 0.0178228920939052 0)
(1.058263911983033 0.008438084857729993 0)
(0.8612242979627336 0.1616390235770252 4.609258549863123e-19)
(1.283096056189565 0.1184550782117156 1.845941542612152e-19)
(0.6541292083163259 -0.003111499480952495 -6.488161807618562e-20)
(1.040506154627745 0.002730257158136101 -2.55560113585523e-21)
(1.054913223704389 -0.000212694137449386 6.460645935023193e-20)
(1.360118393685214 0.1170518469995137 6.555226125919354e-19)
(1.338026002744275 0.2523915930262223 0)
(1.057120350236586 0.009930071750711226 0)
(0.9966994387503896 -0.004480796964712993 1.373508813296637e-20)
(0.9940992316236897 -0.003350640313192394 1.430139090269923e-21)
(1.386022662159848 0.1995042956885773 4.331253115220748e-19)
(0.6818050953025638 0.0005800736207450136 9.935153475889306e-20)
(1.005723976452262 -0.002134040762699778 -6.006972584737808e-20)
(1.098050893121928 0.01314476528235717 2.555586571150718e-20)
(0.6694512717568136 0.004964320533551279 0)
(1.066081828881565 -0.01203381234753811 0)
(0.9988589436742017 0.127535422315308 -1.368464932973665e-19)
(1.084183395155312 0.005549970201909031 -2.567727329871856e-20)
(0.981882617789655 4.842079143796466e-05 3.309106839604644e-20)
(0.9912115054385253 0.005988314833599026 0)
(0.6381423915010174 -0.001134031630107933 0)
(0.97677903951142 -0.001301796698778115 0)
(0.641967138631684 -0.001424897210649961 2.673030867514322e-21)
(1.086864640386823 -0.05654667056042254 1.215881108582857e-19)
(1.109055565673744 -0.005236827530797308 1.166228052231477e-21)
(0.9580541665127562 -0.0008712615696783243 3.885895520217565e-20)
(1.016897494120065 0.010694976979925 1.714846381247345e-20)
(1.064306860541711 0.01040548291211522 -2.247496789790708e-21)
(0.6348230753846381 0.008855340659490247 -3.621050612006204e-20)
(1.004386327817112 0.01239521559249393 -6.165147202729976e-22)
(1.03739442539165 0.01071554462629977 5.147655459618776e-21)
(0.9864278649961177 -0.003305267933017685 0)
(0.6100429602105709 -0.0004441427285045456 0)
(1.069012545767857 0.02260176044305511 0)
(1.015731493856928 -0.01649937961771748 1.041975322842339e-20)
(1.022122775969592 -0.003147037190283416 0)
(0.9932939489329741 0.01431698399396942 -9.582153436014438e-21)
(1.010280829527226 0.006163528974605482 0)
(1.13385267900909 -0.0008045238411508895 -1.263836240416338e-20)
(0.03044443204146333 -0.1387596033393852 -4.185603382229007e-20)
(1.034640854494172 -0.01671540928983805 -6.717014230097192e-22)
(1.045057503927457 0.009148548021433103 0)
(1.087056799979656 0.06901594231770389 8.417985156170692e-20)
(0.9683299165675933 -0.000797507643609063 3.11398817644283e-20)
(1.0201959347378 0.01698839979740685 -2.245284032387164e-20)
(1.007076973856768 -0.0008319028046172592 2.397560571761917e-20)
(1.039522554979462 -0.006574183093270689 0)
(0.6409765581497425 -0.004074251236169161 0)
(1.026023935766422 0.02447943496182104 -7.953428291736264e-20)
(1.08401446753656 0.003773308398850234 5.062229660323853e-20)
(1.011507890445984 0.005912769455433228 0)
(0.9816836008816738 -0.0006861410664935926 -1.916059024526532e-21)
(0.8589455193018589 0.01445532327959403 -1.311634193408044e-20)
(1.013942984331498 0.002941911143268845 -9.650209882735417e-21)
(1.024220745318627 -0.0005228287193509559 1.819209897012271e-20)
(0.9796948224004751 -0.001143840341047584 0)
(1.00779863493768 0.009414317140587443 3.228921626044487e-20)
(1.10896409190136 -0.003656552007435608 0)
(0.9348604384251794 0.009930096214001448 -3.341192832044348e-20)
(0.9547621510955623 0.003246953441117279 0)
(0.9011660758549458 0.202911759973828 4.974950295008876e-20)
(1.011233659761901 0.06762762818296669 0)
(0.9905870148940423 0.004344106373608737 -2.303562865618131e-20)
(1.055161926491116 -0.04889522536681861 -2.727016709535648e-20)
(0.9935867595019532 -0.0008787269459072589 3.290143242487951e-20)
(1.007105827566795 0.003848476810010325 0)
(0.9807053188507411 -4.143826701547275e-05 -3.055253082254135e-20)
(1.178509698791453 0.09687323425701322 -3.334310742258015e-19)
(1.067679194169273 -0.2632551915689964 0)
(0.9949664565907851 0.001141153832201768 -2.237730726601826e-20)
(0.977178548430566 0.006973385049129119 4.754049858061473e-21)
(0.9579596807796755 -0.002603591530479018 1.052733158428211e-21)
(0.7460349908098379 -0.00108597700887683 0)
(1.114723904014492 -0.06933714867347715 0)
(1.00617006804015 -0.0009293446822375019 -2.19571098096033e-20)
(0.9037491454683713 0.001677545867896483 -1.09653342689776e-20)
(0.8418992039772206 0.003845840311673464 4.960137900113806e-21)
(1.010591756116251 -0.00106648818028779 0)
(0.9602530223931374 0.009986511460144345 1.572083477173434e-20)
(1.005744848508718 -0.0001905726156309892 -2.247253910188962e-20)
(1.026178310119223 0.0004770166515079317 -2.479940027174645e-20)
(1.112494527116615 -0.00572802235844477 -4.896022225636242e-21)
(1.114443035734655 -0.005757905037983948 0)
(1.009433394870888 0.005287745133839342 0)
(1.025034638894431 -0.002398456808714429 0)
(0.9488215566506467 0.01031908951668096 -2.06075836660274e-20)
(1.017877816189094 0.01318625756274377 5.619018691776656e-20)
(1.085788496629774 0.002117914109520577 -2.342398704651026e-20)
(1.037178381200447 0.003211366626192623 0)
(1.108626266795591 -0.003889767647136373 1.816153415497643e-21)
(0.9951241302411251 0.0008612943618814562 -2.234037786382392e-20)
(0.9792455421088704 6.015294970035826e-06 0)
(1.010333703817776 0.001950081160096082 4.700419010473359e-20)
(1.361873703182404 -0.3135785625988304 -1.11855696949172e-18)
(1.120682517648837 -0.04559612576159044 -1.110683259600039e-19)
(0.9755998270162017 0.01259302703180737 4.651428855271634e-20)
(0.774770175314592 0.01868190595738147 -3.648229521753581e-20)
(1.222496726547402 0.04838179090574257 0)
(1.213622850301934 -0.1332375343776999 -1.479177440330228e-19)
(1.085672592866725 -0.001648843763827631 0)
(1.009327207078359 0.0007356031205650716 2.262055572533078e-20)
(-0.1943005033791189 -0.08039571269414285 0)
(0.9939713340479465 -0.004677153073238855 0)
(1.012321492563754 -0.0230430609008198 3.861585362644898e-20)
(0.7062706891424526 -0.01941419479120251 0)
(1.096799098995622 -0.01501268739084126 2.365772541308245e-21)
(1.038891253046434 0.004670312695785512 1.414036384567124e-20)
(0.6331807312205255 0.004167591867315016 0)
(1.444814264409865 -0.1238771432840613 0)
(0.9859708021149619 0.00221860514920222 -1.070705223639942e-20)
(1.069602554087369 -0.01502229552794364 0)
(1.03795352051221 0.0005814878689485859 2.064766416496951e-20)
(1.086874057845068 -0.00394534626120777 0)
(1.010828262307935 -0.006150725774450168 -1.265004425203175e-21)
(1.006182153833651 0.003290500226810436 0)
(1.010058867915653 -2.032209969789699e-05 -8.789037865950096e-22)
(1.003852407366429 -0.02004555099466725 0)
(1.03513432248446 -0.005008394320203142 1.854044989766639e-20)
(-0.2092125637101356 0.05029780007478291 2.812233799172702e-19)
(0.8153458196534503 0.03718331838414474 6.027443389558088e-20)
(1.005047055612851 0.002339655106948982 0)
(1.121714023011328 0.01625366638462218 -1.27395904981834e-20)
(1.108423190572207 0.006985892033745869 9.650420557529524e-21)
(1.053928114191863 -0.01287069082987603 -1.324908944590785e-19)
(0.9987726683662896 0.01040288919602487 -3.133975079700649e-22)
(1.085303720395927 -0.005120141019653912 0)
(1.187918069825174 0.04928996094576129 0)
(0.8350073026647324 -0.0737150727810381 4.610262618936194e-19)
(1.093211317025403 -0.01088787018632159 0)
(1.033308836545801 0.008048635570126757 -7.713735396440537e-21)
(1.04270216668596 0.005403371218216036 5.69021576719335e-21)
(1.051175934128131 -0.05886136322485612 -7.544628685937712e-21)
(1.139795426716721 -0.002611338442582863 1.722237467082435e-19)
(1.077591765348017 0.002952174875946728 0)
(0.9947319054342884 0.001927130910590207 0)
(0.9982881917732359 -0.02514906048020247 -2.384152209981352e-21)
(0.9913041547823058 0.00335250624986279 0)
(1.029464867659283 -0.03655609413704395 6.499025358998219e-20)
(1.293045696192813 -0.09921800170562302 0)
(1.043169873001836 -0.004945021128080779 -2.696000684328671e-21)
(0.986182087621145 0.0168126755451536 -9.067554462726235e-20)
(1.034836206276196 0.04299721376326431 -2.326538609758521e-21)
(-0.0851205767289972 0.197170642286817 -1.72394767164724e-19)
(-0.0667343041887746 -0.2796928551047589 -1.323537024628574e-19)
(0.8639883217713631 0.110801596899286 0)
(0.2759180077239133 -0.01424936510597109 -2.894009093931686e-19)
(1.01165157721832 -0.01421203278102042 -1.007200685370153e-20)
(1.064015846280156 0.002674636281041943 -2.067381022851021e-20)
(0.9930643874677979 -0.02160276192308552 3.025189750435914e-20)
(1.02713206184031 -0.02793453355236079 2.63223365343843e-21)
(1.00905249938137 -0.03022096392148462 -6.693950492167328e-20)
(0.9887490428108693 0.004917948912700894 -3.493152735035042e-20)
(0.9939247895405342 0.004597936846692422 0)
(1.024317436838169 -0.001953248808332329 -3.519749731706177e-21)
(1.929472531484316 -0.156183999178528 1.064591962410006e-18)
(1.051548006396151 -0.01752389192861613 0)
(0.996756686221817 0.007366675094890906 1.487413412543368e-20)
(1.003383212016812 -0.0004963681577510048 4.01226490879866e-20)
(1.1764118962913 0.1527228056188388 0)
(1.008447059136868 -0.02269271272764932 4.743183097673833e-22)
(0.9535805256155349 0.002251822707432473 0)
(1.037850023002386 0.0417095793975782 0)
(1.29388011602855 0.1495414739328466 2.158406394873762e-19)
(1.076650643523456 -0.005133521186080225 2.320189443251688e-20)
(1.016510263779038 0.0317696496799501 4.505629269361214e-20)
(1.077169947165196 0.001161656710491648 -2.234938110834005e-20)
(1.059163158887961 -0.02310315617201256 -2.945102068689881e-22)
(-0.3883159823213418 -0.03779956540543408 0)
(0.9988649456117937 0.01254056401512842 0)
(0.1268325308357469 0.05562953016387091 -9.291801905052131e-20)
(1.005481919413152 0.02128686268386948 -4.00700749890749e-20)
(1.004918612478297 -0.01925915640166238 0)
(1.000537743321369 0.005442840473140283 -4.914602991982306e-21)
(1.081858885413725 -0.04219602025984492 0)
(0.9947839527060247 -0.01926526644153458 -8.042872376143095e-21)
(1.09510936533578 -0.04603190869600619 0)
(1.440816937127346 0.169923326089915 0)
(1.054533719277575 -0.01171722173814653 0)
(0.9919572874015055 -0.02400933975792835 -4.068136494712994e-20)
(0.9842807057713305 -0.01915718855129009 -3.022651752764508e-21)
(1.019236451313217 -0.02086042378717835 -2.108671564747033e-20)
(0.9969562547357301 0.017219699401607 -5.401480154586866e-20)
(0.9957640087488835 0.009301549723125781 -1.449588675757481e-20)
(0.9950799043791807 -0.02660549764943241 0)
(1.001656354641714 0.02506603158362441 1.884363028376042e-20)
(1.036336367381903 -0.02291945801475174 0)
(1.110491008439756 -0.03652093776645951 2.518500802670843e-19)
(0.9951175665103262 0.01680561733138368 4.478571117907535e-20)
(0.6150684451496568 -0.008687827314306394 0)
(1.156359448402195 0.1506120845752753 5.010342476119805e-24)
(0.8230949692306876 -0.08663732660098364 0)
(1.139177102101066 0.07253162508476081 -2.799142976881606e-19)
(1.313163917890931 -0.3877384699556002 1.273276309043203e-19)
(1.074310033706348 0.06674662387552709 -1.298998525169919e-20)
(1.011019792320552 -0.02947632645591785 0)
(0.9547403354331857 -0.2138391747359702 0)
(0.5440850973933857 0.1721440116039139 0)
(1.01331837893432 0.01405138426455227 1.00305144442075e-21)
(0.7146478856993295 -0.01072621569282395 0)
(0.9981849959935807 0.01668421073915752 3.449954117950569e-20)
(1.023936759726984 0.0002562550833847184 -2.652875770012613e-20)
(1.079113074400016 -0.008003387071393465 2.64853839443848e-21)
(1.050777260024613 -0.0174125605585369 2.638084135191069e-20)
(1.04300388519322 0.01104815215929113 0)
(1.053172987683194 0.02394428613909055 -9.370917974309647e-21)
(1.051532058300943 0.03551663633266477 -1.766223152949291e-20)
(0.9835866901437391 -0.02180749980216433 0)
(0.6248901956368647 0.005131025402970058 9.176810705518805e-20)
(0.8941716264050221 -0.005939199094962534 -8.852075223141003e-20)
(0.9093519530641773 0.005240125925588648 1.447421374347863e-20)
(0.6296423196471256 -0.006420089225289674 1.410961196835435e-20)
(0.9799834467565008 -0.0004946160375947779 2.524827018679892e-20)
(1.004416488715539 -0.01761269476801557 -3.285865272075599e-20)
(0.9737971042846278 -0.01695669529788238 -2.844549419812005e-20)
(1.085613135672675 0.001488134059230953 0)
(1.018685097387374 0.005083371377709501 1.079771256778793e-20)
(1.133249759900178 0.04807323422420331 1.349616019872745e-19)
(1.032844811752357 0.04302499790802704 0)
(1.022331566454662 0.002636732248477123 0)
(1.580209327423532 -0.1677721767325433 4.351524472136056e-19)
(1.045915574315751 -0.02858431118039007 0)
(1.022653115129285 0.009323298367229163 -3.579118339454727e-20)
(1.085524190954053 -0.0003362875777773965 0)
(0.4909479617249059 -0.003746818529270007 0)
(-0.0320619926894071 0.001129362104036773 0)
(0.990487936455673 -0.02339981222316605 1.248979170976273e-20)
(1.29939297857216 -0.09659744529614478 3.658475112312762e-19)
(1.031708288283908 0.03874118785086208 0)
(1.022656192794109 0.003478147634385723 -2.184872091028747e-20)
(0.9319986528087416 -0.16470720781302 -4.735736171962943e-21)
(1.254265332786959 0.07280796335573578 0)
(0.5991106373865512 0.7323338618507508 0)
(1.304654177395201 0.1419437014613712 1.045284125680983e-19)
(1.672851026418221 -0.0264121204545095 0)
(1.071445908353523 0.1321025554529789 0)
(0.732550468263133 0.003558535283628156 3.536971730708858e-21)
(1.048247372191139 0.04925896992772972 0)
(0.7272659037766088 0.1032806622977818 1.336263093711946e-19)
(0.9968274207547793 -0.01624601015913223 3.588264002842199e-19)
(1.036738665681428 -0.0381277563284579 2.636311489191282e-20)
(-0.3694425117124949 -0.05193729836399923 0)
(1.071823101614864 -0.01611450095736057 0)
(1.090054801873876 -0.01646231796723384 0)
(0.6471802196976086 -0.5005545875873894 -2.508446089119946e-19)
(0.991560232077232 0.0001293444920990147 0)
(1.091901881416403 -0.02222564810137136 6.867524076408884e-22)
(1.189233469574749 0.1208129147612531 -2.049235446593305e-19)
(1.096912503622276 -0.03861783830096093 0)
(1.005195564178467 -0.02075807591338289 0)
(0.7951725468561881 -0.1981381654077101 -1.728084951736366e-19)
(0.8964927285114335 -0.1442870655566384 1.472104493308163e-19)
(1.032583947964699 0.01061337059726517 -2.067586501744121e-20)
(1.023134636447289 -0.009230015622058357 -4.261135912731772e-20)
(0.8675100730301109 -0.002339341853942562 -1.964463793315463e-22)
(1.501993097813144 -0.194326638328488 0)
(1.304279450914385 0.1098596871070878 3.075622074468493e-20)
(1.242150369088975 -0.07978549562904799 -3.162890570157388e-21)
(1.095905190668754 -0.01882949812155573 -3.979509899963022e-20)
(1.04138485552434 -0.01860448866678843 3.003059548353115e-20)
(1.092800454450287 -0.03918315192704448 9.550933392037637e-20)
(1.032717720145798 0.02009773019616939 0)
(1.05027586092609 -0.03209167274364924 0)
(1.115855957813785 -0.00904080105458312 0)
(1.098457244215697 -0.03122685487650205 0)
(0.9981295666907649 0.01069902279739015 0)
(1.154461135011445 0.07681232696717542 9.328925281294841e-20)
(1.345153825376207 -0.1603365440435741 0)
(1.042957114900617 -0.02451928191467448 -2.389843208548156e-22)
(1.050974908519752 0.05528158720660109 0)
(1.009949680482371 0.01423700257498458 -3.812663057106797e-20)
(1.033480139711138 -0.008056779711800657 9.364667244354337e-21)
(1.088995439008718 0.0133213272727481 -3.161180815154266e-20)
(1.084131900547344 -0.02947702024083499 0)
(1.075456398631385 -0.004768490901059995 0)
(1.10046350256826 0.09252603952928719 -1.397757571408526e-18)
(0.9348516444983781 -0.148052087651046 -7.116134659271375e-20)
(1.180621651223502 0.1106306352641137 1.127552886606262e-19)
(-0.4537753145567619 -0.02319972571808128 -2.927562420135255e-19)
(1.01907068650655 0.02970996525242423 -8.555754168050986e-20)
(1.007229411014881 -0.004680889985634569 0)
(-0.2533167840794135 0.01094645996156905 3.573588883464907e-19)
(-0.04213239339824988 0.3379402203359611 7.765771886269937e-21)
(0.9952143121672844 -0.006326852635286939 8.881320873334927e-20)
(0.1845549077758102 -0.0426664134268945 1.319852696571351e-19)
(1.093961253344737 0.09131933276912035 1.477259195120018e-20)
(0.09332631074150181 -0.1069810024791759 -5.353696990438526e-20)
(1.108073250275827 0.003161190499162107 0)
(1.093356831883516 0.24965273471883 0)
(1.021309326045077 0.02190924327062257 -1.675465645230808e-20)
(1.065996823909959 0.06086030271563206 0)
(1.02402547180102 0.02526773556349761 -8.666079952664811e-21)
(1.260069043404213 -0.5475140345969691 7.976498391050162e-19)
(-0.08584718278490704 -0.2254120336318599 2.077540609699719e-19)
(1.297287084453917 0.1106883898967413 -6.104634722432467e-19)
(1.124881540089618 0.0008461333879362968 0)
(1.133747511177335 0.1060993573411096 0)
(0.5201346900521545 0.07687928160514258 2.425313721070274e-19)
(1.022916325504178 -0.02079714101903189 9.585378033643854e-20)
(1.005430551654602 -0.02332428937137868 0)
(1.213313075873495 0.2714721387873218 -9.840805398906393e-20)
(1.250385065292617 0.1271267492853934 -1.49531326797771e-19)
(1.02648210410791 0.002739384530158962 1.59157769592622e-20)
(1.295281657075988 -0.08499578376694582 -4.945894250481383e-19)
(0.3100438461150219 -0.02361277997143284 2.857080191877561e-19)
(0.835812310896532 -0.1507242901946876 6.919371830359347e-19)
(1.054238737086935 0.07072064191240915 1.091551360542902e-19)
(1.040118979458916 -0.003234584834150794 1.268835794435746e-21)
(1.000738496775689 0.01971781311300577 2.849305559743693e-20)
(1.066481263150471 -0.03687941200188785 0)
(1.034480865812609 -0.03844227476454329 -1.433783634855294e-19)
(1.017703710827365 0.0355226415779118 -4.593706930912602e-20)
(-0.06733840670698236 0.08789836045239754 -4.894694805308496e-19)
(1.010720875419239 -0.05770742807859728 0)
(0.8945130855479178 0.007478947597222392 0)
(1.092682876976603 0.0003548195461606724 0)
(1.358617046514698 0.2557365541910652 3.733849774478508e-19)
(1.691849560806385 0.1024519077584785 1.318787656980754e-18)
(1.403108788762039 0.1448426471079085 0)
(1.03017968644676 0.02258379017822957 1.07284031663721e-20)
(0.3435651909280226 0.03033180008532215 3.2851259336321e-19)
(1.122624276070511 -0.001143551859125318 0)
(1.101186399216707 -0.02353672670778021 3.16390449815712e-21)
(1.098851373650397 -0.02716942183824844 2.48001358382986e-22)
(1.14294224737977 0.101168791515293 0)
(1.299189533301107 0.0533608142576457 0)
(1.040120154580323 0.0008443111409408124 1.157395397935941e-20)
(-0.1486251600577162 -0.1003155817972209 -3.898386842532037e-19)
(1.329176369461102 -0.1567389796035762 -2.181088750803397e-19)
(1.067914398619499 -0.007366134173712683 0)
(1.013677272849464 0.01532895120438431 3.008363966169132e-20)
(1.141892401912332 -0.0924348411032927 0)
(1.015828409575862 -0.01773830054065965 -1.145703773189353e-19)
(1.030686846116026 0.007747155240100567 0)
(1.509413748845528 0.08596052332612905 -2.800272452679919e-19)
(-0.07262162497899979 0.05138954136260918 7.498384044005165e-19)
(1.098562132656669 0.05022632266604697 2.053889506049013e-20)
(1.093146392957922 0.0788306578262975 2.147205322958164e-19)
(1.009854951628437 0.008396042545078501 -6.079119830217779e-21)
(0.003714282619300883 -0.1134383054135832 -4.894610705321354e-20)
(0.02296837081235405 0.1126443935113122 3.674975551806931e-19)
(1.238634864156691 0.1332166784683049 -1.570237504924371e-19)
(1.110215484140133 0.09731758643037397 0)
(1.088056318572536 0.02484632993945339 1.785144325997449e-19)
(1.007173492232403 0.02200182868722377 1.762931167734821e-19)
(1.028787022139402 0.001202673426940557 -3.689800464913087e-20)
(1.220370347164839 0.1331433165007947 2.567097040661206e-19)
(1.399323349841849 -0.1357636006047363 -2.099478875238851e-19)
(1.066207850335084 0.05003186292551855 -7.388939087032408e-20)
(0.993789886318158 0.00664395413875416 0)
(1.085189141191751 0.07704793680649817 0)
(0.9784519256734638 0.006322760404593566 0)
(0.9968162487585978 0.008211101748530984 2.287483542557567e-20)
(0.4956888246546179 -0.0755193785715724 0)
(0.9904305667879809 0.003916726470331397 -1.043141266963253e-22)
(1.288138075407013 0.07504277841310848 0)
(1.00789390835055 0.007812848198714126 2.172613698109614e-20)
(0.8171838893822794 -0.1269800855345687 5.720533919116847e-20)
(1.102512181368772 -0.0215194504159508 -9.063981139058147e-21)
(0.939819673408761 0.01660963695684324 -1.770508620012197e-20)
(1.445237892665022 -0.2869877834970498 -5.390230110582025e-19)
(1.139015550220667 -0.09273234907437952 4.75873301891373e-19)
(1.088848074542143 -0.02515568529179837 0)
(1.928473195697095 -0.4700502171607204 0)
(1.619079623907079 0.1876636907094799 0)
(0.9855983537046863 0.005743937315653007 -9.322810291631512e-21)
(0.8610559388182463 0.775956436858723 2.430299058982348e-19)
(-0.01364909795771935 0.2186283873387736 5.498279340314081e-19)
(1.043702915728463 0.00922435327868692 0)
(-0.2138023517209678 -0.08240686268633161 2.07059648478217e-19)
(0.9842078711843903 -0.001909142548055022 4.082449401949847e-20)
(1.182189722355208 0.1617340764476131 -1.655548272649459e-20)
(1.044431756006523 -0.02239076808549666 5.405359358675675e-20)
(1.0557419675884 -0.1441807146885003 1.492123010761624e-19)
(1.133038805692964 -0.00191462251080301 4.588464250463047e-21)
(1.109843388729792 -0.01964549543697549 0)
(1.313016125221044 0.5314650702430607 -6.064789923408003e-19)
(1.030454652469595 -0.005415018390915549 -2.225230071860368e-20)
(-0.2865175746586103 -0.07111072886291193 -1.982543597658337e-19)
(0.6795588521988738 0.01847118990716812 0)
(1.084905308138167 -0.6964069701735732 -4.789101713233727e-20)
(1.317640143615344 0.08534312373288194 -1.113340536193131e-18)
(1.113719315150129 -0.1081990512843951 0)
(1.088971758639415 0.2803738349376916 0)
(0.9724926077474241 0.003901147805244919 -6.176579866419737e-19)
(1.061692348552622 0.01030808143621304 -4.264083088264306e-21)
(0.9246319896665423 -0.01209690677818269 0)
(1.090580124780896 0.03087527311745763 -1.756744265072853e-20)
(1.36546271567564 0.2121304138346329 -1.833023175340815e-19)
(0.7325182692139987 0.1000551416063116 -1.050305485893765e-18)
(1.078684877579497 -0.0005699130644774744 0)
(1.264143126950733 -0.06178410950926043 7.101664504172047e-20)
(1.006214386863681 0.0003338700732418494 0)
(0.8470868405932546 -0.7729948482597324 -3.63350221181669e-22)
(1.081344276179643 -0.05223197143907917 -1.071212919764421e-19)
(0.8773369945013385 0.3271098705338557 2.911032337675905e-19)
(0.8378523500209144 -0.2022576396689504 0)
(1.030111260642481 -0.03511600944240075 0)
(1.053549167834329 -0.0288940416474533 0)
(1.007066976921962 0.0007265239270010145 0)
(0.9811700372715334 0.006205984216089633 0)
(1.352189196462365 -0.2398704442777329 0)
(-0.09742402788358148 0.1792089258116297 2.409976379730007e-19)
(-0.05590689154120763 0.0617201611725221 -6.8042194593481e-20)
(0.2344752824073423 -0.119547561763285 -4.230566178428427e-19)
(1.51641011014503 -0.4375576931077333 0)
(1.034162806148374 -0.01648076783958541 0)
(1.767639197664524 -0.7567559474998499 -2.331495418355233e-19)
(1.131365085725084 0.00123193064965804 7.319372890391301e-21)
(1.326904003703187 -0.09361662092707199 2.853702536272977e-19)
(1.110350753280584 0.7107012361267929 1.455284103901868e-20)
(0.3397567128919581 0.5962257318914769 -2.145671466792161e-19)
(0.6772328011017259 0.4618351084492928 -4.7408947113227e-19)
(1.057874937253265 -0.1615817233874726 -2.046463597448559e-20)
(1.223758969816901 -0.3589620721265614 0)
(-0.05192829654214129 0.2078565965072324 -7.534265441007294e-19)
(1.04732669031717 0.02293556326276881 0)
(1.109055774808042 0.04301307436233293 -1.549970066696245e-19)
(0.8166590874396173 0.9001201366798156 0)
(1.065625007592603 0.04251747215246709 7.083363991941368e-21)
(0.2683865099962907 -0.06035006996657617 0)
(1.107148673379391 0.03321706202675289 2.367421693524795e-20)
(1.374300800622658 0.3251468530931579 -5.597325608255341e-19)
(1.074428489784239 -0.01301180512383487 -1.675632420593324e-19)
(1.473557655573131 0.1589505597808496 -2.556996160640867e-19)
(1.334178324792866 0.4196595836493874 0)
(1.177748550305591 -0.2729068979433254 0)
(1.304695958227631 -0.1400648825043447 -1.235666247805985e-19)
(1.066821593360299 0.01622078980975201 -3.327238024121318e-20)
(1.06070190096225 -0.0119658493282015 0)
(0.7364380109357423 0.1419649797914259 -1.126697664429213e-19)
(0.7724481555760108 -0.5739024289068282 -5.865352887261487e-20)
(0.6669489562856922 0.2064704047445877 9.561675875970973e-19)
(0.9688053832827639 0.1091870553029178 3.276234826121194e-19)
(-0.002434819986731655 0.09237023744148684 0)
(0.5538128799571118 0.01555350586743444 -6.378690745860288e-19)
(1.057642984777755 -0.03960556420081912 -1.901290505244337e-21)
(0.7027170064422091 -0.1227209131581109 -2.821105771171949e-19)
(-0.000153630419987119 0.2380599109222215 -3.054383295183113e-19)
(1.180505889641464 -0.08012412050368029 0)
(0.3991573351471584 0.0156870824765556 0)
(0.1610462183102697 0.3754318559756405 0)
(1.445509776435691 -0.2658030929693892 0)
(0.2333296981878732 -0.3545896552105535 -6.454214765119151e-19)
(1.592483264809498 0.03836088680436266 -3.852056641972204e-19)
(1.024658603824775 -0.2005593086622796 0)
(0.6653559412150684 0.02168476093524785 2.434946331790897e-19)
(1.024525136956133 -0.01120423286103901 3.560877397052577e-20)
(1.139552218259632 0.2367143913525989 0)
(1.738985916044715 -0.1132812494249985 0)
(0.5794084195026571 -0.7341928272521355 -6.656093466227249e-20)
(1.270571578721106 -0.1120105899465398 -1.016887293044687e-19)
(1.409884342123644 -0.08804955804782069 -4.358461397159619e-19)
(1.487141009201366 -0.06793378841050235 3.702428053566084e-19)
(0.09642727841858514 0.1039464257312358 0)
(-0.1149369898257079 0.09359069665950655 2.868024195747525e-19)
(1.038107847826322 -0.06320424060852112 -4.792783176819022e-21)
(1.119288437388839 -0.1399519318697516 0)
(0.6397854361714093 -0.3534003912579666 5.242483761885659e-19)
(1.048699936868388 -0.06313505993504769 1.343588548210116e-20)
(0.8555699876430218 -0.1464022254056259 0)
(1.317006130212984 -0.1393529752250932 -1.08532035781182e-20)
(1.122564436451974 0.0818948558366152 -4.382731532506152e-20)
(1.091075294835146 -0.004990607986863058 0)
(1.129994674805299 0.572115709937318 -1.135964362271704e-19)
(0.3411051011559635 -0.5961227903817305 0)
(1.060892815081942 -0.003386930105483678 2.823253222044641e-20)
(1.097083046990056 -0.006252329402930176 2.691511027738133e-19)
(0.09380698804974172 0.1536968244910714 -1.711358509044348e-19)
(1.183658384618853 1.004817695206082 -2.266012612603047e-19)
(1.36643789607673 -0.1382295422599329 -8.732221963726258e-20)
(0.9276265181695355 0.1175700252671487 6.499633597134942e-20)
(0.9974158190060595 0.0039667831758896 1.03399495499573e-20)
(1.06378389902296 -0.1520903282591493 1.837343437348964e-20)
(1.504676581009077 -0.9462914611771307 -5.186482773985229e-19)
(1.536453876792223 0.9527510692853237 2.384682375261724e-20)
(1.427887955134986 0.2223007215388513 3.356776823537273e-19)
(1.028256812618827 -0.007521304724682328 2.093667702383566e-19)
(1.035267505780259 -0.03315403234760634 1.572576734639535e-19)
(0.9918008071133242 0.02251327351421048 -1.891188684114066e-20)
(1.058070167806661 0.03831371871437628 -1.485925387110001e-19)
(1.078500789677301 -0.06544847527670239 2.803283474340734e-20)
(1.438753866479806 -0.1390223293273952 3.430651798095167e-19)
(1.824124792822957 0.7502926301812826 1.87595137378489e-19)
(1.032252733750363 0.032757875588728 1.005582611893104e-20)
(1.07201155811067 0.01346539852937973 -1.073722029704391e-19)
(1.992310797888468 0.4788428722451725 5.396179482950057e-19)
(1.935528562579382 0.160058296590228 9.413264334391463e-19)
(1.083716712206721 0.640925676495479 -1.001443440236771e-19)
(1.110701455638539 0.1721616162430153 0)
(1.04413117428674 0.02297839691157944 0)
(0.5115225466231945 0.4422504548233663 1.15508733540533e-18)
(1.373156963813173 -0.2982022058111304 1.853838995958362e-19)
(1.185911019196192 -0.1547952771654309 0)
(1.637579153255347 0.2360813493794027 -6.252537198131764e-20)
(0.8120710686535578 -0.15581855845387 -1.294822790114868e-19)
(1.324859536817067 -0.2090200343201324 -8.950449535130215e-20)
(1.252178666620441 0.3908298070569692 1.464809705315437e-19)
(0.4926696010176989 0.1991681768193669 -5.583299205449677e-19)
(1.693234569979781 -0.02115910987962084 3.321163397728196e-20)
(0.854365180465916 -0.5424634084790327 2.347524688279903e-19)
(0.9988592292399754 0.02401503335371167 0)
(1.624337575383357 -0.1886083442358381 -3.146684596958059e-19)
(1.090930125835028 0.1007879774440221 0)
(1.342234521860172 0.5827686509162213 0)
(0.94085803889005 -0.4117429570782251 -2.826611822972339e-20)
(1.248547828264231 -0.02811906685181036 0)
(1.038110316795096 -0.003934021820678982 -1.266791560621115e-19)
(0.721507300816464 0.1092481630006964 2.976352685193662e-19)
(1.321010629869773 -0.5798481915894897 -5.511322381597626e-19)
(1.049626217448526 -0.6308784175899893 8.271996266310765e-21)
(0.3505213870588668 -0.373434486116117 -8.589172526011942e-20)
(1.006781680362352 -0.09495482617743765 0)
(0.4461708537635403 0.3058134851293426 1.675864169121011e-18)
(0.2673146705836542 0.02312896431822925 0)
(1.315449633214092 -0.1421100014361658 8.138240047288144e-20)
(1.572676764346989 0.1889257161549574 0)
(1.16885631603651 0.4485154166832235 1.36656989718431e-19)
(1.05410302759205 0.1537030038146224 -6.107295888191899e-20)
(1.031724575812715 0.004328526960977237 -2.047979441388439e-19)
(0.958484044088852 0.4113957198684293 0)
(1.159699016125374 -1.007545697347073 5.707038180903668e-20)
(0.8910963325177791 0.01122615793475065 0)
(1.07079826585237 0.3807311172491434 0)
(1.052610956981347 0.0333492372526424 -4.250814650039656e-21)
(1.469721324109342 -0.2989847132179982 0)
(1.242064899574909 -0.1847251747433759 -2.910048338119457e-19)
(0.008611228929279666 0.006799175056387914 -1.934424532376267e-19)
(0.2398706757861442 0.02311870276587146 8.862132114236048e-19)
(0.9807179445126196 -0.09772001231339594 0)
(0.4733811642293612 0.6514939456277189 -2.521590218083964e-19)
(0.9175587414472437 0.03153801542355573 0)
(1.541473142721098 0.4160173104392829 5.524608772279298e-19)
(0.4700843851767791 0.1355975959855789 -5.88746729455757e-19)
(0.0585460460163478 0.1738139752225693 0)
(-0.4120314887361851 -0.0516734919669079 0)
(1.032271440909388 -0.0003663378887376376 1.298080003459437e-20)
(1.654798907488481 -0.226074879078038 -1.092527752329092e-18)
(1.107193894574326 -0.5614304571257116 2.324287031795537e-19)
(0.7825916431701518 0.3358639636804107 -8.697997813023968e-19)
(0.9048448555014527 0.1307390116786219 1.418113397124332e-19)
(1.04409786508543 -0.003601216856203928 0)
(-0.283133341778215 -0.1013535206441687 3.928701030919187e-19)
(1.033651714780521 0.04674204198500682 0)
(1.202139565211805 -0.2462463004886452 0)
(1.565780800710618 -0.1916459288065934 5.22088174965431e-19)
(1.127729667534972 0.0743585070310655 -7.487128674554308e-20)
(1.079376792987974 -0.1471488488758535 8.105992476500577e-20)
(-0.02352692269067338 0.07747212565704958 3.344417511493319e-19)
(-0.06621311023128834 -0.1692748955710731 2.584481116657971e-19)
(1.067996994348282 0.2104074796155437 0)
(1.098867262207895 0.0589932871009669 2.098106046199733e-19)
(1.48961444251868 0.284064454590464 -3.56771360768848e-19)
(1.320234725534122 -0.4863769615326173 2.337470263054027e-19)
(1.143640549322192 -0.1513130064296132 0)
(1.122200616672698 0.1507863025440191 0)
(0.525268783726726 -0.6856447478239807 4.186484239135406e-19)
(1.31493731934647 -0.0414022038558179 -3.014172457166415e-19)
(0.9970933870463947 0.1014268059479593 2.456214814940564e-19)
(0.3132809584176657 0.3607566270544942 -8.862308505643094e-19)
(1.022856250083373 0.1073308430342866 -4.052191698095209e-19)
(1.035620122243366 -0.3946171920325097 -5.440274246540969e-20)
(1.463010322515486 0.1072429380490945 -6.585576376040611e-19)
(0.7778691330402258 -0.8816226559280199 0)
(1.056448998565897 -0.03096274210162478 0)
(1.125743399224656 0.1597832390154588 0)
(1.620845139627681 -0.04220479881751511 0)
(0.8162869878183757 0.5961705018035341 -1.985810188551191e-20)
(1.489011793088973 -0.3568076894434617 4.51183784395452e-19)
(1.544702418110717 0.1464408057926105 0)
(1.13417177968755 -0.4576766508323652 -1.590548680060753e-19)
(1.464392891920995 0.3439960624155876 -3.585759894071802e-19)
(1.010204414995821 0.02865894369661036 0)
(0.2189408223934953 0.005727702726804928 -2.487816738293758e-19)
(1.339239748290921 0.5114028633622153 0)
(0.974754414165371 0.00735408461912132 -3.928788479878645e-20)
(0.7625678914867408 -0.2990390958530554 -2.078736164431713e-19)
(0.5084331251622304 -0.07973882056921941 7.8943144200778e-19)
(0.2311231655325476 0.05421123026265821 3.691774051306757e-19)
(1.061310701665608 -0.1378701592321487 0)
(0.0377608254634393 -0.002575475794724232 0)
(0.3458476287691024 0.0431800877377551 -3.011571696141023e-19)
(1.006218839806059 0.01785938500968773 0)
(1.455994575658824 -0.01049294955120951 0)
(1.007410917202566 0.02936104328563512 0)
(0.467733881277921 -0.2714198574417893 -1.010035513856664e-18)
(1.049552645744793 0.08886681454254848 0)
(1.527399523025925 0.03898850000417352 0)
(0.239960123669397 0.1111091223744582 5.474130480807086e-19)
(0.8788080487036901 -0.3205660847928871 0)
(1.368547837467932 0.05123707996625887 2.719172869314718e-19)
(1.239712625489266 0.2048203147299332 2.098586996379969e-20)
(0.8998545972045042 0.555689643656937 1.505523234463628e-20)
(1.034305007691013 0.09957720889353293 4.551508046489126e-20)
(1.031586899697082 -0.1481835129830968 0)
(1.369529918703504 -0.02489216044003666 0)
(1.288899318053973 -0.1262822407513129 0)
(0.6244319375871783 -0.03808926033329439 -1.364514225723393e-19)
)
;

boundaryField
{
    FrontBack
    {
        type            empty;
    }
    Top
    {
        type            noSlip;
    }
    In
    {
        type            fixedValue;
        value           uniform (1 0 0);
    }
    Bottom
    {
        type            noSlip;
    }
    Out
    {
        type            zeroGradient;
    }
    circle
    {
        type            noSlip;
    }
}


// ************************************************************************* //
