/*--------------------------------*- C++ -*----------------------------------*\
| =========                 |                                                 |
| \\      /  F ield         | OpenFOAM: The Open Source CFD Toolbox           |
|  \\    /   O peration     | Version:  2412                                  |
|   \\  /    A nd           | Website:  www.openfoam.com                      |
|    \\/     M anipulation  |                                                 |
\*---------------------------------------------------------------------------*/
FoamFile
{
    version     2.0;
    format      ascii;
    arch        "LSB;label=32;scalar=64";
    class       volVectorField;
    location    "83.5";
    object      U;
}
// * * * * * * * * * * * * * * * * * * * * * * * * * * * * * * * * * * * * * //

dimensions      [0 1 -1 0 0 0 0];

internalField   nonuniform List<vector> 
808
(
(0.7562626640730332 -0.01751913235785981 0)
(1.031228660090607 -0.01249135240697255 0)
(1.11628437164009 0.0002067753350721137 -1.79708401823656e-20)
(1.085128466150291 0.01257897130503067 0)
(1.361250909330408 0.01510164160892002 -3.87414462193224e-19)
(1.038642021546957 -0.009373375079244087 -7.187714884104617e-20)
(1.013864820572823 -0.02027140720389709 -2.347413861819866e-20)
(1.078605685341698 -0.004727979505078229 8.934173136309927e-21)
(1.252286112502704 -0.02028899642325573 6.323852888104274e-20)
(1.084550671595411 0.009071279948410022 0)
(1.012038756779793 -0.01206241637695906 0)
(1.303765820820583 -0.05290039304678615 -3.519867569709354e-19)
(1.086049326692378 -0.001560356571880653 2.030964801414165e-20)
(0.6750430865499736 0.006412214601738129 0)
(1.283047958408879 -0.1214697031375532 0)
(1.081797438203266 5.765927026519183e-05 -3.814184243351257e-20)
(1.232095925530135 -0.1530281000527456 -9.998933655682646e-20)
(1.074343118498536 -0.0001496291416556964 3.160358482485467e-20)
(0.9915011748275061 0.006732517185965297 0)
(1.026871943129057 0.009103671867670079 0)
(1.040432843239119 -0.01484510615495389 0)
(0.9875153591700587 0.04504176887693829 0)
(1.051058025832193 -0.006194691562826482 5.624776513720476e-20)
(1.053528982281388 0.00830909948014045 0)
(0.9335337271431009 0.1993383276028103 4.589167670425584e-19)
(1.163935575881137 -0.09076027298859785 0)
(1.184385066578732 -0.01903914156223839 1.56864523265824e-19)
(1.077236032276919 0.009485160462189503 5.210950057066667e-20)
(1.084192752829948 0.001868936355392668 5.071227715875419e-21)
(1.072055437014381 0.03098205164651683 0)
(1.0755905486257 0.002500454393032358 -1.176382662901927e-20)
(1.033328904739309 0.006242103099432993 -1.926684067405828e-19)
(1.059894171672998 0.01475456400869284 -2.393218492725192e-20)
(1.088929733267517 0.005214895201886354 -2.928422714592886e-20)
(1.119989233682584 0.03679303608177985 0)
(0.7550084681700712 -0.12075789359986 -4.543583665989219e-19)
(0.9543754301095994 -0.005748431442755889 0)
(1.068986598032689 0.02247485863070884 0)
(1.068846150654887 0.007273440384268287 0)
(1.073649404504798 0.00874150346047008 -2.82841167404927e-20)
(1.092380020881254 0.02276599207947625 1.098910006787607e-19)
(1.149561485871298 0.002670417960245201 2.154287970647552e-19)
(1.095595706835901 -0.002479217506667945 0)
(1.015748488835702 -0.009261420524103448 0)
(1.128719807484185 -0.09832134529659081 -1.662264480178056e-19)
(1.044067921794257 -0.01177558203544798 -8.091664613537131e-20)
(1.058439215392871 0.0266860093462151 -2.807484692566243e-20)
(1.229522156227346 -0.1116193532272366 -5.611511874475303e-20)
(1.06773231954978 0.01225403822052605 -4.19643472145146e-20)
(1.255383332493461 0.01676200176461926 0)
(0.9970113610540582 -0.01806489708392101 2.088537186688183e-21)
(1.044558334432849 -0.002467469665534242 0)
(1.087344115327044 -0.002374279978439666 0)
(0.9975986590814796 0.007318024010737975 -1.900771340024731e-20)
(1.252561497913273 0.03360328438637096 -2.346319367607165e-19)
(1.063816242270849 0.01842384429309047 6.053712587546897e-20)
(0.9884828821339974 0.009253380866724713 0)
(1.016733540068753 -0.0110161504884252 2.467578583866936e-20)
(1.106733855512471 -0.001250756548461566 -1.181378463961032e-19)
(1.061773589472344 0.03121641771097888 0)
(-0.06526862261963473 -0.02375979606399455 7.199207598747151e-20)
(1.153826068074104 -0.05178684923202138 -1.889476235507136e-19)
(1.002234306618092 -0.008494926645200539 -2.71221413967929e-20)
(1.184066528211435 0.06536656449871728 -1.21289058995865e-19)
(0.9978028367457767 -0.01063323713001189 3.011380774006158e-20)
(1.083822571165244 -0.005539411325637737 0)
(1.243119524658767 0.09421412453884058 0)
(0.6960226566389133 0.00318374180640423 -7.487757288288081e-20)
(0.9897632271219819 -0.01561933206581012 -3.136720130330597e-20)
(1.4576990897604 -0.01767625786213423 4.461776724517052e-19)
(1.060675568873229 0.00755515527327647 -6.724789221664805e-20)
(1.364942752668669 0.09696571019434938 2.899448377194086e-19)
(1.05479380583854 0.006752582186908752 -1.850638268263153e-22)
(1.081124113566845 -0.0141352196152703 -4.668482432429589e-22)
(1.16317807536339 -0.2350128311541226 0)
(1.022609116931444 -0.01448770572626142 0)
(1.017972601459443 0.01765781528933226 -3.090015547429918e-20)
(1.388649021018082 0.3500734341127433 4.190671976958016e-19)
(1.097074197473391 -0.04201573346922451 9.360897761969036e-20)
(1.046419658319318 0.2108434220482729 2.481094176644986e-19)
(1.124050019550299 -0.06333829910162268 1.162219183479889e-19)
(0.9221523444753739 0.005184481098733837 0)
(0.9755299431760671 0.01859198880714453 0)
(1.004037237619077 -0.04865858545631156 2.891727318476571e-21)
(1.010912960440319 -0.01332901654162684 7.469724639947745e-21)
(1.03107694555837 0.02577671222704755 1.38476214421319e-20)
(1.526713891101429 0.03638468222816772 3.25743747390756e-19)
(1.291321329105366 0.07119407406843183 5.534174404682535e-19)
(1.072694435186085 0.002883987419198738 -9.086936809997522e-20)
(1.198100691623862 -0.09856308134264906 0)
(1.033911690246381 0.001487396273038475 1.324555612215763e-19)
(1.163401750651324 0.02100424362019078 -3.184820682678994e-19)
(1.001497785626934 0.03243221252973087 0)
(0.9996298699570781 0.001985677187895614 0)
(1.04423014447754 -0.0003623550968830614 7.79836620625638e-20)
(1.210733354371299 0.1023616930143166 4.008430513720402e-19)
(1.011115233175286 0.006945407627771123 0)
(1.088360571877419 -0.07149766805231425 -1.060961387495888e-19)
(1.14936283698948 0.03568358328311122 0)
(1.209740691869502 0.09107518614284639 -1.893096459905288e-19)
(1.108108253977304 -0.02859565113452021 -7.662714204167158e-20)
(1.027979948053582 0.01158701925995555 0)
(1.085473502373861 -0.004674220889419603 0)
(1.020175014465344 0.02566333829519209 8.041998684556519e-20)
(1.074976415642567 0.05362598590778953 -9.162845854005543e-21)
(1.103654410130974 -0.004381452782297408 6.291631397919984e-20)
(1.105560173872039 -0.09669969672542987 1.547664163987574e-19)
(0.9593699074120866 -0.003331694387355359 0)
(1.066569538448421 0.03142221956471877 3.805464214074232e-20)
(1.167661278800818 -0.07606450446203117 2.309062700266156e-19)
(1.053859668445115 0.04500305002705726 -2.895155513769576e-20)
(1.022828031112295 0.06780927089203895 3.705711721363167e-20)
(1.090706678194834 0.0262530136472269 0)
(1.012032881013292 0.01562416973384867 0)
(1.028973549905754 0.009426163301253938 7.907317184609855e-20)
(0.9486648037911525 -0.03258376253142042 0)
(1.053351170741645 -0.005621889406726251 -7.731775797680899e-21)
(1.339332505440808 0.05882301822427878 -1.576528509407513e-19)
(1.079822838010039 -0.01334860181218943 2.585104372697659e-20)
(0.744192321040147 -0.001791078978564586 0)
(0.5306797797958663 0.1531236329905803 -8.804490708155512e-20)
(0.7058238431121633 -0.00251872107260497 0)
(0.6991493165606141 0.01467671709833009 0)
(1.077814659418721 0.003463276182463433 -6.663278429378302e-22)
(0.9906347339315958 0.01445255579210272 0)
(1.280594908691437 0.1228852231498321 2.505756641552515e-19)
(1.012267510589905 -0.02795100312452247 -7.68971204923856e-21)
(1.038798573126653 0.02009011276871868 1.350325800435805e-21)
(1.058376519636095 -0.01223506354900392 0)
(1.1263788730912 -0.009258925542362906 -5.014917282200818e-20)
(1.256179988815644 0.1279522594762916 -2.161993379455567e-19)
(1.088822777294164 -0.01104604864585189 -8.478768684666974e-20)
(1.070489881599487 0.02508209946814576 -1.08927510632986e-19)
(1.040979423608865 0.04674586155780367 7.07814055012996e-20)
(1.022287272117132 -0.003561974747361986 -3.445308912091339e-20)
(1.061428086065732 0.02362009876597635 5.955368580741749e-21)
(1.134409228040375 -0.00389707321305346 1.073711791360564e-20)
(1.041302912106911 -0.01292875196360085 -4.677667441832068e-22)
(1.087793160593435 0.03483847881858124 0)
(1.028713962182594 0.01327819244358587 0)
(0.7867100084993744 -0.06754932041555768 -1.848921803526996e-19)
(1.030234699232527 -0.002096300477929532 -6.771855066693126e-20)
(1.137476965148934 0.000707514779163726 -1.31530542887094e-20)
(0.703549905522128 0.006552874557822276 7.333437122063068e-20)
(1.176125429784339 0.01944865830341378 -1.931825705273507e-19)
(1.126684673222243 -0.004155309556686504 5.811187214866487e-21)
(1.129038942882638 -0.01009865015283679 3.433120303621976e-20)
(1.000939485423723 -0.00298062838409014 -7.232934703075031e-20)
(1.093902909982246 -0.06307772969163389 0)
(0.9858494195183807 -0.00112033092034291 0)
(1.058019591344743 0.007063999898347691 0)
(1.005986066212512 0.1893372802208541 -2.425199022231894e-19)
(0.7795365923123939 0.01241754333692154 0)
(0.8569567306346264 0.1029008185309715 -8.341903754659885e-20)
(0.0980574691483334 0.03952466054454373 -3.067649040160503e-19)
(1.173413644617401 -0.03171625019237785 -2.247171912772244e-20)
(0.6712649975378663 -0.007359887943233981 2.438550097333377e-20)
(1.165280780165305 -0.1065535221087007 7.004571508622522e-20)
(1.127976659252212 -0.002690412879976879 -6.163851316653612e-21)
(1.155397760437064 -0.05046682663956528 2.183707659408229e-20)
(0.08386154915393781 -0.1940067357188355 0)
(0.2687303565725587 0.0768849987535571 0)
(1.252598803797498 0.1082339362142326 1.886385193973463e-19)
(1.021624460354331 0.01987251156730802 0)
(0.7375778528086541 -0.006334071053326271 0)
(1.074964128923141 -0.01183838522905276 2.695643705692449e-20)
(0.975258170466611 0.002829276045274227 0)
(1.285995155167645 0.124722189198893 -1.480207852598316e-19)
(1.057433780319672 0.01119263502219202 0)
(0.9926372517538946 -0.008286677581109929 0)
(1.06529191112606 0.008019277314622965 0)
(1.006219614087918 0.02086492387255409 1.931199352346471e-20)
(0.9226079248443904 0.004770987292707868 1.187968248543673e-20)
(1.175567669536466 -0.1989164606077167 0)
(1.005014547983794 -0.005230442228901376 7.823343240038934e-20)
(1.05921779860589 0.00616693521688558 0)
(0.7745702731150008 -0.003350417053798929 0)
(1.215385938362008 0.0272492854646595 1.647550180813362e-20)
(0.7051221377584174 0.001325045238362643 0)
(1.432422985985616 0.08808899819322606 -5.251579743934831e-20)
(0.9934880094970395 -0.006329068188309058 1.665777583268826e-20)
(1.275832327493206 -0.002763407936567504 -2.953409287593804e-19)
(1.060028326155154 0.008763329906072231 1.367342341762138e-19)
(1.000897174314238 -0.01359671091400077 0)
(1.216336452613491 -0.1549881667010438 2.033464551989276e-19)
(0.7331744707112589 0.01379163997693265 0)
(1.098001235072024 -0.005111544083160799 0)
(1.153047839952005 0.06461257648252842 1.972692425586769e-20)
(1.006616251411112 -0.007326971708125058 -3.022035711860597e-20)
(1.121061852212116 0.04963673145778472 -1.734439604014608e-19)
(0.1502623333502515 -0.08623317662516687 0)
(1.073361574974942 0.03686701969341546 0)
(0.6615026197215687 -0.002901261680269449 -6.251784216779444e-22)
(1.012079552174077 -0.01968091081234556 9.431816178005746e-20)
(1.061830354694003 0.0006970426753986304 0)
(1.087261039303355 -0.134442985256408 3.779924942076942e-19)
(1.002498830325597 -0.006183515145823161 -3.427512813597708e-21)
(1.001846918934008 -0.00446251334145688 1.228154331936103e-21)
(1.094010259487534 -0.009235646501389238 0)
(1.020771708386965 0.02023620326821715 -6.406930879324893e-20)
(1.106804670936121 -0.001681140765123763 6.537211697465839e-22)
(1.073749852619783 -0.01085740654252306 6.539480325717271e-20)
(1.085737003163396 0.02234573959734517 0)
(1.326513825487532 0.163063006599165 0)
(1.002056312067326 0.0003570817967331139 4.413170228167776e-20)
(1.323789458652238 -0.12940699545693 1.562292247837621e-19)
(0.03039503178153072 -0.1485426499523853 -2.469761878772078e-19)
(1.071283015573334 -0.00555228729536753 0)
(1.116449189789906 0.001688403923371475 1.223844712328164e-20)
(0.7269700125631736 0.01786991271443148 0)
(1.061171477123053 0.003136898410271106 0)
(0.8673162205430044 0.1653123424261161 4.734612010184848e-19)
(1.273402372621467 0.1202052251420393 1.821168153469141e-19)
(0.6541473138781937 -0.003116811096373235 -6.335335218203337e-20)
(1.042194870432835 -0.003985910316537938 -3.55496610682881e-21)
(1.054954962346022 -0.0002662483672934903 6.582711921105198e-20)
(1.359422213319238 0.1228344470726141 6.71545314604287e-19)
(1.337188309522071 0.2529828145910348 0)
(1.058027668582971 0.004578563115090366 0)
(0.9953242680964127 -0.006587210628246775 1.462081697231768e-20)
(0.9947543933648697 -0.00936378718778441 2.245084218868521e-21)
(1.385174802752999 0.2003548351999222 4.27945306333646e-19)
(0.6816744702027637 0.0006507857894401223 9.846949960970247e-20)
(1.005643768400424 -0.002035588059459248 -5.967585744550919e-20)
(1.097975309778971 0.01305551215101286 2.541708877839265e-20)
(0.6694692938193283 0.005003614161138529 0)
(1.066083096907624 -0.01202907829417915 0)
(0.9883494998087904 0.1266080514721397 -1.23974734884623e-19)
(1.082221427301943 0.001558477068918883 -2.477471087037772e-20)
(0.9819760661903223 -2.798751996380232e-05 3.287929075049966e-20)
(0.9912105068044338 0.006006195250529625 0)
(0.6382514874022966 -0.00115620086396887 0)
(0.9768743812679437 -0.001279767719214884 0)
(0.641986771616732 -0.001478721853486143 2.721451450484664e-21)
(1.088083186699904 -0.05767429604221867 1.20708340082233e-19)
(1.11093521708001 -0.001854329437380978 1.23010641405635e-21)
(0.9580718871302952 -0.000915745472005863 3.909400367798018e-20)
(1.015902335658913 0.01075375557444542 1.668982244090207e-20)
(1.064017064821351 0.008314780955881302 -2.169158342507165e-21)
(0.6348005970117487 0.008846640584828811 -3.642952966097106e-20)
(1.001911247695534 0.01225843954766037 -7.850464566278042e-22)
(1.035706750390034 0.01265156178212034 4.98888922670004e-21)
(0.9879487170828615 -0.007166879001879474 0)
(0.6100870877963536 -0.0004765839210557103 0)
(1.068781692903664 0.02274975148319491 0)
(1.015950510529406 -0.01564729898582213 1.058508455149067e-20)
(1.021788353386043 -0.002377542584487232 0)
(0.9922189813957186 0.0151190521565126 -9.310156682282416e-21)
(1.012088487782179 0.006384688109031262 0)
(1.129062542630622 -0.005781560941109876 -1.254938550404564e-20)
(0.03443811739498843 -0.1380129150915242 -4.565089659662856e-20)
(1.036089634661748 -0.0155934375102595 -7.613860791230364e-22)
(1.045584022645002 0.008387553128830575 0)
(1.087090228252715 0.06533955945362108 8.391914515693552e-20)
(0.9697403472820357 -0.001111645957206743 3.118751719986404e-20)
(1.020581992505257 0.01716841180447044 -2.328920834608576e-20)
(1.005311155501164 0.001681745462323219 2.454970374526571e-20)
(1.0407787272529 -0.004790936405104125 0)
(0.6409714694450444 -0.004018121914530848 0)
(1.025957266235655 0.02448878529211556 -7.544649144280697e-20)
(1.079206399303723 0.00495623388503743 4.87364618625218e-20)
(1.013625195276693 0.002638204743093747 0)
(0.9812849991404217 -0.002358386939243705 -1.911044972385449e-21)
(0.8718932650376316 0.02413682075841199 -1.443668792143542e-20)
(1.013969999324192 0.00304562174553061 -1.009591403335619e-20)
(1.027299418331164 -0.0004338354822181833 1.771444002185478e-20)
(0.9782548984100704 -0.000516493635565042 0)
(1.004731535244043 0.00850424833769471 3.40156867302893e-20)
(1.10641270286757 -0.005127371200363346 0)
(0.9293417620720795 0.001626028471910232 -3.450113498222581e-20)
(0.9593602386047156 0.008478272618004523 0)
(0.9104379723267412 0.2088905055731035 5.140528306819863e-20)
(1.01103431083833 0.06731360796018246 0)
(0.9917616995595052 0.003672493157562692 -2.312739080897537e-20)
(1.053024682134776 -0.05193338531288701 -2.754315439483984e-20)
(0.9917598445172524 -0.001374477962070127 3.401455283639329e-20)
(1.010370902012244 0.001943567726369577 0)
(0.9795123000224303 -0.0008530587523050107 -3.17303131813422e-20)
(1.17274631865394 0.09529616404902037 -3.309053962773707e-19)
(1.068166522049819 -0.2634339966546317 0)
(0.9945049838825969 0.002064465397824307 -2.197799514064685e-20)
(0.9820290946189468 0.009581225026017008 4.934295719553992e-21)
(0.959133246077301 0.001313995477373105 1.061739228193755e-21)
(0.7460102031202274 -0.001098141522152454 0)
(1.113553337811035 -0.07690790524549231 0)
(1.008160439165546 0.001402348169078081 -2.140015532736982e-20)
(0.8976950045406298 -0.002293119720293703 -1.048588289509299e-20)
(0.8512023664568501 0.01623697130184467 5.76548595817375e-21)
(1.010474766459177 0.005474512613972496 0)
(0.9520096820499871 0.00343373044742297 1.588810126829743e-20)
(1.005820001234426 -0.0002291332713431254 -2.289908842564395e-20)
(1.022509915740524 0.002433167546933072 -2.539890380262035e-20)
(1.111310962866205 -0.005540876946274016 -4.904883352881677e-21)
(1.115074892928187 -0.002990998768409461 0)
(1.012049055534568 0.001384862368698084 0)
(1.024722079104157 0.001511536291814077 0)
(0.9502202380032062 0.008520944446010066 -2.178051548550636e-20)
(1.017885577177409 0.0132202193940632 5.441549581337456e-20)
(1.080286981993551 0.007561461427884364 -2.248443035264797e-20)
(1.037168509316269 0.006047601620159593 0)
(1.106652333575384 -0.006464216130237076 1.811790167425253e-21)
(0.9962679717040476 0.001702922049402368 -2.20908642477025e-20)
(0.982764720572454 0.004677696860868012 0)
(1.011634522229652 0.002094791300244688 4.683618900093352e-20)
(1.363874060955321 -0.3137023806487961 -1.126564479821662e-18)
(1.121997484947698 -0.04566066038759296 -1.094481262891368e-19)
(0.9737820653339766 0.008305583133238977 4.886391690741841e-20)
(0.7832245983979355 0.02458630485173547 -3.376822464846023e-20)
(1.220407677704522 0.05049549850043614 0)
(1.217389329734918 -0.1379824238981512 -1.469907193805263e-19)
(1.081346202037034 0.005326593290437608 0)
(1.009484352541665 0.001577639618089187 2.221688917585896e-20)
(-0.169940595041696 -0.07469940571192744 0)
(0.9939710084455593 -0.004666458445338514 0)
(1.012389567987872 -0.02312642122481317 4.265682579214502e-20)
(0.706107078329828 -0.01941900792480384 0)
(1.096798531261101 -0.0150198750779831 2.262708587391589e-21)
(1.041677886093699 -0.003523217197666253 1.516519456596073e-20)
(0.6331051970755494 0.00418010546672855 0)
(1.446026342389797 -0.1226277529506469 0)
(0.9866871582291044 0.001906834477762779 -1.082352725821467e-20)
(1.0696601800325 -0.01494342792753722 0)
(1.038109033892433 0.0005300886265668143 2.138622011288398e-20)
(1.087241092187423 -0.00086226362589892 0)
(1.008726633587727 0.0005744903884394488 -1.160655627154828e-21)
(1.00621075188932 0.003077930326784745 0)
(1.01397851988176 -0.0114008163594311 2.710429848585431e-22)
(1.00316846623122 -0.02024574813267795 0)
(1.033571821992008 0.003537510342491384 1.827993544109582e-20)
(-0.2115489804077583 0.05042755779086203 2.710443090407622e-19)
(0.8222341072935501 0.03895843898554604 5.590039482324858e-20)
(1.005438942592014 0.002298648562023221 0)
(1.128188448818215 0.02476075790363557 -1.299380274806927e-20)
(1.114854092348097 0.01706684935076226 9.298504509944585e-21)
(1.053890711543124 -0.01310101568725991 -1.293683969579587e-19)
(0.9987807730041705 0.01037289075710733 6.195303402287374e-22)
(1.082149278329169 0.002682002324940486 0)
(1.185573141241131 0.05072497745753331 0)
(0.8352115191761055 -0.07433128772386362 4.599924424971676e-19)
(1.100787601698244 -0.01487904946555453 0)
(1.032480356243898 0.007846000880899618 -7.524530848331606e-21)
(1.042775678270158 0.005302844428358707 5.992191317668537e-21)
(1.050965932763425 -0.06103123853495278 -7.493324601493479e-21)
(1.140262948986912 -0.002063398458398201 1.687364910632091e-19)
(1.07806499219527 -0.003247542629867342 0)
(0.9952208951615823 0.00149388959074577 0)
(0.9970791426655227 -0.02388201184198714 -2.274197861864956e-21)
(0.9915664821666669 0.002704064205289708 0)
(1.028973353487976 -0.03788031091354073 6.406108641870873e-20)
(1.294668357879566 -0.09600120716579356 0)
(1.047249322270921 -0.01490813988814977 -7.029406611916602e-22)
(0.9861620237622121 0.01683923267081274 -8.709868106122105e-20)
(1.035493254312751 0.0415406292113356 -2.388256419792519e-21)
(-0.0925929464773292 0.1770765695628787 -1.653394638280475e-19)
(-0.06277343967846272 -0.2856197712507083 -1.392468854034647e-19)
(0.8591444043396114 0.1190582189636655 0)
(0.2878762298466845 -0.003483673892437685 -3.014879887412657e-19)
(1.013427350696594 -0.01864824848664639 -1.424503135398271e-20)
(1.063978587957598 0.002618491008527348 -2.101966067729037e-20)
(0.9933802946456735 -0.01960774591176152 2.890467167002209e-20)
(1.023759898869286 -0.02668401193619814 2.511801997052792e-21)
(1.008292553172804 -0.03118111216903913 -6.586715646604439e-20)
(0.9886814506721309 0.00488868521275111 -3.477220395637418e-20)
(0.993562402490282 0.004257127156625737 0)
(1.024781294887136 -0.001805298255469522 -3.587178585543661e-21)
(1.933266337201158 -0.1553783639812916 1.072260192307854e-18)
(1.052505466587287 -0.01684723155380644 0)
(0.9959219175790494 0.007314121733245941 1.526037247748398e-20)
(1.002889757278354 -0.0002305516479810692 4.07059940626176e-20)
(1.175570019979864 0.1361365657238581 0)
(1.004311349499916 -0.01293767180460814 -7.030025000856243e-22)
(0.9509054371531727 -0.00212984048680584 0)
(1.037847505019794 0.0417302627285597 0)
(1.29463137894755 0.1594951649358025 2.212169148649505e-19)
(1.082593493483944 -0.01106423370010014 2.26667358675146e-20)
(1.018191712901951 0.03220478429138436 4.667831061580893e-20)
(1.081693031234765 -0.008116850387452235 -2.186407464508058e-20)
(1.053231914166463 -0.01103852717991106 1.107357403187629e-21)
(-0.3843642044557551 -0.03642643050490508 0)
(0.9980640573938736 0.01372487851089025 0)
(0.1168749880261892 0.05946666255736322 -8.677925592141211e-20)
(1.005956084575047 0.02279131077453101 -4.120072820762987e-20)
(0.9957964124747583 -0.004334641244758973 0)
(1.000296942040081 0.005795590331746242 -5.04259802725894e-21)
(1.081542652617931 -0.04210044410155423 0)
(0.9958441869137891 -0.01819849320078393 -7.768045514642964e-21)
(1.089929695456621 -0.04902408707207016 0)
(1.440950933138819 0.1763211750560381 0)
(1.054139235299503 -0.01173649512335721 0)
(0.991354634147034 -0.02259233293980505 -3.886260658027125e-20)
(0.9814454745669767 -0.03205470736578218 -2.277270156151267e-21)
(1.019781895841477 -0.01771629173429912 -1.814026990073833e-20)
(0.9975141132007826 0.01718426982872691 -5.583163703101235e-20)
(0.9951056894362276 0.009828389239238969 -1.4872267043656e-20)
(0.9938956272643056 -0.02640922322718845 0)
(1.002673212348534 0.02572599449353192 1.946528296619756e-20)
(1.038943216370923 -0.035515269532251 0)
(1.110524559355388 -0.03605468146322104 2.588877071948561e-19)
(0.9952837493273863 0.01729290040131438 4.62090714026983e-20)
(0.6151189560241354 -0.008671085412571779 0)
(1.143277814234047 0.1343707779189061 -3.8313926129037e-21)
(0.8426860638343253 -0.1022690482215908 0)
(1.139009416467905 0.07297839944985222 -2.726032605822569e-19)
(1.314088914000281 -0.3875794534019082 1.287586466417368e-19)
(1.076436734956975 0.06285183787933595 -1.336319973087732e-20)
(1.009580834702373 -0.02985651737990448 0)
(0.9550711033292583 -0.2143232026842418 0)
(0.5130488661283713 0.1493869166317857 0)
(1.012081790217685 0.01184569533744853 1.108643404349094e-21)
(0.7026525656573367 -0.01854254271737193 0)
(0.9981800901393885 0.01797166815671715 3.546909768161492e-20)
(1.021137331675751 -0.001778343856638694 -2.721536840725097e-20)
(1.079182185657561 -0.00805016793686115 2.761271098004446e-21)
(1.040802457209158 -0.006365105507592448 3.190181310441598e-20)
(1.042725234083123 0.01087425319874327 0)
(1.056453655949658 0.02950057511508403 -1.013949012394186e-20)
(1.051293830229596 0.03443247080673103 -1.808437821418577e-20)
(0.9827596113435825 -0.02174617923856214 0)
(0.6249344065773597 0.005137517458905454 9.184277835850404e-20)
(0.8941796805126321 -0.005889354195321985 -8.859314293235917e-20)
(0.9093477749931254 0.005310174305888748 1.442119658155074e-20)
(0.6295741167640582 -0.006384269582078736 1.406958631642037e-20)
(0.9783834149886649 0.000231891316386796 2.62603315869377e-20)
(1.004449092007197 -0.01760425993957364 -3.475610069668858e-20)
(0.9662063839020172 -0.01241241903063747 -3.430757897280428e-20)
(1.085525726151275 0.001457107737362297 0)
(1.019000380947084 0.004471048061672075 1.077385562263152e-20)
(1.133185331509469 0.0484923928816176 1.317156559187487e-19)
(1.034268274110523 0.04184912767699434 0)
(1.022112495562119 0.002605603228557893 0)
(1.581839440443651 -0.1667841885898104 4.391920073822249e-19)
(1.039339136539508 -0.02940535297304211 0)
(1.020733018899824 0.006786022718752172 -3.699144862340389e-20)
(1.088817614093594 -0.004462235112922624 0)
(0.4815001233258721 -0.02818030012408301 0)
(-0.04094914753265756 0.01042478947416483 0)
(0.9899570793720937 -0.02387510805578535 1.223860393119601e-20)
(1.299773346257552 -0.09544590226240988 3.724649279379775e-19)
(1.034831478371113 0.03920912442000542 0)
(1.022527515232523 0.003318037662254263 -2.236222122191789e-20)
(0.9525256061284284 -0.165290595493478 9.639965701922286e-22)
(1.252334349782083 0.07571454042884238 0)
(0.59880275482395 0.732149456483471 0)
(1.307991981618755 0.149160049943249 1.099926571877041e-19)
(1.675076551491061 -0.02494973523537033 0)
(1.067087737255045 0.1159941849510912 0)
(0.7236074294405851 -0.005802025681689955 2.667294641614932e-21)
(1.052321740972489 0.0483073543299697 0)
(0.7152557894797584 0.09990499422459331 1.210831444456196e-19)
(0.9968009476757274 -0.01638539840706447 3.576961408698587e-19)
(1.03350107592331 -0.03977405581502713 2.664063081744639e-20)
(-0.3733101549659869 -0.02061235013963815 0)
(1.071562925917033 -0.01626200910035712 0)
(1.09603459395724 -0.01465691203103957 0)
(0.6474728433033202 -0.5009090246143112 -2.495497052052236e-19)
(0.9923165079155943 -0.0007179419090626262 0)
(1.091766697490385 -0.02188113542511204 4.946737647017689e-22)
(1.188856075418351 0.1213269907228586 -2.010792840488406e-19)
(1.090100668934365 -0.03857263401166888 0)
(1.00499494978567 -0.02118671442781102 0)
(0.8145440934274241 -0.190796401006441 -1.739131393474134e-19)
(0.900505893016796 -0.1371421401079118 1.537645259559854e-19)
(1.028504259605526 0.01043227072830113 -2.200798925149414e-20)
(1.023120072811984 -0.009243453573395389 -4.47802627688895e-20)
(0.869375231502576 0.004754698992067202 -3.677237243956603e-22)
(1.503400793043913 -0.1931735471858308 0)
(1.301103651766757 0.1172379230585219 3.18011869551594e-20)
(1.245007413763346 -0.07793914031374675 -3.00897377130339e-21)
(1.095878867952221 -0.01865902723510625 -3.864397772023684e-20)
(1.043997696639497 -0.0146371739091057 2.598649565734203e-20)
(1.092809762652287 -0.03917072249613798 9.239999912058343e-20)
(1.032529466605355 0.01961455773753003 0)
(1.045750875021975 -0.03245376394705126 0)
(1.115871491409562 -0.00903433663557301 0)
(1.090003698050422 -0.02557204643633553 0)
(0.9979052647353602 0.01091989537510187 0)
(1.150855903736054 0.07518287281684485 9.403469923977263e-20)
(1.34431022196091 -0.1530245294483281 0)
(1.040694773430937 -0.02114373328010434 -1.904794278143081e-22)
(1.053676349318368 0.05294620824087221 0)
(1.009966380708087 0.01458589692097241 -3.934051436819832e-20)
(1.033660078531844 -0.008152552065832146 9.16191609168296e-21)
(1.088982962769774 0.01332466846223985 -3.22952125098128e-20)
(1.084748681483636 -0.02971482552463297 0)
(1.076515108433447 -0.004270072222854976 0)
(1.105046940858337 0.09407812243424529 -1.417781262009702e-18)
(0.9350883826768559 -0.1486237394672399 -7.086641577820939e-20)
(1.175043622135058 0.1048119081805154 1.102542888844103e-19)
(-0.4726258181939169 0.00294677594714598 -2.925717981472573e-19)
(1.019551812869431 0.02903036608381749 -8.775474689116651e-20)
(1.005322843296529 -0.005307322336245615 0)
(-0.2868757071680739 0.03858194656004851 3.558251789394921e-19)
(-0.0539585955020097 0.3311353737199422 7.320979810940114e-21)
(0.9952269113546018 -0.0063199284848217 9.47544006070177e-20)
(0.1896079339472581 -0.03942572377610245 1.419403793750116e-19)
(1.097484858035631 0.08472480031599718 1.519251598225305e-20)
(0.0937832696997133 -0.1075103375902235 -5.426828028795565e-20)
(1.107858292431628 0.003117530433426266 0)
(1.099581555470812 0.2560741528268352 0)
(1.021751742328753 0.02198396755006781 -1.71886004539921e-20)
(1.073471974188862 0.05912595835704369 0)
(1.025114821744338 0.02710597452356143 -9.501980024993233e-21)
(1.261307512612497 -0.5478855270327511 8.019361691856209e-19)
(-0.08850289059848772 -0.2005683935607689 2.169865526404013e-19)
(1.295257296144722 0.1154516103600233 -6.254587822176929e-19)
(1.124064181418907 -0.0009127710889123731 0)
(1.133805095006051 0.09772464150589999 0)
(0.5260457590908982 0.08165371409840037 2.533176446044807e-19)
(1.023101588280455 -0.02112291918758465 9.386429100732464e-20)
(1.00541426779928 -0.02387295350990008 0)
(1.212615454970357 0.2715918603121451 -9.662895548828595e-20)
(1.25319674344805 0.1362232667856209 -1.572182637527274e-19)
(1.026576603389545 0.002735584114253604 1.549380509414611e-20)
(1.298378970978605 -0.08457296018141069 -4.997863733426557e-19)
(0.2993701698332628 -0.01679322326928304 2.651934818591914e-19)
(0.8300328418477948 -0.1471451784577289 6.73129208568887e-19)
(1.05830493422332 0.06622894831977641 1.058259118996889e-19)
(1.041288705821547 -0.008079267343026211 1.460277372451966e-21)
(1.001232487952335 0.02011287496043215 2.954668529871374e-20)
(1.066492025440598 -0.03685645949508647 0)
(1.034591604922279 -0.03845959631040415 -1.504679665841615e-19)
(1.019129642454314 0.03505813565184294 -4.759057569837757e-20)
(-0.05361346192375921 0.06757623553660488 -4.999747920781433e-19)
(1.010824722492788 -0.05803042384045055 0)
(0.9008341486634831 0.01537559601573127 0)
(1.090387370346209 -0.002964887766885629 0)
(1.366448354058213 0.2601880059227161 3.798553326844321e-19)
(1.697366878753959 0.1046110806285932 1.335761792215571e-18)
(1.401757146811224 0.152962613445126 0)
(1.030819244487855 0.02653623978951119 1.19534389176236e-20)
(0.352781204587436 0.03596149594268552 3.533110218573098e-19)
(1.121880803978542 0.003769955037310504 0)
(1.096377276568214 -0.01279160440150412 3.160737467083949e-21)
(1.093031210770219 -0.02027689983785918 1.978164614700574e-22)
(1.139817099855926 0.09436295581932445 0)
(1.29864447100804 0.05626564725446113 0)
(1.040004579442671 0.0007383607163485147 1.148448847754409e-20)
(-0.1478673292268543 -0.1133928979081074 -4.144420205594592e-19)
(1.334879579046424 -0.1522545261930606 -2.183144263892353e-19)
(1.067849004837805 -0.007423918632201709 0)
(1.014030288969181 0.01507087429968623 3.102319485865923e-20)
(1.143693957404602 -0.103567757666284 0)
(1.015969230024878 -0.01810646639477756 -1.121576492008166e-19)
(1.030743755387834 0.007809925930033912 0)
(1.511047680077947 0.08906667405707416 -2.854054643544339e-19)
(-0.04090726186830459 0.08312791904043804 7.679468254748954e-19)
(1.097053771043955 0.04925523883657657 2.122833088081635e-20)
(1.092869621516859 0.07892406851329635 2.080653377251771e-19)
(1.009599695732763 0.008458122093233073 -6.226780927018426e-21)
(0.008866500117842629 -0.1114458639048818 -5.322764271859616e-20)
(0.0283839985470638 0.1215964421739206 3.467011324331733e-19)
(1.229940554177461 0.1275233629448555 -1.500944420591089e-19)
(1.113418175158148 0.08816162576411581 0)
(1.088080904876126 0.02511530156865905 1.734499893234284e-19)
(1.00711808241468 0.02201605324477625 1.695695058934498e-19)
(1.02948737009152 0.001141907710899251 -3.695542973534025e-20)
(1.207995542584307 0.1296377441609211 2.419292210240593e-19)
(1.400594927682474 -0.129990318903416 -2.048075520639176e-19)
(1.066071172397852 0.05011177095292464 -7.135222846235005e-20)
(0.9935489336950079 0.006492103952484874 0)
(1.091801561607786 0.07253757255951859 0)
(0.9793421914523146 0.00737410864381167 0)
(0.9971450880898934 0.006160758355736325 2.362382224715058e-20)
(0.4896348341901451 -0.06961016603489259 0)
(0.9893830425388933 0.00526386262010477 -4.371515864758736e-22)
(1.28673302703861 0.07851306280252979 0)
(1.010148606480428 0.006461101923243329 2.149976768349008e-20)
(0.8274009349953353 -0.1277358047430911 5.151399575901553e-20)
(1.102745407225326 -0.01265855213888211 -8.57295936382452e-21)
(0.9397220220026865 0.01666023064210718 -1.765495188038913e-20)
(1.441306246512855 -0.2822058897499887 -5.255130002920563e-19)
(1.134488375163586 -0.09102922388479728 4.689387652529445e-19)
(1.088886543148325 -0.02511995128924676 0)
(1.930903955387674 -0.4699739133135842 0)
(1.622214904270481 0.1903857735799274 0)
(0.9883610501512035 0.005328677035810951 -8.989608040582308e-21)
(0.8605581978656011 0.7756603459043555 2.413194066749918e-19)
(-0.0244722946607239 0.2227978889883381 5.204337459382013e-19)
(1.042721069490349 0.006708200870264908 0)
(-0.202904740631909 -0.09961724025120795 2.217159546496443e-19)
(0.9830070496525907 -0.00212968830464201 4.044269839583872e-20)
(1.181716074039046 0.1620219230925967 -1.620573248696435e-20)
(1.04443500362856 -0.02227609788174842 5.599498251544432e-20)
(1.064760964598739 -0.1468980510773243 1.461237556261787e-19)
(1.12945183264314 -0.001325258998674827 4.500902218898201e-21)
(1.112328866287077 -0.01274333905326717 0)
(1.31172677537317 0.5311446936133264 -6.034380459000406e-19)
(1.028769821344168 -0.001972684378772211 -2.208291227470918e-20)
(-0.311547015633141 -0.03799303903949103 -1.92873165441911e-19)
(0.6796310147875609 0.01846924360070229 0)
(1.085691246487779 -0.6968203764388299 -4.815722942168578e-20)
(1.314523551335372 0.08584423381307005 -1.103620953580256e-18)
(1.114080339309331 -0.107999203348551 0)
(1.088445041710779 0.2801565136633944 0)
(0.972486010161824 0.003427667875411628 -6.159933237471766e-19)
(1.062939105990538 0.005747221292117826 -4.027548511906726e-21)
(0.9247055505785848 -0.01210324765011614 0)
(1.090544337113845 0.03089790091124105 -1.750319034259777e-20)
(1.368327976439519 0.217424560331836 -1.899116961895825e-19)
(0.7325102641201696 0.09948729807822206 -1.052153805139929e-18)
(1.078528261961051 -0.0006559879777611455 0)
(1.265929956683847 -0.05948208393891479 6.993871749329152e-20)
(1.005316528237227 0.0006533240366527762 0)
(0.8475837365649296 -0.773393806397517 -1.677498129248597e-22)
(1.081521461303886 -0.05203823064901402 -1.102950820172568e-19)
(0.8769551918807362 0.3267343061733223 2.928266524988776e-19)
(0.8281945772349222 -0.1954679445633168 0)
(1.030141360438269 -0.03607443502902272 0)
(1.053973827013004 -0.02934325900458917 0)
(1.003662220989366 0.000131680899961574 0)
(0.9812459704881632 0.006254630405960727 0)
(1.344509482623946 -0.2354494306869128 0)
(-0.1044205117345964 0.1529286826976636 2.404666964740285e-19)
(-0.07446986264566002 0.05843682040246891 -4.87983008544501e-20)
(0.2601576095920091 -0.1216466153491082 -4.340739577400384e-19)
(1.517637768176279 -0.4375220047425978 0)
(1.03397978614943 -0.01675779518891975 0)
(1.769161019113594 -0.7570333411678782 -2.344510678234552e-19)
(1.13240013833377 0.008400587029049819 8.293072837806125e-21)
(1.327585594866028 -0.09028041228729861 2.794413177356711e-19)
(1.10953933563044 0.710328925258761 1.494802929928972e-20)
(0.3395877184671056 0.5961932847418239 -2.170369689401504e-19)
(0.6768462320936438 0.4613871619162496 -4.762026681443797e-19)
(1.063418594513274 -0.1587753764141046 -2.272299435488995e-20)
(1.224496071582931 -0.3588689060229706 0)
(-0.09482089824068415 0.2166525165985378 -7.173056576910318e-19)
(1.047014375536377 0.02250541283568462 0)
(1.116821166282241 0.04435734606808722 -1.481677898259871e-19)
(0.816285487294747 0.8999641873616959 0)
(1.073637241553192 0.04465712900760196 6.325788351604085e-21)
(0.2804052954703925 -0.05253919665259437 0)
(1.118292595651612 0.0401733114293586 2.242417813245641e-20)
(1.372328380409092 0.3250406055482996 -5.561974369241748e-19)
(1.074881600010164 -0.0129353977119735 -1.639782868054309e-19)
(1.472446338513551 0.1601404651374573 -2.527309682898171e-19)
(1.333302408728183 0.4198032288178413 0)
(1.172274864647144 -0.2658323161521329 0)
(1.30892331242684 -0.1356329545413026 -1.214603707324412e-19)
(1.066795685969691 0.01622347694958553 -3.309201334868061e-20)
(1.060711919426748 -0.0119722984900915 0)
(0.7449735850716561 0.1488913997983487 -1.225159235664192e-19)
(0.7727896924926204 -0.5742745370614859 -5.772722701015572e-20)
(0.6668069905661397 0.2059531648895145 9.585318369113571e-19)
(0.9741646345308189 0.1240101569367981 3.39657968440113e-19)
(-0.002167790588240754 0.09796107362426656 0)
(0.5686309709428576 0.03222885362084706 -6.623112769886827e-19)
(1.057961611852522 -0.04057119877199026 -1.875035916252427e-21)
(0.6917808828729852 -0.1107247547939341 -2.715713123414683e-19)
(-0.006186632187266042 0.2564696125920429 -2.878246708879082e-19)
(1.182919961689199 -0.07911562619922188 0)
(0.4087932712244892 0.02029771362639541 0)
(0.1611235136253107 0.3755316353927667 0)
(1.442611484017059 -0.2599931520042084 0)
(0.2334328867515521 -0.3550377813980697 -6.439161146375148e-19)
(1.594454789620635 0.0402450449443157 -3.90809588249929e-19)
(1.025016584059827 -0.2008564079709748 0)
(0.6768977042873595 0.03140185614897697 2.551904085629447e-19)
(1.024716001086066 -0.01136511182965413 3.48287124634421e-20)
(1.138947957828228 0.2367219367876938 0)
(1.733351806778902 -0.1109473223954388 0)
(0.5797189073657607 -0.7345904067923867 -6.734921915785663e-20)
(1.27502807901475 -0.1093550594293546 -1.002822117103219e-19)
(1.409975046675995 -0.08410697187446431 -4.272215841330455e-19)
(1.486259975516996 -0.06449716048941161 3.632191836313479e-19)
(0.09694213834638658 0.1037174818508952 0)
(-0.1610703724725098 0.1092785937143824 2.724534649289445e-19)
(1.038309840438739 -0.06334449064207243 -4.342696161139616e-21)
(1.119673634387863 -0.1398791999939049 0)
(0.6399541671520725 -0.3537766380089186 5.223802651979066e-19)
(1.048939281189075 -0.06320245791389374 1.446544925670922e-20)
(0.8654983535719728 -0.1465941822792786 0)
(1.321008684268912 -0.1326658498410954 -9.887836970202583e-21)
(1.120783307363767 0.07744889957671609 -4.386840711866794e-20)
(1.091014924836565 -0.005075121936373117 0)
(1.129236379667888 0.5718714498352208 -1.116537000639006e-19)
(0.3412625942646014 -0.5964978114153094 0)
(1.060953068567708 -0.003554608018933062 2.849692254677651e-20)
(1.097432791077475 -0.005957499485939088 2.632172666414242e-19)
(0.0853233141074735 0.1855746703105167 -1.610805215937123e-19)
(1.183040508461251 1.004542333860038 -2.250020680496162e-19)
(1.367193795817399 -0.137078440807824 -8.871331613525536e-20)
(0.902530573536626 0.1026404856913181 4.874832912704225e-20)
(0.9975619526503966 0.00402386279611196 1.081691833519121e-20)
(1.066405328734924 -0.1575475713357932 1.820046023373639e-20)
(1.505646307193043 -0.9467031362841699 -5.218706897027081e-19)
(1.535467926470637 0.9524242845385894 2.371770759654962e-20)
(1.430022456314055 0.2271072932430983 3.466091751600588e-19)
(1.028305536115143 -0.007791252887102342 2.044307912293233e-19)
(1.035366182006935 -0.03314239384661973 1.646549083731426e-19)
(0.9925378682916137 0.02287375446198287 -1.953731310037235e-20)
(1.057957220458798 0.03840893492234305 -1.443763687092245e-19)
(1.078746835812672 -0.06528606718909928 2.948087243734554e-20)
(1.438375917022034 -0.1337188088024569 3.358922321480941e-19)
(1.822574336423679 0.7500736965599455 1.87663146227982e-19)
(1.035247291751598 0.03459194393127504 1.102004621404808e-20)
(1.072120913917452 0.01363104504460771 -1.048662275659134e-19)
(1.989890780253025 0.4789551045069379 5.361926110576945e-19)
(1.931778997929036 0.160976220374222 9.325311608792088e-19)
(1.083083187330958 0.6405741719162245 -9.800736069759136e-20)
(1.110230329992008 0.1721855296149244 0)
(1.044125088987117 0.02300618779713556 0)
(0.5112341449156851 0.4417039991329022 1.160279136234903e-18)
(1.374150176672117 -0.2976797581151484 1.880394602406399e-19)
(1.18993466365991 -0.1597705867949585 0)
(1.635880884628859 0.2365630523415664 -6.187912332535016e-20)
(0.8040165227533927 -0.1475739751623522 -1.200373137485667e-19)
(1.325657848593288 -0.2084362369326576 -9.06609176656243e-20)
(1.251477044870833 0.3909599907467658 1.438385210784729e-19)
(0.4927192837169694 0.1985884386054007 -5.596581752842584e-19)
(1.690975223720421 -0.01970659574922277 3.286817220097672e-20)
(0.8548289097177886 -0.5428087603831814 2.273750922259184e-19)
(0.9996779852252039 0.02407783842377996 0)
(1.62134899022956 -0.1857873866604235 -3.085564368049476e-19)
(1.090600683071637 0.1008112128543126 0)
(1.341345185208902 0.582544234821429 0)
(0.9413521271869172 -0.4121159941410858 -2.829713366497022e-20)
(1.249671092886687 -0.02660252036054238 0)
(1.038211960685792 -0.004107706585417471 -1.236015158060615e-19)
(0.7321532777130142 0.1164748199847792 3.14755496885887e-19)
(1.321893055945414 -0.5800646730421343 -5.573067719129358e-19)
(1.050192482541878 -0.631218779171101 1.004892427623014e-20)
(0.3505590134193231 -0.373953805416103 -8.654118476650323e-20)
(1.006962059417349 -0.09541655847125888 0)
(0.4459579234437174 0.3054083728402607 1.679403713144968e-18)
(0.2707595819672027 0.04281139368433609 0)
(1.315530410044181 -0.1341776580714442 8.03929459817244e-20)
(1.575347786038172 0.1920574075017849 0)
(1.168197674986807 0.4484388000339861 1.340576296289124e-19)
(1.053693966111965 0.1535227613472288 -6.589288800826105e-20)
(1.031737703783645 0.004316527592293549 -1.985541997750637e-19)
(0.9579515631345361 0.4111407145238576 0)
(1.16030967534123 -1.007993475758534 5.774533278884487e-20)
(0.8911971708211966 0.01048308867279166 0)
(1.070260581562349 0.380541602043899 0)
(1.058798013186839 0.03715135505344069 -5.043597399117689e-21)
(1.47101170550735 -0.2984692955188383 0)
(1.242607456866676 -0.1842831707166166 -2.967572522119858e-19)
(0.03897278441891702 -0.001055062170135642 -1.745361852257016e-19)
(0.2403263261227831 0.02295197471293151 8.859866551706913e-19)
(0.9808732436497771 -0.09827399110366769 0)
(0.4731709698160278 0.6514945989141602 -2.531944786946412e-19)
(0.9175644181424198 0.03082557122685955 0)
(1.540259920370356 0.4160170358818188 5.486840855475023e-19)
(0.4787136410828808 0.1595274308624625 -5.924006399341757e-19)
(0.03227564838813971 0.2023451564843876 0)
(-0.4116984666229604 -0.03391957941352357 0)
(1.032340934840021 -0.0003979438189377952 1.254499497650889e-20)
(1.656401565074449 -0.2256131687426333 -1.103061576721899e-18)
(1.107917261015364 -0.5616546210549568 2.367732023930427e-19)
(0.7823222962224542 0.3354401899396407 -8.740616643443018e-19)
(0.9087493278390054 0.1452014272673778 1.404842462837158e-19)
(1.044505794096506 -0.003743768619464985 0)
(-0.2829959793215652 -0.1121589181646188 4.132261504102038e-19)
(1.033519452789165 0.04666437006119228 0)
(1.196696073839644 -0.2376650204656734 0)
(1.563755374673998 -0.1880638901396643 5.088672831999938e-19)
(1.124873503415277 0.07191888652640813 -7.454836966512527e-20)
(1.073063842373796 -0.1360167234894369 7.467412475886003e-20)
(-0.001736682058668982 0.06377527533544994 3.309433712050544e-19)
(-0.06302609141538336 -0.155535596623898 2.327493943172682e-19)
(1.07512255792472 0.2173316360485379 0)
(1.097308357944083 0.05690796915679931 2.12059410240859e-19)
(1.493297452394684 0.288637997107777 -3.670150894131349e-19)
(1.321239785318956 -0.4864234462511142 2.361997454748235e-19)
(1.147728667698999 -0.1552152377347525 0)
(1.121778910332166 0.1508511161566741 0)
(0.5254537238809747 -0.6861304591385954 4.164442824419197e-19)
(1.315052635386174 -0.03917043963574628 -2.952019963639761e-19)
(1.007592281009931 0.110835547577862 2.569921390728722e-19)
(0.3134644714878576 0.3606950720547853 -8.87899534727945e-19)
(1.03097105801303 0.1143722679237694 -4.273307330068717e-19)
(1.036156867976576 -0.3948923596609269 -4.957947651644731e-20)
(1.461893022870532 0.10875704083233 -6.50027441203038e-19)
(0.7782344006525659 -0.8820546756447126 0)
(1.056510342735669 -0.0308070749328598 0)
(1.118395306813868 0.1674944551885141 0)
(1.618957053786078 -0.04022287119063579 0)
(0.815873211700324 0.5957390871240513 -2.028744942898712e-20)
(1.490345736296833 -0.3565857688273613 4.554155326276921e-19)
(1.543157338575528 0.147327130421518 0)
(1.134860155963546 -0.4578299579363461 -1.638719004615059e-19)
(1.46311144365548 0.3443196802214715 -3.546383272757023e-19)
(1.010870035690653 0.02821770190299868 0)
(0.2091030432158538 0.01354915573070633 -2.371045572458514e-19)
(1.338243973530019 0.5113226129883185 0)
(0.9748899084253583 0.008556501140140742 -4.044390202608549e-20)
(0.7628790669310676 -0.2995347876608006 -2.07049065357378e-19)
(0.5085597263337005 -0.08014698240298519 7.887021477994332e-19)
(0.2298870361620633 0.07930305262697347 3.481021275318065e-19)
(1.061628839398368 -0.1381126848261899 0)
(0.0526165674459629 -0.01891894771028323 0)
(0.346042065663112 0.04268275098773903 -3.014291665024308e-19)
(1.006751742897435 0.01759181634799332 0)
(1.45512804149078 -0.007922235835788109 0)
(1.008333095088614 0.02918615260262722 0)
(0.4677428061174799 -0.2717748234496214 -1.008496538239206e-18)
(1.049251710755843 0.08871381207453033 0)
(1.526142070099934 0.04121494043191647 0)
(0.2425743315418033 0.1267743631388642 5.589961660826481e-19)
(0.8791813090448507 -0.3210716699038746 0)
(1.367872498138301 0.0528381850939998 2.681597434878949e-19)
(1.239034461768285 0.2051668697373313 2.054450413338019e-20)
(0.8992871586872236 0.5553301065819269 1.538042497183529e-20)
(1.033991509380894 0.09934936377163733 4.910642426115171e-20)
(1.031858091922902 -0.1485086847565786 0)
(1.369113596493778 -0.02266003432634252 0)
(1.294792693371166 -0.123744425000528 0)
(0.6244159994195305 -0.03858364229882691 -1.363954641568767e-19)
)
;

boundaryField
{
    FrontBack
    {
        type            empty;
    }
    Top
    {
        type            noSlip;
    }
    In
    {
        type            fixedValue;
        value           uniform (1 0 0);
    }
    Bottom
    {
        type            noSlip;
    }
    Out
    {
        type            zeroGradient;
    }
    circle
    {
        type            noSlip;
    }
}


// ************************************************************************* //
