/*--------------------------------*- C++ -*----------------------------------*\
| =========                 |                                                 |
| \\      /  F ield         | OpenFOAM: The Open Source CFD Toolbox           |
|  \\    /   O peration     | Version:  2412                                  |
|   \\  /    A nd           | Website:  www.openfoam.com                      |
|    \\/     M anipulation  |                                                 |
\*---------------------------------------------------------------------------*/
FoamFile
{
    version     2.0;
    format      ascii;
    arch        "LSB;label=32;scalar=64";
    class       volVectorField;
    location    "1028";
    object      U;
}
// * * * * * * * * * * * * * * * * * * * * * * * * * * * * * * * * * * * * * //

dimensions      [0 1 -1 0 0 0 0];

internalField   nonuniform List<vector> 
808
(
(0.7562762638712064 -0.0175228818341038 0)
(1.031456030517638 -0.01255220706349626 0)
(1.112797483747393 -0.002105025092544023 -1.728489030946682e-20)
(1.085129995140934 0.01257239800863932 0)
(1.360900407225234 0.0127231072786903 -3.811065315557561e-19)
(1.038714872862776 -0.009436127913968518 -7.315797635133064e-20)
(1.014531279529813 -0.02059897298195398 -2.433539374271644e-20)
(1.079107729518692 -0.004945794305523586 9.026235196357468e-21)
(1.252777227815141 -0.0219288372775274 6.250844937811455e-20)
(1.085197428973334 0.008932361813424414 0)
(1.007879490895963 -0.0115229723981522 0)
(1.303796582147342 -0.05464406447389912 -3.454860368669908e-19)
(1.086385463863389 -0.001823033027527689 2.04411733524891e-20)
(0.6751598510847274 0.006368692675251229 0)
(1.275787132502286 -0.1220665819205554 0)
(1.081913724076764 -0.0003802316494758448 -3.872267548227157e-20)
(1.225348747912974 -0.1506828782194397 -9.658138030882097e-20)
(1.074362143752294 -0.0003948798470762847 3.210051346297e-20)
(0.9887881501058249 0.005064322331868726 0)
(1.026897381228069 0.009449144644358613 0)
(1.034673592159384 -0.01545692593201604 0)
(0.9875971554809071 0.04543172136336749 0)
(1.051041415681105 -0.006158686550014031 5.819603638134675e-20)
(1.053830689656009 0.008428728379354706 0)
(0.9337985865255789 0.1996599216292155 4.561858911394708e-19)
(1.160781294849033 -0.08923262468299137 0)
(1.184740030070812 -0.02014705077774076 1.536576734966439e-19)
(1.077176712847647 0.009671879399729888 5.241116279516574e-20)
(1.083833673765042 0.001911080674763947 5.132714621882897e-21)
(1.071838536383356 0.03095427957865108 0)
(1.075331554449951 0.002664675828143241 -1.184869600296785e-20)
(1.033433679604724 0.006471086548291738 -1.869896033509717e-19)
(1.060054629628105 0.01451278870083058 -2.357075733863486e-20)
(1.088714656261157 0.005523105047381177 -2.938661200049463e-20)
(1.121528356165205 0.03670750377525025 0)
(0.7548422999787089 -0.1203865042806339 -4.551427890762659e-19)
(0.9546319624102773 -0.005759111222047926 0)
(1.0688130883349 0.02229762447117938 0)
(1.068810757813663 0.007203208194570112 0)
(1.07377931904049 0.008626365426895497 -2.816113083472901e-20)
(1.093280080633268 0.02297224355330591 1.075760648008954e-19)
(1.15024832211724 0.001875321611451975 2.108900510473972e-19)
(1.09565431607203 -0.002343781654398908 0)
(1.015224333525521 -0.009428335667242884 0)
(1.12749870555894 -0.09459699511354702 -1.642661658794956e-19)
(1.044058526656841 -0.01176976505092449 -8.394741249119652e-20)
(1.058247018093027 0.0266779199447252 -2.687164328028091e-20)
(1.229366089605146 -0.112514711889325 -5.560832380613287e-20)
(1.067525598424556 0.01207606412252852 -4.067281466290771e-20)
(1.256489727658912 0.01461004650389283 0)
(0.9973144800847629 -0.01884021915232859 2.197094496142474e-21)
(1.04471172245305 -0.002483290048491492 0)
(1.087337679366144 -0.002243382317845481 0)
(0.9982440690260429 0.008007762404814888 -1.909831259812639e-20)
(1.252274765342689 0.03242849504606447 -2.39504419290289e-19)
(1.063507473230366 0.018220102899321 5.867379833084542e-20)
(0.9891687621730411 0.01133412534491565 0)
(1.014329530668741 -0.008060689214425418 2.564172207677266e-20)
(1.107261037506737 -0.001694591619527843 -1.151985062666271e-19)
(1.061431925381684 0.03131418443940699 0)
(-0.07689783372125222 -0.02153993707315407 7.765758775790972e-20)
(1.153819460450371 -0.05248788556545015 -1.842259307691586e-19)
(1.002803291861475 -0.006360550268326862 -2.816812196425098e-20)
(1.187602389275495 0.06474426750609037 -1.198506893717378e-19)
(0.9970277343096249 -0.0102937923665131 3.099309745395723e-20)
(1.083992737581608 -0.005471169785525691 0)
(1.247277204843222 0.09098980010016378 0)
(0.6960610353804981 0.003158919472742101 -7.430422688547008e-20)
(0.9884972081506123 -0.0156791582536077 -3.228463552408877e-20)
(1.456632050487418 -0.02000619868026462 4.389662315248328e-19)
(1.060617188972419 0.00758884741849104 -6.530573612752126e-20)
(1.364850691583004 0.09281019700552656 2.83726641151306e-19)
(1.054879209258553 0.006751445560261497 -1.927950758409278e-22)
(1.080927762005715 -0.01409174931572868 -2.687648781136675e-22)
(1.162773159841308 -0.2351873415615069 0)
(1.022487976909228 -0.01503283662637157 0)
(1.017674279316668 0.01805000386040477 -2.989619520339826e-20)
(1.389448347961415 0.349347423940687 4.240330750145562e-19)
(1.097401105628991 -0.04229844151821367 9.580361152728892e-20)
(1.046844524277429 0.211102522212463 2.396381670815212e-19)
(1.122413213656299 -0.06226172378752063 1.181895572271956e-19)
(0.9220372537155627 0.005197346220985977 0)
(0.9753980963213476 0.01856054963340913 0)
(1.003970501002694 -0.04842106556481661 3.194941055531458e-21)
(1.010296775680633 -0.01379249387077571 7.787882248062723e-21)
(1.031050818830535 0.02655948928695723 1.350320626792172e-20)
(1.525408998727695 0.03363865165521059 3.210095492699125e-19)
(1.291513796374737 0.06988252264455463 5.644096464514928e-19)
(1.072629727262569 0.003014439594419559 -8.797563278086738e-20)
(1.194175351162321 -0.0982671731783845 0)
(1.033964348751718 0.001632275750532141 1.28551993072791e-19)
(1.164568871774474 0.01999808677786246 -3.116887566414516e-19)
(1.001526989227201 0.03256075810010885 0)
(0.9996291636514346 0.001982073575723963 0)
(1.044173541256193 -0.0002267324749782011 8.017496885883583e-20)
(1.217647947143197 0.1029832928139451 4.021729222003298e-19)
(1.011157437114527 0.006950221215474934 0)
(1.088010537675339 -0.06891882270612057 -1.069941445440791e-19)
(1.150998865873334 0.03508761119870495 0)
(1.214867349297301 0.08888881807833053 -1.885940546749856e-19)
(1.108302905237473 -0.02885184814772999 -7.814205017182366e-20)
(1.027828016891114 0.01185955112719227 0)
(1.085333943197612 -0.00461051869489644 0)
(1.019946794028913 0.02634154272122914 7.825997831922423e-20)
(1.075037346471154 0.0559484638569076 -9.373751342637751e-21)
(1.103650997531698 -0.00430676854921886 6.447893347652219e-20)
(1.104196835240211 -0.09292973606720842 1.518505259338384e-19)
(0.9622866004584141 -0.0008848188238823215 0)
(1.06622541073977 0.03140810650167809 3.682694519209979e-20)
(1.167529206192037 -0.07682207200470575 2.251453013875599e-19)
(1.05344033333102 0.04687375808820239 -2.846659186608772e-20)
(1.023063268621694 0.06817574454702667 3.635287955996911e-20)
(1.090381430523689 0.02618567750296057 0)
(1.01563988241179 0.01361264853176444 0)
(1.028968319032354 0.00937070899498677 7.846768421120568e-20)
(0.9485388679303307 -0.03205503814303222 0)
(1.053135836309804 -0.005442266811311728 -7.382132180373062e-21)
(1.339399872732056 0.0555562177299255 -1.539720883073164e-19)
(1.079633176550349 -0.01324207590957091 2.656023345641647e-20)
(0.7441508281146101 -0.001756773250634771 0)
(0.568842833535197 0.1773876329895045 -1.097200186797819e-19)
(0.705957784446933 -0.002479271716845543 0)
(0.6989527711412548 0.01465601994917279 0)
(1.077806790667039 0.003531978027820626 -6.434052765448041e-22)
(0.9906482002667891 0.01444189117425034 0)
(1.280939051497609 0.1220116560849749 2.55721077005634e-19)
(1.012209797617225 -0.02794908803635702 -7.348473959101876e-21)
(1.04128802162519 0.01640046822819479 1.310889642060503e-21)
(1.058495030379119 -0.01235942577208093 0)
(1.126422350718293 -0.009205434964042893 -5.139445585194282e-20)
(1.266784258943708 0.1230149612845195 -2.20261712266554e-19)
(1.088905121123352 -0.01085712628849579 -8.594919965765333e-20)
(1.071168769329153 0.02559328525945309 -1.066272767368115e-19)
(1.041113252099676 0.04679686525443274 7.465481205269384e-20)
(1.022466477089411 -0.003569801943070579 -3.476696497327117e-20)
(1.061170474663101 0.02371359332163715 5.686009145280927e-21)
(1.139428201400817 0.003027742033277733 1.040072840927323e-20)
(1.040037293405495 -0.0129519476719405 -4.713429169960749e-22)
(1.087524410504981 0.03477555653508998 0)
(1.028616071927262 0.01358129952605052 0)
(0.7890791217106055 -0.08078378369030402 -1.83262606402964e-19)
(1.030315270904504 -0.002027621100374018 -6.513934011345317e-20)
(1.13518826462445 0.001809077745913527 -1.264101129023957e-20)
(0.703506330042198 0.006546364273108177 7.121651414487129e-20)
(1.175848899907734 0.01864475644450899 -1.9753972643822e-19)
(1.133785660045593 -0.0001026847738161576 5.495838356873928e-21)
(1.129045076436542 -0.0100899157712269 3.35785913756552e-20)
(1.000933991240908 -0.002984157269905308 -6.646754955994227e-20)
(1.097917390651179 -0.05642199824982395 0)
(0.9893939156994079 0.002939292031368186 0)
(1.057892693359149 0.007021985617330275 0)
(1.006237524099871 0.189703934462619 -2.35229046716015e-19)
(0.7793953794088995 0.01243799680993922 0)
(0.8570656858603422 0.1034180961120573 -8.182474810756497e-20)
(0.1028421960661599 0.03096763554095652 -2.992235464594199e-19)
(1.172253927515595 -0.03252477172242972 -2.295465702358369e-20)
(0.6712375392406792 -0.007363039767023381 2.452652421145186e-20)
(1.162394350027867 -0.103622834412692 6.973728814940352e-20)
(1.12853035594708 0.001354533137547727 -5.966226913546684e-21)
(1.15375991468196 -0.05074565449912111 2.230619675801334e-20)
(0.07280651510109379 -0.1941336689390074 0)
(0.2506026932918281 0.06165333710408505 0)
(1.258952667374482 0.1032386273686502 1.841217429473284e-19)
(1.021354028333195 0.01987001751001876 0)
(0.7376079063043532 -0.006279725774802294 0)
(1.074826136488294 -0.0114934324418308 2.736250592812152e-20)
(0.9750560082457296 0.002889227167068655 0)
(1.292967315372903 0.1173458776350107 -1.442914391176481e-19)
(1.057350150058545 0.01098277496977458 0)
(0.9924646319437148 -0.007606253525299847 0)
(1.065285483192783 0.008153852615160372 0)
(1.006260940893968 0.02091958422240114 2.217690912393509e-20)
(0.9286241856543996 0.005467439129055615 1.297046713713672e-20)
(1.175223151668453 -0.1991429996206261 0)
(1.005001754571209 -0.005214684026908376 8.034584710101368e-20)
(1.059227305422611 0.006210540216749714 0)
(0.7745464608202935 -0.003331933846270278 0)
(1.216995325323103 0.02548623909416519 1.613628206033848e-20)
(0.7050898360406864 0.001360103411994034 0)
(1.431491486559572 0.08388385081949488 -5.09732232404602e-20)
(0.9942475492854552 -0.005270665968164234 1.663125045502868e-20)
(1.275132205285611 -0.004559073665467771 -3.010613355370956e-19)
(1.059915751753661 0.008956790275045383 1.323785974398066e-19)
(1.000902607388497 -0.01354263799661898 0)
(1.210236821102384 -0.1496100631236292 2.051368025618953e-19)
(0.7331662758074667 0.01378607507890515 0)
(1.098117212940677 -0.004945484144423403 0)
(1.156371924939381 0.06499056828975648 1.882295765247009e-20)
(1.006269570759479 -0.006770634069422929 -3.047968376908323e-20)
(1.12309242944448 0.05031986913771344 -1.710286655455373e-19)
(0.1494375504231146 -0.09321375870202567 0)
(1.074009623844592 0.03810026296372907 0)
(0.6615923817096108 -0.002869327877247837 -4.991946453665144e-22)
(1.012074977314921 -0.01969092361609131 8.988092513092015e-20)
(1.06166069178398 0.0008455102142576557 0)
(1.084014073851026 -0.141168623599794 3.791447433052932e-19)
(1.002555233237347 -0.006128758412939795 -3.297459403424145e-21)
(1.002724129430369 -0.003849370537880301 1.230701336288042e-21)
(1.094032095448783 -0.009171234990280204 0)
(1.02079860151181 0.02017843373631929 -6.670926227652678e-20)
(1.106762663390027 -0.001636682811751376 6.312342725261687e-22)
(1.074193006514618 -0.01062851452081852 6.627380430717108e-20)
(1.085619537039626 0.02219547567344112 0)
(1.324151864054793 0.1558434727272996 0)
(1.002095631875842 0.0005880067628809185 4.40631364633836e-20)
(1.320757261794222 -0.1343831936823847 1.606340912967303e-19)
(0.004822591594375886 -0.1420653915175722 -2.306675038410994e-19)
(1.071116629571683 -0.005399727426215375 0)
(1.111861252240577 -0.003043730056028672 1.177492716112383e-20)
(0.7268195649383894 0.01781638368580018 0)
(1.058090406450712 0.009129795622704506 0)
(0.8609395249491533 0.1613998107667016 4.600590395959629e-19)
(1.283822091622462 0.1192068312930683 1.854435767562581e-19)
(0.6541406306659159 -0.003109966066317771 -6.518157353975266e-20)
(1.040286766679553 0.003512350296068722 -2.721430837073842e-21)
(1.054896644189317 -0.0002087330252958843 6.44603255088592e-20)
(1.360489392933199 0.1166955555083656 6.547932764832643e-19)
(1.337863599996343 0.2522953840732394 0)
(1.05720752932507 0.01016342277706327 0)
(0.9971269764159623 -0.004308911500440796 1.371438926046758e-20)
(0.993930182207507 -0.00283146208192498 1.580794819588419e-21)
(1.385850389121206 0.1994207008346769 4.334341411751918e-19)
(0.6818193403016565 0.0005639712637633895 9.957717091923518e-20)
(1.005723985495819 -0.002148614611701248 -6.018112891595279e-20)
(1.098071840543335 0.01315065397552865 2.558068045491882e-20)
(0.6694506923728246 0.004960201862867272 0)
(1.066082290917673 -0.0120329803825736 0)
(1.001270264687755 0.1291489473912148 -1.380993823188529e-19)
(1.084963880303632 0.005163366979082313 -2.576514410070668e-20)
(0.9818830256812512 5.925023076263186e-05 3.312873988486684e-20)
(0.9912116042667697 0.00598906877334139 0)
(0.638133539364197 -0.001127092090775195 0)
(0.9767629106302859 -0.001295795906657583 0)
(0.6419756085587657 -0.001420673571651541 2.659968727365755e-21)
(1.086916767867982 -0.05633568379449469 1.218121359648664e-19)
(1.10906669524447 -0.005498462369894772 1.158199975200022e-21)
(0.9580426483524218 -0.0008662133580194454 3.882518055199864e-20)
(1.017001004524791 0.01064082847227416 1.721681583634507e-20)
(1.064534276137868 0.0100745583808507 -2.278398695571682e-21)
(0.6348185005342611 0.008857859238566799 -3.617903198103091e-20)
(1.004737840863469 0.01213421369866113 -6.096513678753251e-22)
(1.037556358840732 0.01019959980174245 5.187439670320149e-21)
(0.986227522737409 -0.003335818832590562 0)
(0.610031823211187 -0.0004420211941833907 0)
(1.069023949098007 0.0225786241607996 0)
(1.015787822193684 -0.01660278274928521 1.039309023822617e-20)
(1.022278944883847 -0.003716977382138156 0)
(0.9933290956233979 0.01416521081540638 -9.638293868537537e-21)
(1.010015536576858 0.005775899773401622 0)
(1.134249476616571 -3.118032421103867e-06 -1.249593556398213e-20)
(0.03037361487247513 -0.1391756430254282 -4.125300239777315e-20)
(1.034512761294251 -0.01697284155327768 -6.546840857354516e-22)
(1.044720656011689 0.008927128793316502 0)
(1.086643178214734 0.06943416886591119 8.415076762779435e-20)
(0.9681019384246569 -0.0008617392361229543 3.112634658704543e-20)
(1.020156614967491 0.01694538368241248 -2.236897409464417e-20)
(1.006963826240213 -0.001232515192790899 2.396268857306462e-20)
(1.039362605027125 -0.006863749608979882 0)
(0.6409690900285664 -0.004079348511111866 0)
(1.02601882126565 0.02448317767073768 -7.994435590861568e-20)
(1.084790607365587 0.002954394064671851 5.080164044930155e-20)
(1.011554913277178 0.006351315141573686 0)
(0.9815596797855249 -0.0005527589021145744 -1.918604779395194e-21)
(0.8576024753876815 0.013130981512257 -1.281297037434982e-20)
(1.013946402010391 0.002903670987191017 -9.591203725626883e-21)
(1.023774208643573 -9.891841590558892e-05 1.829542937822668e-20)
(0.9802034547451125 -0.0008152740432163242 0)
(1.00794270146175 0.009706590198573976 3.206942155337111e-20)
(1.109381081585202 -0.003194557421552186 0)
(0.9350784894516201 0.01071130936008875 -3.307943695562317e-20)
(0.954301206178702 0.002400211354436273 0)
(0.9006751182088581 0.2024734522363529 4.962798041003794e-20)
(1.011231141626377 0.0676178399897905 0)
(0.9905606558081975 0.00446031472286733 -2.301246919446543e-20)
(1.055704935408933 -0.04877190167895187 -2.743277729026699e-20)
(0.9937513111829371 -0.0006970643141867225 3.275463641758922e-20)
(1.006881425688235 0.004294098561436103 0)
(0.9807046981988788 0.0001102684436027126 -3.039754482103679e-20)
(1.178810273498042 0.09761940462381263 -3.342648486017469e-19)
(1.067770165883606 -0.2633765553319631 0)
(0.9949001827208463 0.0009918007578939101 -2.245050500968381e-20)
(0.9764045656678132 0.006256792080675746 4.742820726879243e-21)
(0.9581922624967596 -0.002660518899214787 1.04709208760788e-21)
(0.7460301561230382 -0.001081724317821507 0)
(1.115539903569834 -0.06890811633763821 0)
(1.00569973805351 -0.0009486923771753709 -2.207837904349638e-20)
(0.904804385622153 0.002936839739609273 -1.09191037277522e-20)
(0.8412157040609367 0.002414169273783023 4.777712960966676e-21)
(1.010867160171891 -0.002318198720470361 0)
(0.9610048667672526 0.01093017091893955 1.557048373529392e-20)
(1.005723773599823 -0.0001892620066638252 -2.242186075348284e-20)
(1.026420612192374 -3.211667658997863e-05 -2.478420035375106e-20)
(1.112813751369322 -0.005444700760000067 -4.895061838424226e-21)
(1.11470891965887 -0.005753588235950249 0)
(1.009349425937528 0.004767127682360729 0)
(1.024707642728886 -0.002696953888802052 0)
(0.9481463192217162 0.009821712511995716 -2.040911241405367e-20)
(1.017875774338183 0.0132118302077684 5.63899811984859e-20)
(1.086445000697127 0.0009191818816266154 -2.351502555286594e-20)
(1.037410547163124 0.002040914610930583 0)
(1.108800291384764 -0.003533665202968659 1.818516400689447e-21)
(0.9949315177063996 0.0008500600130170419 -2.238055273991906e-20)
(0.9791961057876617 -0.0003728817421209964 0)
(1.010200601412702 0.002017853080046526 4.702330731156088e-20)
(1.36197822802333 -0.3136373877031431 -1.118383897886166e-18)
(1.120615205187037 -0.04542397184572374 -1.112990500974721e-19)
(0.9751270473433917 0.01258013381390845 4.606105905193629e-20)
(0.7731250440394315 0.01681891265325998 -3.656682685391586e-20)
(1.222810180670619 0.04844355025067847 0)
(1.213829332704202 -0.1323944802730485 -1.483509626792138e-19)
(1.085882544563413 -0.002494928991944209 0)
(1.009220677637897 0.0006419625696660072 2.269455333198435e-20)
(-0.1964025592898317 -0.08526345895556495 0)
(0.9939710068899559 -0.00467645227512653 0)
(1.012319208511846 -0.02303685308851943 3.852704490147812e-20)
(0.7062989849793656 -0.01941655413855949 0)
(1.096796941090011 -0.01499612151480096 2.373241733216218e-21)
(1.038772379563475 0.00485545164023513 1.42647614989241e-20)
(0.6331912102126604 0.004162554091967321 0)
(1.444981223770651 -0.1239866916048813 0)
(0.9859026371372088 0.002202535026053988 -1.067826838106459e-20)
(1.069609510110571 -0.01503563428325275 0)
(1.037925200926301 0.0005754204712342254 2.054125934867997e-20)
(1.086432684780192 -0.00368753358643815 0)
(1.011139088505371 -0.00648145459930491 -1.260958282204819e-21)
(1.006152911999881 0.003304574696261165 0)
(1.00953195061465 0.001162383389355091 -9.926750672575278e-22)
(1.00396590578818 -0.02007416996074137 0)
(1.035386273308733 -0.005910955021200044 1.846483965864899e-20)
(-0.2069185054792 0.04885585317877215 2.820519614756203e-19)
(0.8132914836924077 0.03578602476120995 6.047933429477152e-20)
(1.005030573550936 0.002309136216577289 0)
(1.12140144636933 0.01493772309135473 -1.268345898743627e-20)
(1.108365231643034 0.005969782365314058 9.636366142203461e-21)
(1.053976376127936 -0.01284120086931036 -1.329216137060344e-19)
(0.9987721061156296 0.01040448291433087 -4.120244411586442e-22)
(1.085251386166722 -0.005653540083252768 0)
(1.188196735239736 0.04941514862932662 0)
(0.8350058591345829 -0.07383449273271694 4.609365654099108e-19)
(1.092221166995517 -0.00960940707069457 0)
(1.033434745346214 0.008029976983713225 -7.725264733369451e-21)
(1.042675401430266 0.005402518584991154 5.650793114067397e-21)
(1.051531127765466 -0.05865624094439288 -7.571199029753245e-21)
(1.139710291043219 -0.002557438970584392 1.725673321512136e-19)
(1.078149766741753 0.003198214591710698 0)
(0.9946405067718009 0.001954296148655714 0)
(0.9983192142774883 -0.02540382868399449 -2.405444437075192e-21)
(0.9911870549205637 0.003427518606768605 0)
(1.029665524250777 -0.03648982248325093 6.519664348007426e-20)
(1.292709261432429 -0.09922508556863643 0)
(1.042576982699458 -0.003420720670705954 -3.040676574332151e-21)
(0.9861840916906737 0.01682380815419993 -9.106333005649792e-20)
(1.034614260303726 0.04309927129531908 -2.320962370769063e-21)
(-0.08321198482748966 0.196966800404752 -1.730983009857993e-19)
(-0.06741212180191863 -0.2804115077978463 -1.316450649477494e-19)
(0.8667310737569446 0.1114488550265305 0)
(0.2756397320190126 -0.0168022739771871 -2.908683911120685e-19)
(1.011006008612364 -0.01264442385472733 -9.764386530201385e-21)
(1.064008982362139 0.002684118012436101 -2.063407558623845e-20)
(0.9929041341893934 -0.02173183288891859 3.054938933299919e-20)
(1.027265843812064 -0.02835586269979825 2.655696488741098e-21)
(1.009219402716676 -0.0302197340916123 -6.715600825132778e-20)
(0.98876461047261 0.004914189244554675 -3.495551580703209e-20)
(0.9939071534552604 0.004679725105510226 0)
(1.024313913487069 -0.001999522415123592 -3.508641075724161e-21)
(1.92955854764424 -0.1562727837595179 1.064429869546651e-18)
(1.05086270734234 -0.01645659755533159 0)
(0.9967921085354776 0.007456586259767108 1.482339096651347e-20)
(1.003448427406557 -0.0005186997943030068 4.003943080117361e-20)
(1.175368304453481 0.1546240383261002 0)
(1.008315760431112 -0.02269818362743317 1.494655817853987e-21)
(0.9536772453653636 0.002721856313338754 0)
(1.037849273251839 0.04171099832890268 0)
(1.294871814555853 0.1490303471844404 2.165159309022536e-19)
(1.076306120176471 -0.004117580645461077 2.327988641011987e-20)
(1.016342262274032 0.03157309292573827 4.483747100406298e-20)
(1.077184146552649 0.002127507695663181 -2.242034867886436e-20)
(1.05922300109059 -0.02375615846404491 -1.435019141556397e-21)
(-0.3889489575844263 -0.03896198992718999 0)
(0.9990174343059198 0.01247641416767967 0)
(0.1269506446900809 0.05509762565199075 -9.363368399217371e-20)
(1.005529944672454 0.02106121524446038 -3.990132634421466e-20)
(1.005751381951828 -0.02118728488960748 0)
(1.000633848353608 0.005403027623971332 -4.897392392554638e-21)
(1.081901504224625 -0.04222814341086605 0)
(0.9946123139024241 -0.01925265426104487 -8.100018460865511e-21)
(1.096192516063127 -0.04658714046830015 0)
(1.44113240312153 0.1695148631740963 0)
(1.054600577847827 -0.01174824454228818 0)
(0.9919272468089917 -0.02421889786939837 -4.107895099616245e-20)
(0.985716590022635 -0.01931403615465623 -3.118269133429006e-21)
(1.018818074206136 -0.02117836610885583 -2.149690465735094e-20)
(0.9968764331814806 0.01717886993125134 -5.38542797884697e-20)
(0.9958540693039963 0.009312250082732676 -1.444643874449492e-20)
(0.9952015310663839 -0.02677203076441003 0)
(1.001595872829606 0.02489181730978409 1.87694440721283e-20)
(1.037346249823887 -0.02238219768241808 0)
(1.110549227673532 -0.03652549466521089 2.516335659407673e-19)
(0.9951384447592437 0.01674153100024613 4.462339957900345e-20)
(0.6150616521047274 -0.008689847970996326 0)
(1.156932858177075 0.1531467565055282 2.64757329757589e-22)
(0.8225170358647073 -0.08453212809865528 0)
(1.139102104701161 0.07251399249500441 -2.80593128271893e-19)
(1.313326378904967 -0.3878825479420624 1.273334731587985e-19)
(1.073680851793401 0.06699366877074517 -1.287313258814742e-20)
(1.011213146842111 -0.02961183243117912 0)
(0.9547999780762724 -0.2139620386424451 0)
(0.5467572149477858 0.1742091645703626 0)
(1.013682909956032 0.01404360139817905 1.0074216929203e-21)
(0.7145057784928027 -0.01092846032369667 0)
(0.9982826704092664 0.01654475549308407 3.435472964843062e-20)
(1.024485095268518 0.0001874738683345333 -2.656116871832715e-20)
(1.079095648665295 -0.008003224571236084 2.634460807482278e-21)
(1.051913947920361 -0.01927812309336818 2.596510031389678e-20)
(1.043002763762904 0.01112086542836406 0)
(1.053510327446912 0.02314793056280783 -9.197291576121986e-21)
(1.051423233863473 0.03568339153369378 -1.763273644323687e-20)
(0.9836751074777191 -0.02188398572106015 0)
(0.6248864172732537 0.005127990525986116 9.175087778771333e-20)
(0.8941698833121549 -0.005943635732188577 -8.850409154958534e-20)
(0.909352884168958 0.005234011077566093 1.448409247130105e-20)
(0.6296464885386333 -0.006425168105132229 1.411513204681113e-20)
(0.980212330823593 -0.0004751381942745158 2.509239534405241e-20)
(1.004413304416583 -0.01760253004838545 -3.280190085586444e-20)
(0.9753616021556132 -0.01894535322811523 -2.800478361698555e-20)
(1.085622663027245 0.00150348094572462 0)
(1.018743079513764 0.005154371498396062 1.075803239576296e-20)
(1.133186850834429 0.04807718741347421 1.352681614235304e-19)
(1.032564818492405 0.04301664029100612 0)
(1.022378639891933 0.002634284201671302 0)
(1.580404732233844 -0.1678868790869976 4.350684990434375e-19)
(1.047604618336356 -0.0298396477347319 0)
(1.022530861195884 0.009656740554151881 -3.566747308803948e-20)
(1.084947011229588 0.000602037707065091 0)
(0.4918596760782314 -0.001207329907559429 0)
(-0.0277498680284988 0.001330170639597352 0)
(0.9906083517951235 -0.02339681536247802 1.253669937456256e-20)
(1.299556258290536 -0.0966895825042859 3.656542402811759e-19)
(1.031411592595197 0.03841078779430885 0)
(1.022647558425124 0.003500395853357464 -2.178395793577868e-20)
(0.9306538035532119 -0.1639956410830927 -5.473263652374715e-21)
(1.254664577337233 0.07279475428508925 0)
(0.5989825211316691 0.7320678427004198 0)
(1.304856618549675 0.1413800562267313 1.041727844847391e-19)
(1.673018154822735 -0.02652723723972725 0)
(1.070560991074653 0.1331490316664058 0)
(0.7321337937380022 0.002981778192876251 3.649707016554232e-21)
(1.047738739478654 0.0489950757234058 0)
(0.7310831565185789 0.1052961036603642 1.348198425468537e-19)
(0.9968270565813812 -0.01624502943773377 3.586925389272749e-19)
(1.037228822843791 -0.03819917707234081 2.651938495751923e-20)
(-0.3698890806742801 -0.05426999147480078 0)
(1.071886609146144 -0.01611732547318065 0)
(1.089002011425545 -0.01583183018486623 0)
(0.6472956803920943 -0.5008614214734003 -2.506399084347735e-19)
(0.9913263757156737 0.0001412014732905315 0)
(1.091955918736988 -0.02220885689075093 6.895140574671861e-22)
(1.189125205798507 0.1207705447002071 -2.052167656730741e-19)
(1.097712533861292 -0.03938291684816351 0)
(1.005290147011567 -0.02073128138131735 0)
(0.791266094949548 -0.1974692095573655 -1.708378004826103e-19)
(0.8949432801174723 -0.1442043050297822 1.468279407712542e-19)
(1.033019804796528 0.01092317416303229 -2.050384231593331e-20)
(1.02313458756773 -0.009207899151730394 -4.254246215052814e-20)
(0.8681393854206545 -0.002266907372795584 -1.207548642936459e-22)
(1.502168394204876 -0.1944602974364876 0)
(1.304923457035932 0.1095036713669362 3.058177652596227e-20)
(1.241833908126308 -0.07960568628547809 -3.182170958530882e-21)
(1.095893022649901 -0.01882869678309807 -4.001310971209039e-20)
(1.040630866527519 -0.01875790551323351 3.062253387441283e-20)
(1.092801963465623 -0.03917593294929734 9.586088149933604e-20)
(1.032672415420848 0.02018653950733469 0)
(1.050697044396107 -0.03244542064705254 0)
(1.115860784716019 -0.009034633473383315 0)
(1.099266489016148 -0.03262727163643391 0)
(0.9981640866904894 0.01070194920846479 0)
(1.154577988371314 0.07735500313988036 9.333513769322038e-20)
(1.344755453715172 -0.1606788326164609 0)
(1.042742518049717 -0.02507309600551321 -2.459642704405722e-22)
(1.050460775595938 0.0552932354613436 0)
(1.009971307078738 0.01420597570063723 -3.798823426745207e-20)
(1.033484084234489 -0.00799693357207293 9.389500281911103e-21)
(1.088991778063625 0.01333172586966485 -3.158722597680897e-20)
(1.084131472891142 -0.02934754976851744 0)
(1.074992435758597 -0.004086972500353158 0)
(1.100327677659249 0.0924334781916446 -1.396711656415187e-18)
(0.9348744177654115 -0.1481496626946659 -7.11445759264297e-20)
(1.180600154928406 0.1117205612258498 1.130898964873803e-19)
(-0.4531448573250548 -0.02586069407874611 -2.928167244827759e-19)
(1.018929773711336 0.02973948527432901 -8.539367105692603e-20)
(1.007327046698848 -0.003955018474065307 0)
(-0.2499154426349837 0.007418333616551838 3.578036912162182e-19)
(-0.04004136003618565 0.3351455122539989 7.79531192547022e-21)
(0.9952124364188725 -0.006322007219580514 8.864757069534934e-20)
(0.1840543136900216 -0.04314359845742333 1.310011285699859e-19)
(1.092907364824859 0.09168194425571552 1.464133672535783e-20)
(0.09331257104564175 -0.1072421302483779 -5.355460522622176e-20)
(1.108121255323944 0.003153991467117631 0)
(1.093161879217548 0.249219045600039 0)
(1.021249994038788 0.02186696109585951 -1.67237871135553e-20)
(1.065023771907212 0.06040732289753015 0)
(1.024069550341244 0.02494758482120713 -8.532723568700916e-21)
(1.260221466932091 -0.547610594938468 7.976914522287152e-19)
(-0.08784480816743286 -0.2286123302974649 2.076419955771178e-19)
(1.297752957692896 0.1104493993567535 -6.099180491351012e-19)
(1.12476556293952 0.000807588438633703 0)
(1.132888408567986 0.1068318389290037 0)
(0.5198059357721401 0.07648437365173977 2.416504769486616e-19)
(1.022952016406232 -0.0207225276193705 9.613205557699499e-20)
(1.005512657096792 -0.02326550917094088 0)
(1.213189395392479 0.2713741515933011 -9.849779986557072e-20)
(1.250924036793496 0.1264142466435727 -1.491576346820516e-19)
(1.026479287104904 0.002780748831825962 1.596503226044449e-20)
(1.295289878932293 -0.08504502069065464 -4.943746760547137e-19)
(0.3105262050334339 -0.02403606174774714 2.880930216146559e-19)
(0.8359540237982686 -0.1508812063744924 6.933236272036742e-19)
(1.052713874395935 0.06981517002836744 1.095567408270316e-19)
(1.039855787331029 -0.002228858600366888 1.282146308274608e-21)
(1.0007099771785 0.01963594575323217 2.839017296578428e-20)
(1.066481311218776 -0.03687730850258216 0)
(1.034485451541328 -0.03844254849304068 -1.43200628600458e-19)
(1.01748991609965 0.035435626123695 -4.5714006624908e-20)
(-0.0682447383972591 0.088475709962963 -4.898555934482319e-19)
(1.010730981227993 -0.05770902917510863 0)
(0.8948062737508303 0.007098436941247066 0)
(1.092792229741282 0.0006637932404150841 0)
(1.358318269455354 0.255457891800046 3.730178522166719e-19)
(1.691768402868719 0.1023180341176107 1.317967127724179e-18)
(1.403740854216724 0.1444448563062889 0)
(1.030562787241618 0.02208184392681747 1.048392255555033e-20)
(0.3429225560411777 0.0297853100929813 3.262264413586774e-19)
(1.123442538095208 -0.0009747759990236468 0)
(1.100957371357404 -0.02467348012508555 3.267020519236597e-21)
(1.098893960820691 -0.02833207941835552 2.55230968542351e-22)
(1.142588090905084 0.1021528377662248 0)
(1.299471692102708 0.05325650769743291 0)
(1.040092610853745 0.0008870548190052932 1.15942765079674e-20)
(-0.1489107963941986 -0.1003480104980156 -3.875232520560885e-19)
(1.328353252841955 -0.1565380430863977 -2.182021351827815e-19)
(1.067915438015586 -0.007362407862397331 0)
(1.013594879539284 0.01533509523182239 3.001524536182572e-20)
(1.142844297542139 -0.09136490860891816 0)
(1.015873357891596 -0.0176742866162775 -1.149009826013137e-19)
(1.030680679239209 0.007783398078212029 0)
(1.50959546928798 0.08577413101245839 -2.797401926750948e-19)
(-0.07150330781878794 0.04740692876112782 7.535929883165882e-19)
(1.098576936206364 0.05049726453350418 2.053885571891335e-20)
(1.093110443139424 0.07881511878518589 2.153404781173589e-19)
(1.009879184277166 0.008412619166455589 -6.060842132637205e-21)
(0.003429912728813578 -0.1138327672373271 -4.850702576479692e-20)
(0.02217249683308182 0.1110898365175032 3.700142829197883e-19)
(1.238715702842305 0.1347282225335606 -1.580160628116213e-19)
(1.109035119882648 0.09726273982291042 0)
(1.088022498859886 0.02486925459939082 1.790381727010219e-19)
(1.007173967823857 0.02201225297791658 1.770219868055202e-19)
(1.028721154657746 0.0011720418421788 -3.688486784962983e-20)
(1.22153807301473 0.1347424575889755 2.58233307531924e-19)
(1.3989231055952 -0.135914177934241 -2.103943675855674e-19)
(1.066188720968875 0.05003565552865643 -7.41294935155461e-20)
(0.9937936721061605 0.006676895288388831 0)
(1.083950052947016 0.07686642195747002 0)
(0.9785777831095388 0.006166286339607977 0)
(0.9964502795875501 0.008391153588638709 2.280594604461588e-20)
(0.495927229084174 -0.07588213080897749 0)
(0.9907357296570137 0.00388639219850964 -3.710497908754027e-23)
(1.288517006764364 0.07493855806729112 0)
(1.007409483309732 0.007756296823485644 2.175052950258249e-20)
(0.8147154112378138 -0.1268312475147494 5.852150791148233e-20)
(1.101679006590137 -0.02208232151900118 -9.293514540772159e-21)
(0.9398302921817728 0.01660005787499395 -1.771199547252918e-20)
(1.445119955138337 -0.2871436303475444 -5.40014364237042e-19)
(1.139038640881371 -0.0927943182743593 4.762755607656476e-19)
(1.088833553285311 -0.02516606091060017 0)
(1.928665199605108 -0.4701578276872693 0)
(1.619175761302427 0.1875118111357086 0)
(0.9852526267228398 0.005618608730191192 -9.374701324868691e-21)
(0.8608973900222191 0.7757510598083108 2.429783103171428e-19)
(-0.01200849341209504 0.2157751977784451 5.525765620938785e-19)
(1.0435340941723 0.009264347466075552 0)
(-0.2153371876865361 -0.08262399531879269 2.057948629446435e-19)
(0.9843222920169917 -0.002011972851807425 4.095321288519957e-20)
(1.182086754243101 0.161675493943168 -1.658073796543462e-20)
(1.044447827252541 -0.02237777350196744 5.398937027899864e-20)
(1.053669758187761 -0.1436248273309426 1.482092164859534e-19)
(1.133786587654448 -0.001345360195159909 4.539039444460607e-21)
(1.108779100625939 -0.01941973758653427 0)
(1.312845816692794 0.5313668835098142 -6.065116252811414e-19)
(1.030572225850188 -0.005122347922417296 -2.215712513645941e-20)
(-0.2857354203748529 -0.07304919928318888 -1.993687008507665e-19)
(0.6795439441655328 0.01846963875557868 0)
(1.085074217196641 -0.6965513447954712 -4.790183045893801e-20)
(1.317569018656221 0.08530215052183872 -1.113765028317389e-18)
(1.113770925230507 -0.1082478240052812 0)
(1.088874966628907 0.2802597459314134 0)
(0.9724852935968551 0.003896199901419915 -6.174151052043368e-19)
(1.061841554041471 0.01058324256215998 -4.292422663471855e-21)
(0.9246197729166702 -0.01210004390993687 0)
(1.090593000988756 0.03087216633736959 -1.757940857234487e-20)
(1.365555296952101 0.2117957677344325 -1.828580413394581e-19)
(0.7325069401681338 0.09986124149439403 -1.049968504162599e-18)
(1.078730564587235 -0.0005666843461857732 0)
(1.263849464096258 -0.06173581005442139 7.112563668907435e-20)
(1.006272663552202 0.0002102935799796776 0)
(0.8472503471187588 -0.7731940999631179 -4.176280532527003e-22)
(1.08137516950793 -0.05224047808075651 -1.070262612587699e-19)
(0.8772620137616998 0.3269135775053105 2.910129786466117e-19)
(0.8381526590568842 -0.2026072752329649 0)
(1.030228673066015 -0.03499209125343795 0)
(1.053585701527691 -0.02877332810014191 0)
(1.007442630221807 0.0005070323052368247 0)
(0.9811634336385611 0.006198670951620399 0)
(1.352296779204414 -0.2400479719459887 0)
(-0.09498984037882688 0.1794875750978741 2.419344046850159e-19)
(-0.05093118835429786 0.06375096451177405 -7.017634754371015e-20)
(0.2301580240990907 -0.1178219344463187 -4.246067291955873e-19)
(1.516628591786192 -0.4376771807688644 0)
(1.034232273394627 -0.016465783854825 0)
(1.767884818481475 -0.7569149091600018 -2.33165151140373e-19)
(1.131842871223127 0.0008593574517161479 7.194094441689466e-21)
(1.326611931912519 -0.09368087277659926 2.858630503867071e-19)
(1.110178972830539 0.7105516126516218 1.449517112243595e-20)
(0.33966300945874 0.5958924504397958 -2.148548906563293e-19)
(0.6771736005437663 0.461574978957536 -4.741212415732506e-19)
(1.056477689628079 -0.1609780046804153 -2.041264812769789e-20)
(1.223903269097503 -0.3591084664600223 0)
(-0.04921537472189468 0.205720929232131 -7.553356309498874e-19)
(1.04730282749251 0.02304181412184436 0)
(1.107805637547226 0.04169107296742423 -1.558660505226699e-19)
(0.8164690807446481 0.8997203758624124 0)
(1.064917687970339 0.04159900327349339 7.218247746754547e-21)
(0.2681060385247374 -0.06206869547346695 0)
(1.105666704066264 0.03148167026724381 2.389955089350778e-20)
(1.374161678374457 0.3250861224341151 -5.598332642411938e-19)
(1.0744060361499 -0.01293219674634925 -1.679863945648525e-19)
(1.47335317958483 0.1588643475758644 -2.558741748955388e-19)
(1.333988605765897 0.4195153989650658 0)
(1.177725239734507 -0.2731863002764516 0)
(1.304167863393825 -0.1400410838590002 -1.237731924663848e-19)
(1.066830188420463 0.01621962116330204 -3.330469736496166e-20)
(1.060692487005211 -0.01197323823516925 0)
(0.7360418977189472 0.141392416816725 -1.117359209937579e-19)
(0.7726066844295543 -0.5741637717135744 -5.857743933679806e-20)
(0.6669486035865504 0.2062397907720463 9.56003276143036e-19)
(0.969996848876882 0.1083210188316162 3.282810147122361e-19)
(-0.002723723621234004 0.09116703055745323 0)
(0.5545545911260287 0.01407378055634183 -6.387971494641663e-19)
(1.057739290795599 -0.03944877262225076 -1.905940298141962e-21)
(0.7029939140282124 -0.1236800496005222 -2.832110956552442e-19)
(0.0004214427091867789 0.2339983259905038 -3.079449318903088e-19)
(1.180289284560659 -0.07992973230159459 0)
(0.3984405994467904 0.01521314171829368 0)
(0.1609830605725521 0.3750137509632808 0)
(1.445321254721516 -0.2660151196168054 0)
(0.2334110614390085 -0.3548631361978355 -6.450049928414295e-19)
(1.592653155379874 0.0382355018159141 -3.84944867774142e-19)
(1.024726617889739 -0.200658555386708 0)
(0.6653649142214723 0.02009213349345907 2.433060017806246e-19)
(1.024538831353926 -0.01114493403444887 3.571034021384014e-20)
(1.139462764529498 0.2366206007815808 0)
(1.73893793863257 -0.1133671933728561 0)
(0.5795453286794537 -0.734433642792961 -6.66357811457386e-20)
(1.270159895589807 -0.1118357451473181 -1.018298352083059e-19)
(1.409605009358353 -0.08816443705554075 -4.365171808968403e-19)
(1.486896468468303 -0.06804751320181024 3.707509741927144e-19)
(0.09619312600288388 0.1035783923530428 0)
(-0.110643605170164 0.09151620798776644 2.875815674728476e-19)
(1.038117981868283 -0.06321703048497823 -4.798257028203518e-21)
(1.119352863501232 -0.1400168126605526 0)
(0.6398791105661352 -0.3536739767664217 5.239859877056329e-19)
(1.048705390996573 -0.06314569768079797 1.341456352404605e-20)
(0.8531072094157411 -0.1456296956979094 0)
(1.316307464450953 -0.1394062676083652 -1.090790491155824e-20)
(1.12226185860339 0.08252494413581446 -4.373885644206628e-20)
(1.091074205799566 -0.004980278545873284 0)
(1.129815195448301 0.5719407879498397 -1.136717144883279e-19)
(0.3412107408028242 -0.5963972848186988 0)
(1.06085005133608 -0.003356270843724632 2.818661094675812e-20)
(1.097044564515838 -0.006189901898450862 2.698338514595308e-19)
(0.09322130515107035 0.1496563938640496 -1.721039977553942e-19)
(1.183420630865935 1.004507569278041 -2.26551205799458e-19)
(1.36660886720081 -0.138341691341861 -8.728426542427876e-20)
(0.9318192497734602 0.1203812888906699 6.634678248460225e-20)
(0.997462524771048 0.003924233726326108 1.027679344163749e-20)
(1.06247095577155 -0.1507191259215833 1.84321794022062e-20)
(1.504938163995309 -0.9465178449701883 -5.188554167366762e-19)
(1.536187401303573 0.9525212704806004 2.384580113989777e-20)
(1.428031976711892 0.2220146013624915 3.349483061048926e-19)
(1.028294474779687 -0.007477172940360686 2.100475823811105e-19)
(1.03527310108035 -0.03315221635080878 1.570663194704992e-19)
(0.9917408530002998 0.02240626913735711 -1.883739182512367e-20)
(1.058057918083371 0.03832701933424749 -1.490283597083795e-19)
(1.078529197562054 -0.06546799318452765 2.799735148646993e-20)
(1.438454718571001 -0.1392142365617337 3.43645714881704e-19)
(1.823856448967072 0.7501356087035868 1.874970576744829e-19)
(1.032151544896985 0.03231096637489975 9.902036139923442e-21)
(1.071988117350978 0.01349969224103553 -1.076518043028588e-19)
(1.992070175075268 0.4787408471853993 5.397137167970243e-19)
(1.935364990760805 0.1599867496704457 9.417098093781247e-19)
(1.083519580325884 0.6407222271797905 -1.00182541490191e-19)
(1.110628554500952 0.1720971191672107 0)
(1.044129661289429 0.0229867318582909 0)
(0.5114609552032081 0.4419896392770112 1.155295509457572e-18)
(1.373319356328155 -0.2983346939528458 1.853342550038466e-19)
(1.186025463828339 -0.153525948215394 0)
(1.637356991840837 0.2359992864698607 -6.255562634792537e-20)
(0.8122253355508803 -0.1562310369327181 -1.305845649782807e-19)
(1.325012158207188 -0.2091216536194911 -8.94972129470209e-20)
(1.252012721598828 0.390682590878743 1.466179185586725e-19)
(0.4926569801480963 0.1989107142136073 -5.583232216202438e-19)
(1.693020114115974 -0.02122177979906524 3.322841030838791e-20)
(0.8544945498801936 -0.5426875181467591 2.343238312877589e-19)
(0.9987571925909063 0.02393755113217673 0)
(1.624161876086303 -0.1886932797559616 -3.150786064492605e-19)
(1.090885018498736 0.1007630391199835 0)
(1.342002550578317 0.5826119961227368 0)
(0.9409605704965789 -0.4119421154442462 -2.820175827061104e-20)
(1.2483371873348 -0.02805942152270641 0)
(1.038131239345781 -0.003890686364336596 -1.270721861361961e-19)
(0.7210259026148524 0.1085050975014592 2.962908295228621e-19)
(1.321224620669943 -0.5800081980069608 -5.512130474296984e-19)
(1.0498219380479 -0.6310897265990648 8.368749306586431e-21)
(0.3506229086373909 -0.3738392656309309 -8.592096018372867e-20)
(1.006801972559408 -0.09498678464480007 0)
(0.4461780183598885 0.3054703262167416 1.675893491660129e-18)
(0.270177059260346 0.02315131070007563 0)
(1.314841816603936 -0.142348546389976 8.154412947437103e-20)
(1.572795887920002 0.1887487127159361 0)
(1.168694553102247 0.4483432653963891 1.367279489461379e-19)
(1.054060887802919 0.1536428897161235 -6.06378455955464e-20)
(1.031725931429123 0.004352294235434855 -2.05507700598059e-19)
(0.9583705955969598 0.4111936258668357 0)
(1.159943792601593 -1.007847642989584 5.713696765954597e-20)
(0.8910835615692129 0.01114897151267583 0)
(1.070671887917132 0.3805665462245349 0)
(1.052386647272258 0.03246554816835253 -4.112821162749781e-21)
(1.469898886483209 -0.2991062939688734 0)
(1.242193195543912 -0.1848168506953115 -2.908633457151615e-19)
(0.005202124692236184 0.00892024196625397 -1.981067955615761e-19)
(0.2397230486318223 0.02261487839409375 8.86090557061095e-19)
(0.9807421822430574 -0.09776886016470537 0)
(0.473268107326488 0.6510170111989151 -2.522455732059112e-19)
(0.917546216808858 0.03146778151277332 0)
(1.541224431910626 0.415910346245893 5.525433835487568e-19)
(0.4702892904407095 0.1346865487248067 -5.924081329651972e-19)
(0.05845381002971174 0.1713249853041889 0)
(-0.4138517720044792 -0.05398080668079776 0)
(1.032274183590871 -0.0003337237840015552 1.303029380114396e-20)
(1.655015996949318 -0.2261663525458899 -1.092304838170193e-18)
(1.107360824131323 -0.5616115716660535 2.32536155782164e-19)
(0.7825238683367977 0.3356220085252014 -8.695655891878502e-19)
(0.9065307595144312 0.1301317393252447 1.427243925204737e-19)
(1.044016243966366 -0.003586201079748955 0)
(-0.2846966262533515 -0.1022860534827886 3.91748857382173e-19)
(1.033643414973318 0.04674739599054861 0)
(1.202034093201536 -0.2467134548029553 0)
(1.565565919174875 -0.1917558143578352 5.230128276837808e-19)
(1.127680678259994 0.07489883273183048 -7.490860012059962e-20)
(1.078943922458313 -0.1478763889121416 8.197633417874136e-20)
(-0.02760281095777146 0.08094255421427742 3.385523208347394e-19)
(-0.06804828897965924 -0.1693127487300596 2.620961241305474e-19)
(1.067788826105959 0.2098778449324503 0)
(1.098783345257292 0.05936731305935001 2.097329710923009e-19)
(1.489662514326419 0.2837959578952475 -3.561211193074156e-19)
(1.320423051974326 -0.486514453738252 2.338023122707214e-19)
(1.144002477478148 -0.1501448211317669 0)
(1.122128890224936 0.1507392073284147 0)
(0.5254187314670916 -0.6860490841333067 4.182865964352493e-19)
(1.314706480652473 -0.04142782592328297 -3.019261871084939e-19)
(0.9969730668464193 0.1004692862163457 2.452163811621559e-19)
(0.3132198309402845 0.3601950355542528 -8.864321031419923e-19)
(1.022697919604216 0.1066189999722445 -4.035589826351441e-19)
(1.035729402584882 -0.3947862965432429 -5.426577294795107e-20)
(1.462809059482928 0.1071629646689966 -6.591204260496025e-19)
(0.7780648323624255 -0.8819746795333021 0)
(1.056468829375338 -0.03095945608526708 0)
(1.127925257632734 0.1600680160541142 0)
(1.6206243614584 -0.04227979451135558 0)
(0.8161445541064829 0.5959115544939954 -1.985831729024404e-20)
(1.489211114049004 -0.356915240466825 4.511092820353779e-19)
(1.544487360130256 0.1463650599173548 0)
(1.134313550291092 -0.4578520836089314 -1.591680214169504e-19)
(1.46417905151626 0.3438878937883483 -3.587656071544301e-19)
(1.010065039121218 0.02864989893076595 0)
(0.2195255188311196 0.004626300851202732 -2.502018839706007e-19)
(1.339026810092701 0.5112652811817152 0)
(0.9749820182894501 0.007222314756862262 -3.913310108701203e-20)
(0.7626157134492413 -0.2992564518658342 -2.077713743928737e-19)
(0.5084244209995787 -0.08002864330047348 7.892670065811188e-19)
(0.2300938854072611 0.05211020211495106 3.716308853408199e-19)
(1.061347387755524 -0.1379153530493579 0)
(0.03578177753903374 -0.0004266786912191825 0)
(0.3457071784612033 0.04286470731340204 -3.011803835378436e-19)
(1.006118079557171 0.0178463434834714 0)
(1.455769449113868 -0.01058090379453447 0)
(1.007269099372341 0.02929355884726377 0)
(0.467856362157358 -0.2717503074407118 -1.009581437394601e-18)
(1.049534266483093 0.0888522875248095 0)
(1.52717292724887 0.03889428333524939 0)
(0.2382469929606792 0.1106104257194789 5.465941046534496e-19)
(0.878872760399583 -0.3207472184672837 0)
(1.368356548886194 0.05118041425554189 2.721725679683267e-19)
(1.239589676192724 0.2047411627855476 2.101807818575957e-20)
(0.8997256641449405 0.5554736659486008 1.505483414875915e-20)
(1.03428197765065 0.09955097768704106 4.519025645997727e-20)
(1.031630413358592 -0.1482395103265855 0)
(1.369313518512437 -0.02495467746169526 0)
(1.288286887185165 -0.1260167542127441 0)
(0.6244519292925114 -0.03833255028158128 -1.364271353960825e-19)
)
;

boundaryField
{
    FrontBack
    {
        type            empty;
    }
    Top
    {
        type            noSlip;
    }
    In
    {
        type            fixedValue;
        value           uniform (1 0 0);
    }
    Bottom
    {
        type            noSlip;
    }
    Out
    {
        type            zeroGradient;
    }
    circle
    {
        type            noSlip;
    }
}


// ************************************************************************* //
