/*--------------------------------*- C++ -*----------------------------------*\
| =========                 |                                                 |
| \\      /  F ield         | OpenFOAM: The Open Source CFD Toolbox           |
|  \\    /   O peration     | Version:  2412                                  |
|   \\  /    A nd           | Website:  www.openfoam.com                      |
|    \\/     M anipulation  |                                                 |
\*---------------------------------------------------------------------------*/
FoamFile
{
    version     2.0;
    format      ascii;
    arch        "LSB;label=32;scalar=64";
    class       volVectorField;
    location    "1244";
    object      U;
}
// * * * * * * * * * * * * * * * * * * * * * * * * * * * * * * * * * * * * * //

dimensions      [0 1 -1 0 0 0 0];

internalField   nonuniform List<vector> 
808
(
(0.756246854701594 -0.01749839899412275 0)
(1.031334644102032 -0.0125711340861431 0)
(1.114557567264047 -0.004342052795391924 -1.797824054241987e-20)
(1.085118492830081 0.01260868970986741 0)
(1.364623234543109 0.0165156032836174 -3.918951285579992e-19)
(1.038685312157433 -0.009317275320666828 -7.160887164739654e-20)
(1.013515563121925 -0.0208244250375355 -2.325326098331574e-20)
(1.07868830004224 -0.005212386002682277 8.97901922114679e-21)
(1.25433005172441 -0.01889567074885037 6.375902310995755e-20)
(1.084516426335396 0.01035328182077597 0)
(1.013403021006473 -0.008446729740710096 0)
(1.30638076201063 -0.05192100343010045 -3.569706244823212e-19)
(1.085962078175188 -0.001773049719663407 2.033105073155208e-20)
(0.6750913111497461 0.00640525899595275 0)
(1.28512523133709 -0.114038863994946 0)
(1.081412340069306 9.703280123277315e-05 -3.817285391160846e-20)
(1.232060108297219 -0.1455535449650435 -9.852807859023645e-20)
(1.073964009836428 6.565047412225636e-05 3.165650694764981e-20)
(0.9930885953536733 0.005064445343271451 0)
(1.026338674869582 0.009376535018123697 0)
(1.038652348137051 -0.01015420354054872 0)
(0.9874500449634008 0.04433149978923565 0)
(1.051137349905501 -0.005966279787342899 5.507671107191146e-20)
(1.053346258187214 0.009126559616361257 0)
(0.9325596123334453 0.1970497612816887 4.614224815333824e-19)
(1.167594959573356 -0.08605878476890658 0)
(1.1857912430544 -0.01786102604182326 1.594111785960577e-19)
(1.077433444387125 0.009392695597835758 5.190854068137137e-20)
(1.083992161832495 0.002250099137912305 5.048795810468795e-21)
(1.071961186461922 0.03090880628154254 0)
(1.075556648579869 0.002662973046092058 -1.172167699167531e-20)
(1.032965225657118 0.006653969069678278 -1.971348528516972e-19)
(1.059852584344761 0.01487805615244667 -2.393513023288949e-20)
(1.089154649763469 0.005332536008097558 -2.927919004924557e-20)
(1.119601958064167 0.03918895597051592 0)
(0.7552100124973573 -0.1239581858965768 -4.533661461555776e-19)
(0.9545760541523688 -0.005857272380262231 0)
(1.06894200800812 0.02239648907477309 0)
(1.068833937313084 0.007356253560793545 0)
(1.073612033665945 0.008996440981968374 -2.837812788609552e-20)
(1.091902156317061 0.02439756751103351 1.120359947428471e-19)
(1.150436349796798 0.004212874485652285 2.195609940122912e-19)
(1.095943918081579 -0.002381636840082504 0)
(1.015879433486559 -0.008966340694385363 0)
(1.133959740273881 -0.09683560309267998 -1.645632595153118e-19)
(1.044102002365592 -0.01160849159712899 -7.906492087280228e-20)
(1.058290898232864 0.02663287173143894 -2.833723566851522e-20)
(1.23162750892675 -0.1115224714713111 -5.633977040885755e-20)
(1.067732922078641 0.0122175636203871 -4.272376986359432e-20)
(1.257425470119311 0.01904555150847415 0)
(0.9962360922911475 -0.01849344793655082 2.086576025745985e-21)
(1.044574015643385 -0.001886287299179182 0)
(1.087607677227983 -0.002186377008234422 0)
(0.9988647015941319 0.006548212144515837 -1.838938473843064e-20)
(1.250739223101831 0.03507485540775303 -2.313303492651882e-19)
(1.063770653800242 0.01825703069608613 6.163258969421182e-20)
(0.9913810160441404 0.00850819117290579 0)
(1.020916124268741 -0.009320061541223447 2.348478341552048e-20)
(1.107108074748407 1.694401639042685e-05 -1.20613887740208e-19)
(1.061390183588971 0.03098893415371984 0)
(-0.07752535652527869 0.00438320205139409 7.000961912652509e-20)
(1.15510217374441 -0.05124408537464367 -1.927846004005131e-19)
(1.006266997819383 -0.007955461580282161 -2.580608590194128e-20)
(1.183729644411354 0.0700927182072687 -1.2382465205622e-19)
(0.9983803347802058 -0.009637943016439596 2.990850515812664e-20)
(1.08417238504168 -0.005536546718949774 0)
(1.24511220177142 0.1001537246829609 0)
(0.6960459179827465 0.003206034901645987 -7.494655824556674e-20)
(0.9899111462456442 -0.0135839248442531 -3.11609902800252e-20)
(1.461643558966644 -0.01668768972570609 4.512928138049435e-19)
(1.06052762201587 0.007578998378411194 -6.818103372623995e-20)
(1.368783899625674 0.09939305873545239 2.932934926124268e-19)
(1.054719846979228 0.006874647563058907 -1.878028560918938e-22)
(1.08127000749532 -0.01389795439852754 -5.025161527100278e-22)
(1.165442620328552 -0.2362536445437137 0)
(1.021872502402881 -0.01440548805559845 0)
(1.017236602604305 0.01755254766630646 -3.152687015614659e-20)
(1.384910880945738 0.3491148699666485 4.141318632814541e-19)
(1.097006393797065 -0.042217069900519 9.305479909215244e-20)
(1.045164534939435 0.2092039576113974 2.556086419357609e-19)
(1.126196385433757 -0.06126516431526808 1.147609354592955e-19)
(0.9220424285775681 0.005129161734006548 0)
(0.9754570840140171 0.01853706067984285 0)
(1.004146775225456 -0.04903446012191603 2.615730109942228e-21)
(1.010419994971016 -0.01290619969401534 7.443835453094189e-21)
(1.029928337395371 0.02604151894596199 1.407763926390003e-20)
(1.5311057138961 0.03764950913484434 3.287806734962559e-19)
(1.288766994173456 0.07227339577842241 5.462781722450493e-19)
(1.072369351234687 0.002999681071805241 -9.297275497057512e-20)
(1.200552758456438 -0.09276941608760408 0)
(1.033680628118356 0.001797934851252013 1.355208258275315e-19)
(1.164235377288849 0.02309120944684908 -3.246786701320186e-19)
(1.001425390491161 0.03227543954057061 0)
(0.9996267374054886 0.002033880730416721 0)
(1.044497920608116 -5.723032921382357e-05 7.681137259217059e-20)
(1.208786342899135 0.110686569841431 4.13108580502174e-19)
(1.011055992308773 0.006985472448133395 0)
(1.09219237821892 -0.07070535231799853 -1.049845584075055e-19)
(1.149561488298975 0.03831855089894622 0)
(1.210670593704872 0.09749772137526258 -1.951642805384533e-19)
(1.108032613320145 -0.02858991118405706 -7.625172904262641e-20)
(1.027367263450961 0.01160721832860534 0)
(1.085134918205532 -0.004658848760881132 0)
(1.019113399097134 0.02563201776343818 8.185860164165633e-20)
(1.071786323025313 0.05397142420941851 -9.42494139970618e-21)
(1.103822124130873 -0.004200516160695828 6.203030746650158e-20)
(1.111487449453721 -0.09637644952582669 1.525036048618891e-19)
(0.9612072632192676 0.002452090160425952 0)
(1.06627049934839 0.03116052666457213 3.877653102364345e-20)
(1.169184431005076 -0.07586410018097992 2.356045578740939e-19)
(1.051639065109851 0.04503608890042882 -2.928537749853357e-20)
(1.022473020391821 0.06714743765398687 3.760778511684875e-20)
(1.090493066337987 0.02608320758861058 0)
(1.01443340355906 0.01816164476269809 0)
(1.029002321182294 0.009434798502196445 7.914601749901289e-20)
(0.9487253276451976 -0.03377010064895317 0)
(1.052919604151363 -0.00569697061316681 -7.968449599489949e-21)
(1.34278645231224 0.06087073230179875 -1.598898327025641e-19)
(1.080039320859072 -0.01321448961989241 2.586638550803624e-20)
(0.7439862223056837 -0.001754786256913119 0)
(0.5550704951140707 0.1695655364338035 -8.503747762441763e-20)
(0.706084157404533 -0.002542100006940907 0)
(0.6989385626741367 0.01464310605634754 0)
(1.077650312206127 0.003611218338456962 -6.845720171046293e-22)
(0.9906383376015404 0.01452479898303456 0)
(1.278055175218568 0.1232721668795498 2.46830972947727e-19)
(1.012359271833325 -0.02781822337257421 -7.97751074274163e-21)
(1.043809965821507 0.02226151504524632 1.697396593510286e-21)
(1.058584643188727 -0.01166688421194113 0)
(1.126606915373415 -0.00915890385457914 -4.94428850869125e-20)
(1.261248703904979 0.141504038771803 -2.25550809818742e-19)
(1.089257861095984 -0.01124861096888066 -8.516750363129535e-20)
(1.069653242301436 0.0263429892471644 -1.110696509159271e-19)
(1.040701310635467 0.04672044418160944 6.812405982148546e-20)
(1.022463474488404 -0.003742187009326479 -3.447621494441702e-20)
(1.061074910106391 0.02349182874078766 6.137716599303083e-21)
(1.129610697934767 -0.004622962214287277 1.07248983822892e-20)
(1.040227627026643 -0.01537927330452637 -4.776441417662141e-22)
(1.087623995152155 0.0347740714034885 0)
(1.028136384660983 0.01342697303871657 0)
(0.7662841234380802 -0.05732994512366812 -1.823299547308495e-19)
(1.030141771999171 -0.001696218742811525 -6.980573739346788e-20)
(1.131657678787771 -0.005882358066663763 -1.297214848588299e-20)
(0.7034578105656617 0.006578235927480053 7.435157639248161e-20)
(1.174997481311621 0.02073666362895768 -1.904768647663788e-19)
(1.129864341393513 0.003600633259843808 5.352112488891273e-21)
(1.128969296553219 -0.01002209879119386 3.494670472154343e-20)
(1.000940722512436 -0.002935064255035617 -7.740442472083902e-20)
(1.09938281996858 -0.06896057179570347 0)
(0.9851881536378201 0.001290528787523855 0)
(1.057938927501167 0.007085207453974754 0)
(1.005226265667257 0.1877523340331741 -2.488389056180812e-19)
(0.7792935482268212 0.01240618996273027 0)
(0.8568408631594274 0.1003419461691775 -8.482004487818846e-20)
(0.07406754949071555 0.0401606403296904 -3.03832690807826e-19)
(1.173003406728727 -0.02941729099670456 -2.218492419953436e-20)
(0.6713337561815673 -0.007303866380374777 2.434468378085437e-20)
(1.170991035518903 -0.1027771687680107 6.932090448839127e-20)
(1.123058977857487 -0.006766057714874768 -5.922515849829482e-21)
(1.155898558540118 -0.04790861182553734 2.155836472016898e-20)
(0.1081959393198306 -0.2198252475446525 0)
(0.2524134408365512 0.08974466055124232 0)
(1.255336243687504 0.114329180567352 1.946233377354504e-19)
(1.021326541278669 0.01979631561771147 0)
(0.7378040743083267 -0.006301017294467822 0)
(1.075400981752283 -0.01184965569100142 2.70086912561575e-20)
(0.9749345288467857 0.002779476892553899 0)
(1.291358645338614 0.1331154766007637 -1.586258950464145e-19)
(1.057483306004914 0.01123323902331316 0)
(0.9937417992738896 -0.007573252106997322 0)
(1.065033993557323 0.008217970961931213 0)
(1.006157481195569 0.02080752860552265 1.739564017708047e-20)
(0.9327116910937615 0.01465940250209256 1.06269868009603e-20)
(1.17757459847575 -0.19980942771647 0)
(1.005195657765274 -0.005194075090903688 7.784592216323853e-20)
(1.059129765623714 0.00637297354911413 0)
(0.7746774370793924 -0.003295596782960784 0)
(1.216812635634173 0.02979936718113554 1.678991660175956e-20)
(0.7049798231683 0.001327870504033221 0)
(1.436618083338421 0.09005087183560044 -5.350124153658899e-20)
(0.9945567380777448 -0.006881424560694467 1.705010174151733e-20)
(1.273831729385046 -0.0004548258014899194 -2.917155262499295e-19)
(1.059616882636147 0.008838225830670093 1.399006611627391e-19)
(1.000907289025269 -0.01360003693130429 0)
(1.217636544861414 -0.1461368134192784 2.036071151989993e-19)
(0.7331954423595896 0.01379133087707858 0)
(1.098410781789888 -0.00512377477442414 0)
(1.151382568946546 0.06886524282316275 2.041511392358272e-20)
(1.007112638020088 -0.006940738510751339 -3.023274567431311e-20)
(1.119715350749764 0.05245668452103307 -1.767517426691772e-19)
(0.1019537966834566 -0.08304646436282634 0)
(1.071814591402446 0.03812320248874802 0)
(0.6616979838521717 -0.002929846897414286 -6.831048341314746e-22)
(1.0121529686677 -0.01941344587555967 9.79379762973023e-20)
(1.061459333160571 0.0006971552856036122 0)
(1.078093926201901 -0.1244095000874653 3.721386431594014e-19)
(1.002771066445858 -0.006218128894132183 -3.478213757415758e-21)
(1.002471042893939 -0.005359196463784223 7.709641936706601e-22)
(1.093920835350098 -0.009336186179285354 0)
(1.020666463480065 0.02056817632779813 -6.244858941136054e-20)
(1.10658525140237 -0.001606629588393241 6.716200453379657e-22)
(1.074221932086548 -0.01135632200475438 6.577463814939913e-20)
(1.085828084717036 0.02235705843726926 0)
(1.331788864943534 0.1658855858598166 0)
(1.001995933089475 0.0001010581947928067 4.415500441564726e-20)
(1.321543455698068 -0.1237817774299152 1.538368986944802e-19)
(0.05240927962411827 -0.1893215980563102 -2.557107369856291e-19)
(1.071328794238621 -0.005528109314338347 0)
(1.117265947724115 -0.0006990156461702756 1.21326962218012e-20)
(0.7268816395853435 0.01785126511270384 0)
(1.062907176182011 0.004740247426769605 0)
(0.8716742300098631 0.1670622105142351 4.77996504507517e-19)
(1.269427063655174 0.13318391134351 1.900880259527564e-19)
(0.6543327249917738 -0.003102047512337693 -6.306270801621417e-20)
(1.041696344237319 -0.00315139215507357 -7.068039036883965e-21)
(1.054788109377702 -0.0002874930173879031 6.641534755489622e-20)
(1.363405310339291 0.1256003271817571 6.824762527452062e-19)
(1.33398963114729 0.2525237114636437 0)
(1.060344136468129 0.0003054292388800712 0)
(0.9989606664836235 -0.007245230192818577 1.536421919470128e-20)
(0.993536967319895 -0.01088853341903109 5.315172622795175e-21)
(1.3818339693272 0.2004012240564449 4.233397950480224e-19)
(0.6817049788288779 0.0005448150619528788 9.851515199580195e-20)
(1.005568545234584 -0.002088986533069831 -5.973150876128842e-20)
(1.098149436088271 0.0130170138246984 2.544326689476977e-20)
(0.6694747231750576 0.005003926381397675 0)
(1.066090452496012 -0.01201209522206315 0)
(1.004923752015713 0.1489251138182316 -1.229120813335944e-19)
(1.089376001963082 -0.008682028400278973 -2.444302066412117e-20)
(0.9821278420447859 6.693853126043539e-06 3.279705036951881e-20)
(0.9912104840120836 0.006039602521646868 0)
(0.6383020443458824 -0.001099143216131574 0)
(0.9768272958243798 -0.001178808599325196 0)
(0.6421311642629148 -0.001496345844821341 2.687771214952321e-21)
(1.090504498463727 -0.05660139713823496 1.19472476979958e-19)
(1.113556209194525 -0.000653646834099749 1.223519460039419e-21)
(0.957937530860964 -0.0009123868738368495 3.910806814133818e-20)
(1.015880318635654 0.01015805368581935 1.685971040182155e-20)
(1.066470133039061 0.001332933221576987 -2.436857737593908e-21)
(0.6347039902356209 0.008866541735978613 -3.644260759057154e-20)
(1.003024865813063 0.008794743594621941 -9.243142336912789e-22)
(1.035477738683405 0.008784898046686822 5.236077939069057e-21)
(0.9874922999951951 -0.0127218029145676 0)
(0.6099982606593076 -0.0004931761364771195 0)
(1.068632505286796 0.02266057775551649 0)
(1.016927141963129 -0.01579933571807132 1.050424314469212e-20)
(1.02330286062516 -0.008494982821387017 0)
(0.9912405575988458 0.01429869884149113 -9.603493954466691e-21)
(1.011192537538684 0.001800363565649955 0)
(1.127516884928391 -0.002428204142622565 -1.153654718400608e-20)
(0.03989346775985132 -0.142735674832918 -4.186899703777931e-20)
(1.036382797259543 -0.01731599332956248 -6.807651633240205e-22)
(1.042055120894983 0.004591176658440134 0)
(1.081906193200035 0.06567365715911358 8.43681291524407e-20)
(0.9687544399979858 -0.00234420365410539 3.112459509866595e-20)
(1.020586971290293 0.01687005441300749 -2.374816868751644e-20)
(1.001545096041265 1.451116058399021e-05 2.498004989113576e-20)
(1.040431405799885 -0.006041348768970962 0)
(0.640893108761682 -0.004004542251473325 0)
(1.025798942938844 0.02454230924518332 -7.237830016746546e-20)
(1.082538014188786 -0.00364096469937198 4.805393577729921e-20)
(1.017065092816045 0.003771452442665364 0)
(0.9791791146871256 -0.002923613928298077 -1.94454723783311e-21)
(0.87208902322867 0.0196609397946014 -1.080862193186114e-20)
(1.014029836984184 0.002705185036927998 -1.013019726688864e-20)
(1.025810285684357 0.005043149128783233 1.829208623110671e-20)
(0.9827571133320822 0.004450054410259108 0)
(1.002386862144401 0.01092478602802915 3.512191609988795e-20)
(1.108182484529214 -0.001274984633655769 0)
(0.924655576529772 0.0003519087848993185 -3.217358924181712e-20)
(0.9597037828656376 0.004823856317270218 0)
(0.9163616445439219 0.2111206725200775 5.190123315154339e-20)
(1.010733715054965 0.06675414324453005 0)
(0.9930110544877506 0.004223608654134096 -2.278865002363155e-20)
(1.056815118719732 -0.0542202925791915 -2.884154659861308e-20)
(0.9913716497590159 0.0002426695584538969 3.391135669260593e-20)
(1.011929332495966 0.005024412271544531 0)
(0.9778932586838119 -3.801359753272045e-05 -3.159905156201701e-20)
(1.168694371643564 0.1025739651165356 -3.402391255997249e-19)
(1.069981875263791 -0.2652389934307488 0)
(0.9930649978513074 0.001391446134097445 -2.222914736428737e-20)
(0.978856372530582 0.004009490155226551 5.053587913462503e-21)
(0.9636596995849623 0.005838359781577626 1.008183500596037e-21)
(0.7459181378044453 -0.001060661062011843 0)
(1.121726609086745 -0.08202808941722571 0)
(1.00494286214625 0.004243948614302232 -2.208113433238175e-20)
(0.9028487555820133 0.008097025525796612 -9.648935912479443e-21)
(0.85485744754548 0.01486778204126144 3.558581557670432e-21)
(1.013717652894839 -0.001499241524250891 0)
(0.9503131997016813 0.006416845397367377 1.447307892368933e-20)
(1.005638644261587 -0.0002643095826165 -2.310080511623199e-20)
(1.020623954938291 -0.001282453387395948 -2.582790414060821e-20)
(1.113677559938323 -0.001696306560489186 -4.935863642810788e-21)
(1.119229243688684 0.0007828109184509463 0)
(1.014498343208537 -0.01035160316707824 0)
(1.020232458204143 0.002930369663515887 0)
(0.9437506676566276 -0.000128622400934665 -2.103800785489061e-20)
(1.017863597532237 0.0135924887311232 5.323022837771425e-20)
(1.081183569188893 -0.0001064913711340245 -2.219453088864323e-20)
(1.040020338032669 -0.004823127317544504 0)
(1.106150724096771 -0.005454122185119898 1.843450005224259e-21)
(0.9954119568942867 0.002704257133470095 -2.213744152377058e-20)
(0.9868231855692684 0.006183435726268773 0)
(1.011706971024122 0.003172325935692668 4.654884678955742e-20)
(1.367852611045176 -0.314619296076587 -1.134320946037107e-18)
(1.122888071129672 -0.04351021742774819 -1.08072794984733e-19)
(0.9654869925445895 0.002492732237857462 4.682191514946246e-20)
(0.7738420419541049 0.008529435431343543 -3.09648498959921e-20)
(1.221650631713161 0.05409856390932843 0)
(1.225487285456368 -0.1320964553705379 -1.461794287810543e-19)
(1.078228315725682 0.004025848252492453 0)
(1.008388496632798 0.001544259323112419 2.2470804782067e-20)
(-0.1674970780789332 -0.1293051847457716 0)
(0.9939666746964686 -0.004646319399399823 0)
(1.012452916562154 -0.02316901141740382 4.627895733017364e-20)
(0.7062529736670494 -0.01945546839599772 0)
(1.096790236390557 -0.0148215527807428 2.111620176608335e-21)
(1.043887466034981 -0.01215157298706204 1.808368632090419e-20)
(0.6331525878537086 0.004135591140272051 0)
(1.449776813935356 -0.1223798919519575 0)
(0.9867529365372625 0.001280295968131061 -1.083954336829193e-20)
(1.069815047345409 -0.01500550609132633 0)
(1.037950343961161 0.0003881082812590923 2.152430668790862e-20)
(1.082183007593241 0.006445480389271913 0)
(1.009869762319741 0.005390356359203152 -1.039628288656212e-21)
(1.005859534187562 0.002965423456552773 0)
(1.012628703711195 -0.01187027760513203 3.097043547563865e-22)
(1.003701823365544 -0.02086283816073301 0)
(1.034667999094214 0.003593471803965147 1.702016072840769e-20)
(-0.1850804960450475 0.03032127840270023 2.634569901965392e-19)
(0.8059915067085216 0.02381900961593559 5.225570411979861e-20)
(1.005738430892374 0.001859993485848827 0)
(1.132527745840747 0.01934184713706006 -1.159927222747612e-20)
(1.122721335758514 0.01719996858396979 8.323424871888729e-21)
(1.054451767299706 -0.0130307990334012 -1.276208831051457e-19)
(0.998785301741359 0.01034888080062746 1.304960127339593e-21)
(1.077317784713871 0.006325701466566898 0)
(1.186065619280793 0.05422906015733156 0)
(0.8354668710198562 -0.07670138489120687 4.587828630766496e-19)
(1.098475561074852 -0.003818183847350009 0)
(1.032966735752771 0.007348078306494961 -7.388901770087192e-21)
(1.042524855821798 0.005154440558031806 6.121342548521076e-21)
(1.055028194546649 -0.06144723844821016 -7.526177011906241e-21)
(1.139780359004978 -0.0006285140887810851 1.663299379628333e-19)
(1.085735582296072 -0.00867563612499867 0)
(0.9946913942382198 0.001252192227975221 0)
(0.9959136748039998 -0.02542883368477726 -2.295635704245695e-21)
(0.990437006913935 0.002789183313021186 0)
(1.030783994351768 -0.03877815225742351 6.359280623708729e-20)
(1.292412695246671 -0.09180070561460908 0)
(1.045219291326124 -0.009179243886636074 -2.374973107471885e-21)
(0.9861585087865382 0.01701405482503388 -8.462900179238162e-20)
(1.033560291351136 0.04088906941723154 -2.425183546308351e-21)
(-0.08531227966175373 0.1466723404558022 -1.642495828746339e-19)
(-0.06667848289863676 -0.3039119689140431 -1.377016900008833e-19)
(0.8894059513988145 0.1418852605230983 0)
(0.2952990326194448 -0.02397025220463219 -3.315812238950827e-19)
(1.007467850191699 -0.004798936106421054 -1.582388453770349e-20)
(1.063827472532819 0.002662626704513909 -2.118990319955141e-20)
(0.9917546776039272 -0.01854002282145804 2.934033924888915e-20)
(1.021081002091453 -0.03040199431140451 2.536188438784447e-21)
(1.009346074970283 -0.03240908069900097 -6.52825669849943e-20)
(0.9888087766101525 0.004807794303897803 -3.465892490346544e-20)
(0.9928651998949903 0.004841969786104817 0)
(1.025352005274218 -0.002190277126209465 -3.547622957170485e-21)
(1.939380472126759 -0.1554562765225346 1.079739235175567e-18)
(1.045044719645381 -0.002239932926293929 0)
(0.995239468809953 0.008384864029011337 1.556866903057662e-20)
(1.003031866927045 -0.0001644261337514906 4.070699326077258e-20)
(1.162128135049451 0.1375987910571072 0)
(0.9972080848095669 0.0001300904820787847 5.711480022055004e-21)
(0.9485710562493666 -0.002082558125494775 0)
(1.037835859562533 0.04177330728401803 0)
(1.309093551951655 0.1665305347998961 2.367268647767479e-19)
(1.086313764745741 -0.006085534251289205 2.272204011585898e-20)
(1.01829187817283 0.0303279319258728 4.695546502001776e-20)
(1.08803030731503 -0.008483492161521604 -2.193081107509441e-20)
(1.046109678419574 -0.003903053907318588 -6.035597915323075e-21)
(-0.3841707091857222 -0.04944194116772395 0)
(0.9988915831264596 0.01449799024571993 0)
(0.106512158513346 0.0569502848806635 -8.647309560281042e-20)
(1.007161009901007 0.02196097813375651 -4.175467519456279e-20)
(0.9942879978011565 -0.008872411095788965 0)
(1.001164504820113 0.005760141664077545 -5.041042716029369e-21)
(1.081669046575851 -0.04237422928619208 0)
(0.995078775013819 -0.01656899986828442 -7.741337762871316e-21)
(1.095889051791774 -0.05948763173009521 0)
(1.445074565106307 0.1792097935883518 0)
(1.054462269657524 -0.01214835343081479 0)
(0.9901835087093157 -0.02335719671091026 -3.940448074056962e-20)
(0.9956599677667934 -0.04843794333976423 -2.617966995595907e-21)
(1.015155946323151 -0.01766964597778514 -1.709941567363291e-20)
(0.9972387062560852 0.01662923962043384 -5.695233002141699e-20)
(0.9953306597316109 0.01066695709099589 -1.517273529776793e-20)
(0.9938967989228333 -0.02823787592535818 0)
(1.003228193340947 0.02442541960304691 1.972033349442639e-20)
(1.055647133671118 -0.0444295165537036 0)
(1.111325132591659 -0.03549318284901542 2.648895878783317e-19)
(0.9957496022264628 0.01713808756551104 4.689018906718265e-20)
(0.6150898727120058 -0.008673985654296857 0)
(1.134147996564542 0.1432035728039155 -5.080867111115485e-21)
(0.8606868640591092 -0.09904269763196868 0)
(1.137813981339717 0.07334032279778552 -2.673252621750924e-19)
(1.31739752648585 -0.3892170640348815 1.305184313168483e-19)
(1.071313445005906 0.06076411275748467 -1.285972186664557e-20)
(1.010107923399573 -0.03205069292512269 0)
(0.9562764651487821 -0.2165593618853393 0)
(0.5028266143786881 0.1449453524155593 0)
(1.015015963650692 0.008781796537486529 1.313263744293787e-21)
(0.6858823041266159 -0.03078693915787612 0)
(0.9993800659890965 0.01793567852203641 3.594697205236434e-20)
(1.024301991388862 -0.005389633663275715 -2.808376217619189e-20)
(1.079041786677083 -0.008109007145523458 2.811731646091566e-21)
(1.041816605451744 -0.01618468681071165 3.308993551008386e-20)
(1.042343181699498 0.01156925530645687 0)
(1.064936644685649 0.02694146626570806 -9.505413048247753e-21)
(1.049595053853076 0.03511457762357399 -1.838734865748759e-20)
(0.9827842185785951 -0.02263084354326392 0)
(0.6249376455843427 0.005108058888322419 9.177249975695572e-20)
(0.8941560432903279 -0.005878218681733275 -8.852536566101953e-20)
(0.9093804444292545 0.005327157845089419 1.445750775095828e-20)
(0.6295561805852509 -0.006400344602386438 1.404406067049455e-20)
(0.9791220345917639 0.00144165392718514 2.582728112829514e-20)
(1.004454464333189 -0.01746831638893563 -3.639581038348052e-20)
(0.9753264439621162 -0.03167624214600304 -3.55873039495104e-20)
(1.085513901217774 0.001608911541405475 0)
(1.020174197526337 0.004531414959835858 1.019821697978241e-20)
(1.132276739861452 0.0491016724022833 1.294297574047845e-19)
(1.032631487081497 0.04016912589667608 0)
(1.022420039319855 0.002534842840443627 0)
(1.586487295323271 -0.1669551241541661 4.430585895349237e-19)
(1.051277476401657 -0.0454979592712431 0)
(1.016578277489391 0.007602039431408808 -3.837704917241544e-20)
(1.085959056957562 0.001834208671912798 0)
(0.4812349080960946 -0.02995340345486634 0)
(-0.004243064812942813 0.02624752703707783 0)
(0.9907754888980533 -0.02445742636782886 1.212601266610599e-20)
(1.302379818295879 -0.09509912914990647 3.780203658159035e-19)
(1.03523783534497 0.03569051663888009 0)
(1.022224358700855 0.003387158106990659 -2.260012234459866e-20)
(0.9622917781146864 -0.1615410976222616 2.03754245957392e-21)
(1.254777340218778 0.07955575330721536 0)
(0.5967510287261801 0.7285103886059779 0)
(1.314547364540285 0.1514372549671049 1.117960419089271e-19)
(1.680154504700142 -0.02449796017309779 0)
(1.050311447990757 0.1074674615486308 0)
(0.7075181106444322 -0.02352960299149255 3.078168497467925e-21)
(1.051291921829322 0.04374364041533461 0)
(0.7426963493261354 0.1209742944248122 1.195418367471647e-19)
(0.9967597764043802 -0.01656763139633506 3.565432784823324e-19)
(1.035392702281904 -0.0426527453461683 2.790258902328915e-20)
(-0.3820776716681303 -0.003797984821609245 0)
(1.072022833396722 -0.01649070554264549 0)
(1.090725521219407 -0.004169583333151515 0)
(0.6493452644634876 -0.5053138791795539 -2.458579894965531e-19)
(0.9903759538428012 -0.001702349836191672 0)
(1.092289023565767 -0.02120681846550915 3.790511814911243e-22)
(1.186956802080292 0.1214623584254968 -1.98010369652952e-19)
(1.090762531345769 -0.04769464759822403 0)
(1.005922456597307 -0.02140658571817906 0)
(0.7960164205931121 -0.1774251318393104 -1.650043940746543e-19)
(0.8847844614504017 -0.1259381101291724 1.549856664068016e-19)
(1.028513727000912 0.01404465470367889 -2.271560935826676e-20)
(1.023105705136275 -0.008982065028096575 -4.662845690712574e-20)
(0.8800946086577217 0.0155803992908258 7.83417018872102e-23)
(1.507513686466707 -0.1933710537983746 0)
(1.305579217208596 0.1217269411556336 3.094825511098682e-20)
(1.244701092082507 -0.07305466515320623 -3.144245287893752e-21)
(1.095705527704718 -0.01841269727005394 -3.846762196147371e-20)
(1.037827170414523 -0.01111720151289836 2.429184147759316e-20)
(1.092840174508637 -0.03906336722428057 9.02857668719827e-20)
(1.031705059680805 0.02010440186483619 0)
(1.045174429768788 -0.03733798946082946 0)
(1.115952962750394 -0.008947786993076672 0)
(1.089254318545636 -0.03543325983254805 0)
(0.9980267545513569 0.01124874413401759 0)
(1.14739494213778 0.07993885884965078 9.588680814829709e-20)
(1.337921297796295 -0.1479052161481695 0)
(1.035076474040914 -0.02389078626805863 -1.99045616379826e-22)
(1.050710297643468 0.05003987249253615 0)
(1.010245283588703 0.01466178273343411 -3.992040474315143e-20)
(1.033949586002965 -0.007513449854310735 9.034160148981297e-21)
(1.088923669192815 0.01345984086121316 -3.287421271422778e-20)
(1.085573417882348 -0.02834871905543435 0)
(1.072084625906376 0.004967518918579769 0)
(1.109340451818391 0.094935140970655 -1.429467172300048e-18)
(0.9356945317145373 -0.1506520451862086 -7.051964048027486e-20)
(1.167050157025854 0.1110794761472231 1.12260963528111e-19)
(-0.4849040990529792 0.006397868877317189 -2.909159760817467e-19)
(1.018404523097807 0.02851514850363528 -8.933334536706407e-20)
(1.003998717586784 0.002980031829821698 0)
(-0.2874142469659579 0.02184383282414367 3.552874345233635e-19)
(-0.04618756721953246 0.2906165919171977 7.984593250438686e-21)
(0.9952231021441823 -0.006255569261465997 9.994054742169929e-20)
(0.1897510001105367 -0.04142362097969601 1.407698679835366e-19)
(1.088992483699806 0.08048061069036784 1.463470323505617e-20)
(0.09420185681118172 -0.1115697421208917 -5.553820598894142e-20)
(1.108182942732919 0.002972810206170164 0)
(1.105276869733476 0.2589457532260789 0)
(1.021580256740497 0.02155883156656257 -1.748566033430264e-20)
(1.071342133259365 0.05111677661332056 0)
(1.027127056393538 0.02551588511291747 -9.369880773502755e-21)
(1.264896696899967 -0.5496128659130225 8.077085538268381e-19)
(-0.11686470583946 -0.2095148618078411 2.215373954472231e-19)
(1.298972248910575 0.1188324684447963 -6.380298026771712e-19)
(1.121472985528502 -0.003754163082544278 0)
(1.12293602663837 0.09610137385265942 0)
(0.5295647510692267 0.08284508438426377 2.553041703366225e-19)
(1.023807430192529 -0.02061750885550307 9.264647596646845e-20)
(1.006420955878273 -0.02385590638500877 0)
(1.210098257910263 0.270486558317082 -9.466260345319481e-20)
(1.264192868551391 0.1388165718910786 -1.614662215663005e-19)
(1.026664023078927 0.003258037411572921 1.521886701268435e-20)
(1.302565770231507 -0.08464888009441665 -5.035463335780175e-19)
(0.2917774504137293 -0.01362244300296285 2.645290669183572e-19)
(0.824295145397111 -0.1444915694416408 6.637987599745825e-19)
(1.044477142361793 0.04934410053331798 1.058703138079004e-19)
(1.039524129844304 -0.001892104826006347 1.887724380532304e-21)
(1.001517446490165 0.01961009093093214 3.013926368666864e-20)
(1.066506494134274 -0.03680003860736713 0)
(1.034803272651372 -0.03849762277785999 -1.56695350051845e-19)
(1.018323105813932 0.03334484726759324 -4.787333709638565e-20)
(-0.0392791138779049 0.05218365730036087 -5.132698472837493e-19)
(1.011093521931732 -0.0584961359660129 0)
(0.9130169128564328 0.02158339957166776 0)
(1.088667859387726 -0.00354013370677485 0)
(1.372952770884279 0.2624645033080362 3.832730820696366e-19)
(1.703608632925247 0.105735710092397 1.346565421352148e-18)
(1.407770384409248 0.1580968206696108 0)
(1.03643090626937 0.02550922917076994 1.136131639737526e-20)
(0.3566952240631351 0.03636183783007035 3.535291048458339e-19)
(1.131468517666854 0.0126103073316031 0)
(1.087512286242327 -0.01353446832631439 2.939291740296318e-21)
(1.08647318708987 -0.02583941729914304 2.067663918785052e-22)
(1.130871225147967 0.09793795403174786 0)
(1.301595674015117 0.05874703955062724 0)
(1.039490003276904 0.001133381542609341 1.165176601197947e-20)
(-0.1504406145737359 -0.1314491124441018 -4.125529718438923e-19)
(1.331368012597896 -0.1435049394021186 -2.159762944896005e-19)
(1.067759584113823 -0.007455161357556912 0)
(1.013455500928425 0.01481266183401031 3.165241626658928e-20)
(1.158265285735022 -0.106534350561255 0)
(1.016733046999462 -0.01780036306790137 -1.106639378314363e-19)
(1.030735966249223 0.00836056157161927 0)
(1.515515166260703 0.09075792598388825 -2.883949526662863e-19)
(0.01692201166325309 0.07361164182360699 8.445719734985362e-19)
(1.095227980568665 0.0513905213552755 2.188827933011588e-20)
(1.092028464793678 0.07884119110962043 2.03150398364139e-19)
(1.009552396773645 0.008751271239799253 -6.296559512876955e-21)
(0.01241164942373885 -0.1136140969037577 -5.257266158574765e-20)
(0.0274010431385385 0.1115925234039385 3.460432035666057e-19)
(1.219151061855911 0.1380418739501364 -1.548818322951298e-19)
(1.102833559933532 0.07519148348680423 0)
(1.087670886305275 0.02576686931658406 1.700092346556208e-19)
(1.00704475474061 0.02216442383295615 1.649517187392154e-19)
(1.029588351390207 0.0006691028628382401 -3.692021654403799e-20)
(1.205813802491873 0.1450862967931683 2.460706993543551e-19)
(1.396980001014918 -0.1243657768310851 -2.017631598522802e-19)
(1.065636229541683 0.05025896871719991 -6.94724370671087e-20)
(0.9932586206030891 0.006710770754229839 0)
(1.085216641158038 0.0641024529136366 0)
(0.9820923272243564 0.006821874101591845 0)
(0.9929658362285606 0.005726710353093818 2.457592509949105e-20)
(0.4847916398260524 -0.06678248836636094 0)
(0.9918078819864026 0.00668531068652781 -1.587340587062392e-23)
(1.289805554333019 0.0819533549312557 0)
(1.007062142052628 0.003949945882621189 2.198803058977132e-20)
(0.8068894876246072 -0.1210076960368533 5.19591459882984e-20)
(1.092356096379384 -0.00818283150196869 -7.803880254840242e-21)
(0.9397516428662384 0.01660985892995007 -1.76228156077151e-20)
(1.434617239421724 -0.2779953626406543 -5.179194750816683e-19)
(1.128840891558065 -0.08958782065430762 4.640184624705346e-19)
(1.088741499615202 -0.02520132984765502 0)
(1.936576516935991 -0.4712538064656174 0)
(1.627581307012552 0.1920260258240628 0)
(0.9876874142679243 0.00317720466617867 -9.420844297671863e-21)
(0.857862503391205 0.7726438925160664 2.377374765040481e-19)
(-0.01738949648108562 0.1937764013387545 5.11823386522016e-19)
(1.039277771192724 0.003854722602188816 0)
(-0.206020707664648 -0.1230085233686762 2.225298182626573e-19)
(0.982863821019781 -0.003708687435639242 4.086808273350227e-20)
(1.179757864351975 0.161641206786449 -1.590656816733746e-20)
(1.044654587591672 -0.02195827012888012 5.764508880789151e-20)
(1.052988033267832 -0.1409727092723583 1.347948589290327e-19)
(1.134024021797655 0.006905125382719564 4.272379921778621e-21)
(1.101897299021258 -0.001444126236218186 0)
(1.3078321092991 0.5294651841940023 -5.991178499165744e-19)
(1.028008911605432 0.006295743425877858 -2.062859175038148e-20)
(-0.3392505750020055 -0.01343364927306304 -1.981953668084592e-19)
(0.6795275323866157 0.01844637673095819 0)
(1.088894135006039 -0.6992160630123793 -4.861055459107242e-20)
(1.309500821916396 0.08598090582986019 -1.094534511137736e-18)
(1.115230346703317 -0.1083691364820294 0)
(1.086499540111302 0.2783951335993757 0)
(0.9723821574664259 0.002719722027015134 -6.142686528821679e-19)
(1.066499468224326 0.003093112017715534 -4.04305345815947e-21)
(0.9246377492754153 -0.01215064718970547 0)
(1.090679078857633 0.03089234768364237 -1.75471061880448e-20)
(1.373236137956503 0.2200990593531301 -1.923687169477792e-19)
(0.732357272333043 0.09623518952383994 -1.053480723315553e-18)
(1.078902688451793 -0.000726216188483339 0)
(1.264465330171995 -0.05577478423783647 6.908062587378454e-20)
(1.00486609967958 -0.0004705672652647175 0)
(0.8503385967528162 -0.7764756272593001 -5.956983188444862e-22)
(1.082164628454361 -0.05189473965311499 -1.129975012366604e-19)
(0.8754819432437164 0.3237177100763403 2.952705139595817e-19)
(0.8194773677171173 -0.1912998328475481 0)
(1.031657051177438 -0.03582048735001608 0)
(1.05504239880257 -0.02839922632275572 0)
(1.003790439200912 -0.00340895337473481 0)
(0.98124837045379 0.006226812349254161 0)
(1.335838556233967 -0.2319966851534005 0)
(-0.08780763686982898 0.1165492051136977 2.484409029204952e-19)
(-0.03319672821912286 0.07853963677 -4.36809509036051e-20)
(0.2417174830510984 -0.1030201339969836 -4.421417741794204e-19)
(1.522056959405649 -0.4390076050686989 0)
(1.034614139462005 -0.01693536794321679 0)
(1.774318038069899 -0.7594370419806962 -2.362341969995369e-19)
(1.140092778753867 0.01300499473989264 6.546959194119095e-21)
(1.324669474567479 -0.08670907810590193 2.755600551510632e-19)
(1.106260366649366 0.707923638249881 1.479665326188975e-20)
(0.338158535478233 0.5918990980947501 -2.255813234586387e-19)
(0.6755737260051022 0.4574473546058905 -4.809796450094548e-19)
(1.052222197200326 -0.1460756451709603 -2.534817067956174e-20)
(1.22732362859317 -0.3606280319948582 0)
(-0.1154320103692291 0.2032428080162829 -6.915556004426276e-19)
(1.046293837691934 0.02328888223061176 0)
(1.111006812740144 0.03008770324145807 -1.486395207948656e-19)
(0.8133607642509594 0.894660291147823 0)
(1.075350644064983 0.03601483609109292 6.795830981590815e-21)
(0.2926128113200556 -0.06379588384711334 0)
(1.113830950425387 0.02766480664309337 2.312294557667655e-20)
(1.367937018312191 0.3241242414249619 -5.520759613373477e-19)
(1.075196646137201 -0.01181792275360802 -1.617150930848026e-19)
(1.468350970894988 0.160598187798571 -2.499636510746006e-19)
(1.329704146066716 0.4181435686652469 0)
(1.164715772156237 -0.2603190736266904 0)
(1.307504206808377 -0.1294145714711331 -1.194844536664944e-19)
(1.06688792703722 0.01621740932350486 -3.312660459010361e-20)
(1.060594007380834 -0.01207364327900011 0)
(0.7511002798846099 0.1507813398619231 -1.22172903869372e-19)
(0.7752739041543902 -0.5781225088584178 -5.584376964094769e-20)
(0.6666130373003427 0.2022893792422538 9.624020594394724e-19)
(0.998388241868017 0.131400983493176 3.619085002567075e-19)
(-0.00510676729385188 0.08753457241285832 0)
(0.5976161438779291 0.03319273477246925 -7.016766107348764e-19)
(1.059641121061883 -0.0399185684596964 -1.856338925435391e-21)
(0.6804994291831229 -0.1079776284996231 -2.673424316214804e-19)
(-0.003397146149688269 0.2289519540684725 -2.908167652838378e-19)
(1.18333787181281 -0.07519753892717292 0)
(0.4122885109066537 0.02042594797488034 0)
(0.1604292499582161 0.3703243029019914 0)
(1.436317000662981 -0.2551375262230712 0)
(0.2346208201391709 -0.3591356020967471 -6.377797193298395e-19)
(1.599222944619145 0.04111772348822969 -3.944304250432376e-19)
(1.026364731356046 -0.202541456714132 0)
(0.6919203339543001 0.02390969155962115 2.651764124732848e-19)
(1.025144782701396 -0.01082165437948635 3.433767727424874e-20)
(1.136992132997658 0.235522528541987 0)
(1.725335078280876 -0.1090057646975416 0)
(0.5818876425285811 -0.7382058065605324 -6.916268662991198e-20)
(1.275556755940383 -0.1034723327493508 -9.883593393056127e-20)
(1.406451113856415 -0.0804113136733163 -4.220309398514793e-19)
(1.481918885282086 -0.0614602421301438 3.587761899486756e-19)
(0.09465245412931066 0.09868742051164971 0)
(-0.1694842769867278 0.09595098051772669 2.634679192938166e-19)
(1.038713796490106 -0.06371034983507906 -3.927957027104116e-21)
(1.121017173431706 -0.1406285090992226 0)
(0.6413789459595074 -0.3577914431795657 5.17797738836146e-19)
(1.049334138507555 -0.06344290001080287 1.539233748148198e-20)
(0.846746993409234 -0.135168672203623 0)
(1.316943614359885 -0.1244492014350748 -9.372441993559208e-21)
(1.114596093729169 0.07940847459131006 -4.365107774613284e-20)
(1.090905734191326 -0.005058890481617412 0)
(1.125924577939884 0.5693025585784323 -1.092284368967866e-19)
(0.3428313078898793 -0.6005147298549564 0)
(1.060482315178688 -0.003392753454028552 2.844205070187899e-20)
(1.097404681882558 -0.004757329511430734 2.593989628132652e-19)
(0.07021109210068302 0.1757822493586927 -1.570027556213055e-19)
(1.179180576030262 1.000221243401988 -2.216323137227999e-19)
(1.370394997671093 -0.13699679813512 -8.990792090929762e-20)
(0.9215349121641712 0.1170084836982638 4.802199724738876e-20)
(0.9983307991755562 0.003569822586483445 1.085375167959163e-20)
(1.05230801395615 -0.1466618129032789 1.756857959438035e-20)
(1.510277881960164 -0.950148252614899 -5.282431604825416e-19)
(1.530752927490167 0.9490547296273092 2.349386123837865e-20)
(1.434656325012915 0.2297285291756221 3.507877698611491e-19)
(1.028850888185276 -0.007587602759190636 2.016690365302144e-19)
(1.035576958307147 -0.03311304600263733 1.711402443458399e-19)
(0.992747986777006 0.02200727226312293 -1.979477759246984e-20)
(1.057637330682298 0.03870512552963686 -1.415099021954252e-19)
(1.079446486251316 -0.06533104919891607 3.073256165385594e-20)
(1.433949130795681 -0.1292548467973308 3.318479053798004e-19)
(1.817086669232258 0.7477753194480562 1.865203727286851e-19)
(1.037947407678011 0.03140240626618256 1.08724883872815e-20)
(1.071954013730098 0.01429451292478811 -1.032415050595305e-19)
(1.983611709604513 0.4777930248330591 5.321800788534343e-19)
(1.924740709243628 0.1612600723943387 9.244307902776569e-19)
(1.079713971321022 0.637501261442592 -9.476497509833544e-20)
(1.10866299345147 0.1713760035951569 0)
(1.044100304302308 0.02314509473406939 0)
(0.5100639042673945 0.4376168280701939 1.17365370392237e-18)
(1.377552128920466 -0.2986910467731732 1.905748542583446e-19)
(1.198115136691485 -0.1513404410690117 0)
(1.630785020801583 0.236142781885769 -6.123098116613219e-20)
(0.7951602202848054 -0.1421929299196532 -1.198462701553931e-19)
(1.328678163779767 -0.2089707388659716 -9.193219174255979e-20)
(1.248413447418669 0.3892392004575804 1.40960269296353e-19)
(0.4926410226881559 0.1945010641930088 -5.626519764392179e-19)
(1.685245486110093 -0.01860687893486698 3.256385814773498e-20)
(0.8570989396565957 -0.5461440310132164 2.143564447075451e-19)
(0.9994698108624692 0.02319360501282459 0)
(1.615161107059996 -0.1831885407558982 -3.045989066194668e-19)
(1.089574802882811 0.1005105233221989 0)
(1.337194496942222 0.5802396642860038 0)
(0.9433237074414561 -0.4151739704567787 -2.754927925721668e-20)
(1.248431413397747 -0.02379360718150731 0)
(1.038615815318091 -0.003789081817634242 -1.217347896536111e-19)
(0.7400471438252993 0.1164414347911219 3.173216129882738e-19)
(1.325799938853633 -0.5824015592568266 -5.655336699319582e-19)
(1.053448291711827 -0.6343806811164747 1.317416152810432e-20)
(0.3519088275944252 -0.3798264004192997 -8.782717967515107e-20)
(1.007462425359115 -0.09645685221400917 0)
(0.4457741253565096 0.3004685999659655 1.688217147006781e-18)
(0.3187677908191013 0.07118849455280944 0)
(1.307506720874013 -0.1268099490556376 8.00112549221103e-20)
(1.58037937565426 0.193902276597816 0)
(1.165243250355431 0.4461254642198944 1.30437072536298e-19)
(1.052603184367325 0.1524993556452497 -6.983565855758645e-20)
(1.031769728894531 0.004605344475471232 -1.943859111190059e-19)
(0.9557760925989945 0.408207647697088 0)
(1.164251865781038 -1.012455255599689 5.933089296957753e-20)
(0.891166795464452 0.008484640084316979 0)
(1.067917396266182 0.3781701663457837 0)
(1.064108719398864 0.03109145647522984 -4.939395230160718e-21)
(1.474992720117738 -0.2993477361250542 0)
(1.244977643195897 -0.1848757639206696 -3.018238805312051e-19)
(0.02823021327479387 0.01723739733453971 -1.781892495220032e-19)
(0.2390438695062852 0.01627053980134171 8.855905607799587e-19)
(0.9813912584615273 -0.09965869924991615 0)
(0.4714434925776673 0.6454147274778811 -2.564830273249059e-19)
(0.9174148494291328 0.02895777367552469 0)
(1.535470822015828 0.4146440379885766 5.436710992543914e-19)
(0.4985697250712582 0.1778011673149323 -6.441931888811989e-19)
(0.002947265322933042 0.2080087835079016 0)
(-0.432935459637929 -0.03780097434588829 0)
(1.032468540491652 -2.338352611555919e-05 1.225259416664908e-20)
(1.661297283265054 -0.2261759281872536 -1.113099752663934e-18)
(1.111012117323545 -0.5642762705769845 2.430440798604748e-19)
(0.7810947725302659 0.3317659643117528 -8.802119487323763e-19)
(0.9384264261222474 0.157448028318786 1.520177133710343e-19)
(1.044011948687505 -0.003748629547671595 0)
(-0.3014880151446461 -0.1373375964159927 4.206298020113607e-19)
(1.033231542697403 0.04661867694881203 0)
(1.187977827563131 -0.232538964057168 0)
(1.558317821859586 -0.1847919946105484 5.01080303977848e-19)
(1.120421952195299 0.07550936241555842 -7.537038828293167e-20)
(1.058814217276388 -0.1312558636888997 7.667503600750894e-20)
(-0.02596182334505135 0.09470079936349729 3.412312139696065e-19)
(-0.08036713052171857 -0.1374570287321435 2.353452574765685e-19)
(1.081796071760488 0.2197145769386837 0)
(1.094155731325416 0.05886701085076449 2.155347512299463e-19)
(1.498770841065181 0.291215246039431 -3.71424577980781e-19)
(1.324979027390808 -0.488249101804542 2.397546784385358e-19)
(1.158921877577544 -0.1479981884463425 0)
(1.120290649301475 0.1503209942946887 0)
(0.5276247804892117 -0.6919523301260379 4.099803876396971e-19)
(1.31220717852841 -0.03653782446546019 -2.910154076018339e-19)
(1.020059762439457 0.110840710486903 2.651683596994506e-19)
(0.3129725867452323 0.3534304017001548 -8.946064656988365e-19)
(1.039598529732083 0.114743815428977 -4.315661055087787e-19)
(1.038270411586657 -0.3974379581456003 -4.274428472332664e-20)
(1.457823942355633 0.1097217241488353 -6.432577234887574e-19)
(0.7812273748932783 -0.8871391867405031 0)
(1.056852925745529 -0.03056313136173129 0)
(1.136698970099085 0.182168649735815 0)
(1.613635015351996 -0.0385891211783831 0)
(0.8135036190454892 0.5918447684157746 -2.108969745232899e-20)
(1.494660002038589 -0.3576736922041109 4.596151315454179e-19)
(1.538357363667997 0.1475174682392483 0)
(1.137590742667488 -0.4602893367109678 -1.706586660672636e-19)
(1.458672790570231 0.3433601920169778 -3.50558710320057e-19)
(1.009981163963979 0.02753394414356959 0)
(0.2024577527204957 0.008907607021169309 -2.358679635405966e-19)
(1.33419458882079 0.5094501181244924 0)
(0.9779099281322238 0.008506967238440469 -4.034518101367793e-20)
(0.7639074118752823 -0.3029944389767456 -2.051638274495475e-19)
(0.508612210869022 -0.0844150725751176 7.871576620639985e-19)
(0.2144628565544182 0.08381026527824906 3.451198600350915e-19)
(1.062525884579087 -0.1390336394223127 0)
(0.056545387968058 -0.01564721629190699 0)
(0.344499181010409 0.03797012572312459 -3.026901920466652e-19)
(1.006181931039955 0.01708088766016491 0)
(1.451071275066775 -0.005671921392718559 0)
(1.007758357748069 0.02811871275457215 0)
(0.4693165040035288 -0.2764921336580082 -1.002598097945273e-18)
(1.048607526796344 0.08831108377659093 0)
(1.521563062914524 0.04291830174742221 0)
(0.2214873179278569 0.1410984927175084 5.528157990243659e-19)
(0.8805060862739142 -0.3240802699600976 0)
(1.364509878983905 0.05422772913787477 2.652357005054283e-19)
(1.236552405682107 0.2046067126994103 2.017019298557928e-20)
(0.8968761675050748 0.5520837898812636 1.598055525817743e-20)
(1.033273199337415 0.09869562423602266 5.203553919725657e-20)
(1.032780808626399 -0.1496789488784355 0)
(1.365758671919207 -0.02052415978741332 0)
(1.294471971455444 -0.1167738446717618 0)
(0.624648661112005 -0.04237170059595537 -1.362853902831673e-19)
)
;

boundaryField
{
    FrontBack
    {
        type            empty;
    }
    Top
    {
        type            noSlip;
    }
    In
    {
        type            fixedValue;
        value           uniform (1 0 0);
    }
    Bottom
    {
        type            noSlip;
    }
    Out
    {
        type            zeroGradient;
    }
    circle
    {
        type            noSlip;
    }
}


// ************************************************************************* //
