/*--------------------------------*- C++ -*----------------------------------*\
| =========                 |                                                 |
| \\      /  F ield         | OpenFOAM: The Open Source CFD Toolbox           |
|  \\    /   O peration     | Version:  2412                                  |
|   \\  /    A nd           | Website:  www.openfoam.com                      |
|    \\/     M anipulation  |                                                 |
\*---------------------------------------------------------------------------*/
FoamFile
{
    version     2.0;
    format      ascii;
    arch        "LSB;label=32;scalar=64";
    class       volVectorField;
    location    "958.5";
    object      U;
}
// * * * * * * * * * * * * * * * * * * * * * * * * * * * * * * * * * * * * * //

dimensions      [0 1 -1 0 0 0 0];

internalField   nonuniform List<vector> 
808
(
(0.7562597230035101 -0.01750164799808549 0)
(1.031533689848629 -0.01262614179764546 0)
(1.111519458925777 -0.006520707098767464 -1.742026131455637e-20)
(1.085120078836492 0.01260250266377777 0)
(1.364414123108375 0.01449588928204355 -3.86523202207811e-19)
(1.038748366000295 -0.009367831654007605 -7.256391682794918e-20)
(1.014081745688384 -0.02112302605346285 -2.389430907275613e-20)
(1.079119558078137 -0.00541740989037421 9.040666330800891e-21)
(1.254830845025585 -0.0202848099496585 6.313635379354692e-20)
(1.085092163598734 0.01026627054558353 0)
(1.009842651639481 -0.007774109886997307 0)
(1.306491983894973 -0.05341840533097883 -3.514433177532627e-19)
(1.086249291964586 -0.00200812070751789 2.040490296701254e-20)
(0.6751938027879473 0.006367091460210377 0)
(1.278831707524698 -0.1143326490209722 0)
(1.081500059405424 -0.000276942474013827 -3.849578513201572e-20)
(1.226113652436591 -0.1432719000197112 -9.500964645610346e-20)
(1.073960878477077 -0.0001349926482031352 3.192959460524257e-20)
(0.9908370372920785 0.003552003363235409 0)
(1.026351019144553 0.009683275127362681 0)
(1.033687673162123 -0.01057445813292667 0)
(0.9875166749934123 0.04463677582427512 0)
(1.051124475870796 -0.005926787929866715 5.653070463041257e-20)
(1.05361251824452 0.009253661625311854 0)
(0.9327535152589291 0.1972338955809366 4.59555296520771e-19)
(1.164867277768071 -0.08451051204557804 0)
(1.1861527545005 -0.01879018011642882 1.566868952338226e-19)
(1.077387669143437 0.009546480123947661 5.210878807712366e-20)
(1.083664807634896 0.002308888676891662 5.086021896321053e-21)
(1.071773252962062 0.03088146313634423 0)
(1.075320539279679 0.002814696356575572 -1.177641883772609e-20)
(1.033052918862908 0.006864822969114544 -1.924030197045152e-19)
(1.059991289427044 0.01467412273083088 -2.364612991294705e-20)
(1.088973965207402 0.00560317487209383 -2.934475696783974e-20)
(1.120955603873919 0.03917955083351814 0)
(0.7550718743381922 -0.1237590750595755 -4.542058353460372e-19)
(0.9548043988824136 -0.00587076858790405 0)
(1.068793732701263 0.02224154536751232 0)
(1.06880329183699 0.007300277891127312 0)
(1.073724374007879 0.008907376205978229 -2.829724431270206e-20)
(1.092684994807965 0.02462996878526492 1.101142941017474e-19)
(1.151065276442619 0.003562399958957334 2.15710501413765e-19)
(1.096007758665835 -0.002261159231803543 0)
(1.015440644258067 -0.009097887818475711 0)
(1.133340212454795 -0.09345240495726512 -1.623739237023683e-19)
(1.044094162026701 -0.01159867646805658 -8.132240961448901e-20)
(1.05812147799941 0.0266221120946176 -2.740332654630753e-20)
(1.231564415413582 -0.112307473600946 -5.591461796659847e-20)
(1.06755701934257 0.01206546451546361 -4.171481051078263e-20)
(1.258459890053651 0.0172282091291673 0)
(0.9964741753842854 -0.01918443801694522 2.169318596404453e-21)
(1.044716305246206 -0.001885787413361969 0)
(1.087611789560444 -0.002064797099932179 0)
(0.9994731585658311 0.007104166862882027 -1.842802651730361e-20)
(1.250416617897826 0.03411054388429968 -2.351303005776575e-19)
(1.06350600158697 0.01807991640848654 6.017692935177978e-20)
(0.9920956214029517 0.01027020471013422 0)
(1.018963770606299 -0.006641126849727608 2.422841487752788e-20)
(1.107589233710264 -0.0003385808420458374 -1.181249710731203e-19)
(1.061088938112201 0.03106701200537196 0)
(-0.08856111047369772 0.009481031238988025 7.567186226517866e-20)
(1.155144790586475 -0.0518454408723857 -1.887558635548328e-19)
(1.006926771826593 -0.006111186404918967 -2.660992991966806e-20)
(1.186791682144906 0.06969780861807949 -1.226438904790069e-19)
(0.9977477148827955 -0.00930064774746947 3.058423768892456e-20)
(1.084331626931671 -0.005477659169635095 0)
(1.248861600394527 0.09747292477768195 0)
(0.6960810659240453 0.003185245829719734 -7.450155376362042e-20)
(0.988821531017698 -0.01355272345249156 -3.186675634818694e-20)
(1.460844776842983 -0.01866850680274192 4.451488953688988e-19)
(1.060472270820589 0.007610366994609906 -6.666508292345426e-20)
(1.36879513093326 0.09585933074967591 2.880064933099698e-19)
(1.054790479184333 0.006879788176567169 -1.937038946836385e-22)
(1.081110451788165 -0.01385538128749891 -3.41034964259647e-22)
(1.165170164861408 -0.236457074288114 0)
(1.021734505984343 -0.0148751251970952 0)
(1.016960718309447 0.01788743946779126 -3.071594535169407e-20)
(1.385464778642102 0.3484498877179136 4.179870864441791e-19)
(1.097285624098512 -0.04246903484215441 9.468428019671559e-20)
(1.045482298562602 0.2093582183680362 2.4938815538393e-19)
(1.124857496045655 -0.06016016783354052 1.161450747956218e-19)
(0.9219391798866856 0.005137408123855603 0)
(0.9753414449701748 0.01850757106634392 0)
(1.004091900257847 -0.04885225652324694 2.880381746191932e-21)
(1.009863811566414 -0.01327960268191968 7.683182837760819e-21)
(1.029874924357415 0.02672794776383674 1.37966439677798e-20)
(1.530122142913655 0.03532420962902182 3.24762134266993e-19)
(1.288836071868212 0.07117342189422503 5.54812324529208e-19)
(1.072308227292522 0.003114411808259335 -9.05801400083451e-20)
(1.197129327941077 -0.09233788862201038 0)
(1.033725774406099 0.001931617137084895 1.322682367936467e-19)
(1.165284133339922 0.0222792679514378 -3.189122499242997e-19)
(1.001447885514085 0.03237712538491918 0)
(0.9996259839288536 0.002032425250535477 0)
(1.044458049993163 7.25561079157193e-05 7.843648352030944e-20)
(1.214767324774892 0.1115281422780665 4.143138074749494e-19)
(1.011092326912958 0.006990973344623445 0)
(1.092115547412745 -0.06845703572615879 -1.054935020106618e-19)
(1.151005280068539 0.0378695349896328 0)
(1.215142899579578 0.09573228990650094 -1.945732418722211e-19)
(1.108196290060718 -0.02881180827157317 -7.737538250999749e-20)
(1.027223261916944 0.01184185180853624 0)
(1.085008225903693 -0.004604186520327814 0)
(1.01888813890414 0.02621733994348544 8.013723446578876e-20)
(1.071737175846726 0.0560119918541122 -9.606014536648392e-21)
(1.103824371850407 -0.004128736039050435 6.319275755953912e-20)
(1.110933577035665 -0.0930554329875892 1.496527372096887e-19)
(0.9637989333613396 0.004804688966538389 0)
(1.065969988984512 0.03114098690047352 3.780716660790091e-20)
(1.169126100150148 -0.07652451728952453 2.306894705495415e-19)
(1.051202480278442 0.04666563717479401 -2.890666169761314e-20)
(1.022660137523162 0.06743436119597056 3.709925483437264e-20)
(1.090209401190775 0.02602044769938463 0)
(1.017628322387881 0.01657656118687522 0)
(1.02900124507364 0.009386761459722431 7.867606386695842e-20)
(0.9486192612634582 -0.03336659206591499 0)
(1.052725073129163 -0.005544686718270888 -7.683830152665846e-21)
(1.342931065883492 0.05810173493192881 -1.567381075417589e-19)
(1.079885191051216 -0.01312090879390973 2.639974732381293e-20)
(0.7439473239232639 -0.001724264243873885 0)
(0.589365086957337 0.1928068954279383 -1.047498742499341e-19)
(0.7062094876574749 -0.002509557540721932 0)
(0.6987660610762916 0.01462366367387512 0)
(1.077642467216227 0.003675007872183963 -6.653721562686535e-22)
(0.9906496026232969 0.01451673065672185 0)
(1.278255309233604 0.1225267679574767 2.508047799208991e-19)
(1.012315148512703 -0.02781700380402788 -7.686399395512294e-21)
(1.046114033811127 0.01919732057545055 1.717131912764811e-21)
(1.058702557555308 -0.01176197568394693 0)
(1.126652058073559 -0.009108688393271475 -5.036923289037162e-20)
(1.270828101062847 0.1373507273723834 -2.294371186339275e-19)
(1.089347786654355 -0.01109684606796373 -8.597706143378532e-20)
(1.070227965381355 0.02683252900234094 -1.091600533139526e-19)
(1.040803749343122 0.0467585236763703 7.101869025417435e-20)
(1.022622466817094 -0.003758005059718852 -3.467670746595753e-20)
(1.060847122253928 0.02356945423673947 5.918446429263778e-21)
(1.133642577227991 0.001294636212699416 1.04655289296434e-20)
(1.039106642601971 -0.01551364627730091 -4.819124845448237e-22)
(1.087391520399867 0.03471955725663691 0)
(1.028039074732739 0.01369018616120705 0)
(0.7685983163850513 -0.06903668259983935 -1.806066820866241e-19)
(1.030216138436096 -0.001626924214970312 -6.763387271741325e-20)
(1.12945831537024 -0.005279366615150814 -1.256453142315704e-20)
(0.7034173874208416 0.006574145916583276 7.26984731404214e-20)
(1.174707851844583 0.02008550442178645 -1.937957999077131e-19)
(1.136216193608074 0.007505560018677923 5.028852562376219e-21)
(1.128974830672522 -0.01001337814307379 3.431178760884554e-20)
(1.000936107002342 -0.002941125047656606 -7.237861007635621e-20)
(1.103231847456361 -0.06378564560540956 0)
(0.9882144035146436 0.004881713807747727 0)
(1.057829667678027 0.007052079631622674 0)
(1.00541503097201 0.1880026846345267 -2.435011717994089e-19)
(0.7791684084579745 0.01242329811039073 0)
(0.8569288623712411 0.1006879526952513 -8.367236314646679e-20)
(0.07929036838467364 0.03591291681535518 -2.978421475705494e-19)
(1.171968665370773 -0.03003215854367872 -2.254429869074869e-20)
(0.67131347630756 -0.007303019218656442 2.445314018548103e-20)
(1.168666485260151 -0.09991978255160877 6.874277560927414e-20)
(1.123301293721054 -0.003539665512179895 -5.729673120267975e-21)
(1.154477514288032 -0.0480315049918717 2.190743457150896e-20)
(0.09897181903709885 -0.2204621457388938 0)
(0.2382048490143939 0.0758127618990484 0)
(1.260888233162895 0.1102940577038168 1.906323574366192e-19)
(1.02108904123687 0.01979162119981034 0)
(0.7378386073905396 -0.006253102315063355 0)
(1.075300282647589 -0.01155567981409238 2.728842424966145e-20)
(0.9747551747435371 0.002829805562537899 0)
(1.297663844400253 0.1269468960385877 -1.55448978277053e-19)
(1.057414876989092 0.01105721117721584 0)
(0.9936624558216662 -0.006955688475268529 0)
(1.065025042038215 0.008339424039893462 0)
(1.006190359514542 0.020849719418935 1.952228820447285e-20)
(0.9383616427197806 0.01585212322655078 1.165600214006459e-20)
(1.177346133051474 -0.2000460651637685 0)
(1.00519290087108 -0.005180276159682216 7.941385685467151e-20)
(1.059139205129415 0.006416110830353797 0)
(0.7746603357903651 -0.003277955931724553 0)
(1.218262651416212 0.02831648178077532 1.650291089858792e-20)
(0.7049458182997947 0.001358394193907018 0)
(1.435948083920182 0.08650085853900945 -5.217355892673778e-20)
(0.9952574347724983 -0.006012980149080253 1.699780080344258e-20)
(1.273145559681751 -0.001934183719947143 -2.961364699639066e-19)
(1.059511568587418 0.009006936621172915 1.36299224009196e-19)
(1.000911750143653 -0.01355840699508996 0)
(1.212087117210957 -0.1405722106579355 2.048649835412745e-19)
(0.7331891202334899 0.01378649184428863 0)
(1.098526609786303 -0.004982000610084161 0)
(1.154264472071063 0.06933584306171595 1.958782580711598e-20)
(1.006839714739042 -0.006446943019465523 -3.037188507085472e-20)
(1.121463350493555 0.05314190162633321 -1.748056895615903e-19)
(0.1008218957867904 -0.09014846011554019 0)
(1.072336899481878 0.0392410795138246 0)
(0.6617826198406136 -0.002903484818391121 -5.807977813585579e-22)
(1.012156652300567 -0.01941793167607798 9.418608952872236e-20)
(1.061306447646365 0.0008250794394410298 0)
(1.074988182327298 -0.1301394154027301 3.724082505340649e-19)
(1.002830349955013 -0.006173237804896641 -3.374766369049263e-21)
(1.003243579402872 -0.004883974750441197 7.440812960470345e-22)
(1.093939382204853 -0.009285761477320359 0)
(1.020683326093108 0.02052952955638529 -6.442679725826616e-20)
(1.106545486119846 -0.00156660082482175 6.52785273321703e-22)
(1.074619223710633 -0.01118501836457592 6.639426000952357e-20)
(1.085733377110312 0.02222844203397233 0)
(1.330027497724503 0.159844889204427 0)
(1.002026864552451 0.0002871961452057788 4.414194322903049e-20)
(1.318889282182156 -0.127929353811686 1.573375019752006e-19)
(0.0303084803088363 -0.1840930475859097 -2.414250420485916e-19)
(1.071191827013304 -0.005395380448803848 0)
(1.113372145492752 -0.004840331921749735 1.174978569838887e-20)
(0.7267520359766099 0.01780453649126916 0)
(1.060323700333833 0.009980516767204945 0)
(0.866317008022127 0.1637464026061025 4.665563787433004e-19)
(1.278722951047091 0.1323706250212384 1.932753933674177e-19)
(0.6543360800961748 -0.003096389205429291 -6.441278558033641e-20)
(1.040027850389632 0.003351013273521933 -6.431931662257219e-21)
(1.054730167905534 -0.0002385246658414279 6.536735803334346e-20)
(1.364391537301744 0.1204824783061319 6.679776773314553e-19)
(1.334453215784347 0.2519078213863176 0)
(1.059751516499857 0.004939864973397946 0)
(1.000680306334916 -0.005339903943634266 1.455145921248368e-20)
(0.9927459513285902 -0.005325203684004088 4.815437008175405e-21)
(1.38229231050144 0.1995904088025814 4.276257792370197e-19)
(0.6818288709966845 0.000465907458121239 9.925525541778007e-20)
(1.005630178643479 -0.002191228750489725 -6.004815030027411e-20)
(1.098236593054981 0.01309462035103843 2.557157453215178e-20)
(0.6694595885452946 0.004966629162713565 0)
(1.066089931652377 -0.01201471303593874 0)
(1.017511029287926 0.1517336564202382 -1.372104210321142e-19)
(1.092131671230047 -0.006136255162215431 -2.531595211235688e-20)
(0.9820492140019079 8.133016052752132e-05 3.296006253820802e-20)
(0.9912114275901799 0.006026196496478976 0)
(0.6381992959958241 -0.00107092061239394 0)
(0.9767215707761396 -0.001188971631225467 0)
(0.6421254083192072 -0.001448916211004831 2.6457855649332e-21)
(1.089616871363486 -0.05532125563624816 1.201232205048519e-19)
(1.112071872016308 -0.003738498352407984 1.163670126689858e-21)
(0.9579090004263274 -0.000869864778384744 3.889576321958648e-20)
(1.01682310393087 0.0100329892828489 1.731271618192602e-20)
(1.067037379607377 0.002532154287808396 -2.548647124581305e-21)
(0.6347162699840366 0.008877155356646165 -3.624477496985342e-20)
(1.005509012088221 0.008524738891234935 -7.772861951064766e-22)
(1.037059050884789 0.006485767490454154 5.424073858544042e-21)
(0.9859785657231893 -0.009671557032945763 0)
(0.6099480419190391 -0.0004644425842366185 0)
(1.068829458635956 0.02250917645633453 0)
(1.016839934898403 -0.01663222316996471 1.033997111116982e-20)
(1.023800160288647 -0.009943169388814302 0)
(0.9921459172555067 0.01343796345825509 -9.893764650088239e-21)
(1.009363083936792 0.001077003437642406 0)
(1.131889191750177 0.002786130934635608 -1.15929823622683e-20)
(0.03593691253003704 -0.1438197163942094 -3.814582015319242e-20)
(1.035052799800272 -0.01858438120920716 -5.870466019453975e-22)
(1.041152126933326 0.004891003577032171 0)
(1.081332377728184 0.06925510493293555 8.46791330987123e-20)
(0.9673010239357683 -0.002184045260183287 3.108577932702615e-20)
(1.020226882161351 0.01667256564511586 -2.304000415227653e-20)
(1.002772719476319 -0.002546079431978172 2.445643578150576e-20)
(1.039200092823853 -0.007878826527700243 0)
(0.6408828793604648 -0.004058754492690888 0)
(1.0258444852934 0.02453556567981123 -7.573579808470963e-20)
(1.087492896386334 -0.00585001540487781 4.978616059058604e-20)
(1.015432365313494 0.007020209424856931 0)
(0.9793250008270337 -0.00139831554037308 -1.955352225390505e-21)
(0.8599103614709226 0.01002683288470469 -9.144013316220273e-21)
(1.014017455500077 0.002567469367341072 -9.719648192205177e-21)
(1.022712064205214 0.005541853033711888 1.881626112636971e-20)
(0.984610997240431 0.004430683061136807 0)
(1.005065352529155 0.01206497254292145 3.359544328651256e-20)
(1.110833375400008 0.0005758305441227472 0)
(0.9293237730472576 0.008038493117687052 -3.086848839307441e-20)
(0.9553887020352315 -0.0005816012195468891 0)
(0.908133011324986 0.2056486713357434 5.0380498123917e-20)
(1.010891094277812 0.06699033168855174 0)
(0.992031058928098 0.004938230437379678 -2.266281580612951e-20)
(1.059289859711558 -0.05171121150168306 -2.868239299875668e-20)
(0.9930717645654171 0.0008978055697851524 3.285475308895448e-20)
(1.008992391400533 0.007179171677724795 0)
(0.9788521548232518 0.0008267285272886341 -3.047578414105256e-20)
(1.173903582975438 0.1049342925142228 -3.432476613902411e-19)
(1.069702291585671 -0.2652602209723562 0)
(0.9933302941575642 0.000443360710013798 -2.264899561688531e-20)
(0.9738802155200613 0.0009276211084309421 4.904101201187773e-21)
(0.963024522475377 0.002621494856170342 9.935692205677292e-22)
(0.7459353461474714 -0.001045329023815786 0)
(1.124143011774809 -0.07569370145181183 0)
(1.002682729925491 0.002336417602271055 -2.2693508101317e-20)
(0.9093233303083221 0.01315510552655188 -1.005101039746093e-20)
(0.8463774310338211 0.002522333055019417 2.484393483549159e-21)
(1.014209053418409 -0.008525996170399107 0)
(0.9580313202426208 0.01296429818483351 1.41213979881502e-20)
(1.0055484734852 -0.0002320070897846777 -2.273358008668241e-20)
(1.023890989611889 -0.003579303313066412 -2.527931835482284e-20)
(1.11510562450294 -0.001454511993739542 -4.933644378101356e-21)
(1.119116460228668 -0.00144908618624736 0)
(1.012316621987138 -0.00799326858485901 0)
(1.020009042608831 -0.0005886474623625778 0)
(0.9416299627884772 0.000621608770269996 -1.985313915273401e-20)
(1.017851231657362 0.01359902806208661 5.470661016799803e-20)
(1.086492034066591 -0.00619040533381448 -2.302298019052877e-20)
(1.040366140480865 -0.008776750335286665 0)
(1.1079827786082 -0.002872817118031076 1.853301950369289e-21)
(0.9942266717266153 0.001996509392958379 -2.236540539363287e-20)
(0.9839437400411811 0.001889136783291038 0)
(1.010479853336172 0.003153863534941795 4.666163526402484e-20)
(1.366352469714428 -0.3145958516689595 -1.127468922962166e-18)
(1.121713786361365 -0.04320714168407767 -1.093745315096667e-19)
(0.9661914382883283 0.00586895806755007 4.438111447783749e-20)
(0.7648267339721286 0.001375715336266728 -3.241757955477647e-20)
(1.223789992858286 0.05242929364464151 0)
(1.222529177254446 -0.1264655255390683 -1.47117573177483e-19)
(1.081977948351858 -0.00270298969678746 0)
(1.008109566049612 0.0007336356156170173 2.289528417565837e-20)
(-0.1912560778623456 -0.13750983601136 0)
(0.9939668442822548 -0.004656335877804053 0)
(1.012394656630401 -0.02310226190537919 4.272694805770703e-20)
(0.7064224277211386 -0.0194549955800251 0)
(1.096789814238379 -0.01478787648653709 2.185347247759698e-21)
(1.041508327075096 -0.005407283836463057 1.746922175789973e-20)
(0.6332229497939186 0.004118493555325128 0)
(1.448995949104518 -0.1235551565360482 0)
(0.9860875697402833 0.001505062094480978 -1.074209687099355e-20)
(1.069781100417734 -0.01508775850748199 0)
(1.037784379591911 0.000416381534963621 2.08657203724157e-20)
(1.081256972479361 0.004341376622648361 0)
(1.011980971524646 -0.0004524044947726942 -1.102830476797684e-21)
(1.005793146586539 0.003156559981053267 0)
(1.008675138181875 -0.001078777153194855 -8.487784660402932e-22)
(1.004402155906512 -0.02074222114039364 0)
(1.036270087497371 -0.004515262244249423 1.7115582794335e-20)
(-0.1767512599742697 0.02960120058687927 2.713678247094576e-19)
(0.7972585644969628 0.02107193268971547 5.463817444945952e-20)
(1.005398861598496 0.001844439505821326 0)
(1.126809526838644 0.01114150762098427 -1.135848107468983e-20)
(1.117157621687609 0.007885764698118315 8.601920680423817e-21)
(1.054549724696237 -0.01280413192006891 -1.302449968208357e-19)
(0.9987780113790312 0.01037450674816101 5.419416125467366e-22)
(1.079760007106294 -0.0006354649252825496 0)
(1.188349532639382 0.05320571258690451 0)
(0.8352972011812744 -0.0763622296855587 4.597898697560979e-19)
(1.090990095950278 0.001059447151945098 0)
(1.033808209083288 0.007480087146642279 -7.552744413271491e-21)
(1.042424407085955 0.00523208064876659 5.859571778141946e-21)
(1.05572044696085 -0.05949152218840314 -7.574606357488724e-21)
(1.139273928047715 -0.0009987479434043112 1.692478073294609e-19)
(1.086179888015337 -0.0033078076645374 0)
(0.994181599430817 0.001640677823416768 0)
(0.9969079799377398 -0.02675798461915581 -2.394634407059972e-21)
(0.9900635322297441 0.003416684402578796 0)
(1.031486260707968 -0.03763131560563743 6.436708355274707e-20)
(1.290640801442987 -0.09446832301768852 0)
(1.041101967013698 0.001074559211057983 -4.450154632260842e-21)
(0.9861762843520329 0.01700511376504611 -8.759263557603754e-20)
(1.032731097860391 0.04221271266654639 -2.371749699359665e-21)
(-0.0755639660330488 0.1614473983193123 -1.705070813201414e-19)
(-0.07104124897433295 -0.2988265228192477 -1.313542712142694e-19)
(0.8963093616394373 0.1346366865859638 0)
(0.2850716264475517 -0.03654500348488799 -3.239308722554576e-19)
(1.005206148979007 0.001053339800445125 -1.200878767495782e-20)
(1.063846396720424 0.002721564902527395 -2.089268483783142e-20)
(0.9913132843111959 -0.02035002793543494 3.061561394017466e-20)
(1.023935303788548 -0.03182629027122877 2.644703592084881e-21)
(1.010193720038381 -0.03164882500296091 -6.617012252395472e-20)
(0.9888784232382709 0.004823836440123366 -3.477694195175384e-20)
(0.9931191534313452 0.005226902239122458 0)
(1.024976666013754 -0.002376077090284109 -3.478624884512481e-21)
(1.936386293919805 -0.1562321282122205 1.073182019087411e-18)
(1.043286001136679 -0.00134668718519105 0)
(0.9959400947334127 0.00854331040799634 1.526979917920856e-20)
(1.003522474567478 -0.0004094552064155221 4.01722226811074e-20)
(1.161113697976949 0.153973413520606 0)
(1.000246860588804 -0.007896007371090514 8.269527568293515e-21)
(0.950834855402539 0.002099791536597001 0)
(1.037837958200206 0.04175489556876261 0)
(1.309671368455396 0.1574679303183475 2.327889381567892e-19)
(1.081032788642228 0.0001689769006153851 2.315963238036838e-20)
(1.016732001814678 0.02971370145708556 4.556109435641106e-20)
(1.084400854688008 0.0004609913729686968 -2.23183827404173e-20)
(1.050841584434852 -0.01461506149554068 -8.938276606375413e-21)
(-0.3862536185504314 -0.05211824896129517 0)
(0.9997432843613965 0.01346058332360354 0)
(0.1142868580727541 0.05385287825475366 -9.206906659075815e-20)
(1.006853165632942 0.02045350502313905 -4.088094287208041e-20)
(1.002530651414771 -0.02363919224150774 0)
(1.001496314566943 0.005423481442955126 -4.922717105141446e-21)
(1.08198231688054 -0.04249352824165517 0)
(0.9939863897296894 -0.01740878871831001 -7.991206947426474e-21)
(1.101636419724305 -0.05807615994422779 0)
(1.445393901962123 0.1735173205925268 0)
(1.054870007078357 -0.01217291152630686 0)
(0.990649851784454 -0.02478782147911935 -4.112190518977497e-20)
(1.000141191717797 -0.03996577625990159 -3.411798524411906e-21)
(1.01421527149267 -0.02063086122288519 -1.977712814006934e-20)
(0.9966884768268998 0.0166090729906895 -5.540515754538198e-20)
(0.9959714361622246 0.0102596476215094 -1.488150125078778e-20)
(0.9949718030433102 -0.02860781521808433 0)
(1.002342701271429 0.0236627562428953 1.919836337481023e-20)
(1.054649161480714 -0.03411288145254689 0)
(1.11138041798183 -0.03589238654506467 2.587128039661937e-19)
(0.995647992409454 0.01666591790090027 4.567941982490547e-20)
(0.6150396984080024 -0.008690163031546289 0)
(1.145019152306046 0.1605714056515 -1.183294027768759e-21)
(0.8440834464395799 -0.0844141471828455 0)
(1.137844444947225 0.07294735768019908 -2.73402801127243e-19)
(1.316852677869735 -0.3895430987245505 1.293217403692981e-19)
(1.068733721266087 0.06423560079769849 -1.247235934710651e-20)
(1.011505950217928 -0.03194299371022766 0)
(0.9560838643136201 -0.2163339671809454 0)
(0.5311732099605618 0.1671469083580339 0)
(1.01653001103132 0.010536596299078 1.234378745133037e-21)
(0.6955108345601375 -0.02559123289106725 0)
(0.9995205490967212 0.01672181237773769 3.519851344762111e-20)
(1.027346786927272 -0.003895566383041146 -2.747130164602663e-20)
(1.078961422434679 -0.008071873507246302 2.714589326555291e-21)
(1.051498841454387 -0.02713908154925711 2.850472737602338e-20)
(1.042583189707732 0.01180366032807375 0)
(1.062768609353173 0.02142987879933578 -8.811510078366619e-21)
(1.049659808468457 0.03622472919347196 -1.801877218987455e-20)
(0.9835661640357226 -0.02277440447950333 0)
(0.6248984782933601 0.005098299668509484 9.169816180237072e-20)
(0.8941496713859222 -0.005924540328536654 -8.84532992825286e-20)
(0.909378314957894 0.005262114936756866 1.451041092501966e-20)
(0.6296112697658163 -0.006436326915940763 1.407570794991437e-20)
(0.980726445785657 0.0008871203196485818 2.485305485368347e-20)
(1.004425719173509 -0.01746751278839873 -3.473197502422124e-20)
(0.9841315926521526 -0.03784771452274047 -3.071864883478936e-20)
(1.085600338827039 0.001655059251026898 0)
(1.019998295782585 0.005126303117891564 1.015684753724183e-20)
(1.132236746743386 0.04876373386005262 1.321350741269517e-19)
(1.031105845843231 0.04111730714908216 0)
(1.022659898789674 0.002556304295436381 0)
(1.58540976312879 -0.1679178805971544 4.395895626738321e-19)
(1.059453102074584 -0.04661635981548489 0)
(1.017931492659053 0.01007685956529892 -3.745533019725811e-20)
(1.082504350591584 0.006462016053590557 0)
(0.4890006470240413 -0.007790733559767581 0)
(0.01206762202243896 0.02125496334012339 0)
(0.9913652135583967 -0.0240803330788342 1.233528141679513e-20)
(1.302279147889501 -0.0961736057960221 3.722225399854686e-19)
(1.032319182237569 0.03488715466483896 0)
(1.022315632064778 0.003548717545830686 -2.215936604674595e-20)
(0.9441374413577038 -0.1602771268791073 -2.493513165077201e-21)
(1.256955153099008 0.07707427160800887 0)
(0.5968309969374133 0.7283057388555414 0)
(1.312219921604881 0.1447462704140309 1.068283553457488e-19)
(1.678551144812721 -0.0258475421895793 0)
(1.052378986099195 0.1216304258348856 0)
(0.7136658798053341 -0.01814088967005531 4.010808549768804e-21)
(1.047334388404467 0.04414146208676854 0)
(0.7597190375586359 0.1256477679980099 1.333676463430089e-19)
(0.9967804139578688 -0.0164562147471783 3.576936524415611e-19)
(1.038630553092536 -0.04153556838521393 2.773633276208692e-20)
(-0.3814354695738815 -0.0320756486727893 0)
(1.072318866731559 -0.01637671229981159 0)
(1.084538180907288 -0.00500349266958047 0)
(0.649264213553652 -0.5054413606120428 -2.467610908448654e-19)
(0.9894397631884023 -0.001007851643002861 0)
(1.092479168516709 -0.02147574375291326 5.550492341406042e-22)
(1.187114295489518 0.1209806837114015 -2.012030635282644e-19)
(1.097178129211406 -0.04894586222640405 0)
(1.006213874777773 -0.02103043789770927 0)
(0.7740450496304161 -0.1819781933392507 -1.645398817908344e-19)
(0.8794977835067226 -0.1328319122611409 1.480952890705161e-19)
(1.032419469336236 0.01466608498504584 -2.149947127024899e-20)
(1.023123399886593 -0.008945821899059347 -4.472542064569623e-20)
(0.8793382300910024 0.009978830853200707 3.096359819495928e-22)
(1.506587647098761 -0.1944944130141329 0)
(1.308877396651341 0.1153807509507319 2.979835488197301e-20)
(1.241891740144041 -0.07437075402780789 -3.29267651682732e-21)
(1.095708538312743 -0.01854256495523582 -3.950302833655057e-20)
(1.034834176769523 -0.0147256397381265 2.804487579315693e-20)
(1.092833941436054 -0.03906466382369917 9.286363768579806e-20)
(1.031810978299801 0.02061629573934333 0)
(1.049264305001784 -0.03749524498471078 0)
(1.115946343013943 -0.008945193256588423 0)
(1.096705446101624 -0.04170838623703495 0)
(0.9982500503002398 0.01107930051137277 0)
(1.150557684405553 0.08199736387807262 9.537493057098011e-20)
(1.338202578252974 -0.154253605375927 0)
(1.036644477783562 -0.027209509293527 -2.43623139683463e-22)
(1.047844107641494 0.05190045742015781 0)
(1.010259103524505 0.01434529647703541 -3.888761050790114e-20)
(1.033805997722068 -0.007348931758856737 9.203573710597157e-21)
(1.088933099558204 0.01346853623057031 -3.227693639764345e-20)
(1.085063909098714 -0.02796493954737869 0)
(1.070592037564386 0.005505772430364288 0)
(1.105409745629453 0.09354623167495134 -1.411613503571225e-18)
(0.9355327379741396 -0.1503259349845831 -7.079280132988778e-20)
(1.171664952861665 0.1173337681561979 1.147498756142283e-19)
(-0.4689481256657673 -0.01768748955961786 -2.896305611341078e-19)
(1.017834118504224 0.02910489720363613 -8.745089529007967e-20)
(1.005676464269173 0.004496909127557583 0)
(-0.2553910822581625 -0.002442371078236792 3.553206551433658e-19)
(-0.03494321356494803 0.2908797985881393 7.493460800029366e-21)
(0.995212703829512 -0.006262036544668475 9.472803777871542e-20)
(0.1848237477940073 -0.04469020925149252 1.313063191164122e-19)
(1.084470609200678 0.08636779780458106 1.42000161704419e-20)
(0.09380620969408129 -0.1115118479537589 -5.498575424289867e-20)
(1.108421241867239 0.002998474276998379 0)
(1.099938716376064 0.2531294906352746 0)
(1.021148174609616 0.02144543740629725 -1.711001530000452e-20)
(1.064066815426501 0.05178831648630437 0)
(1.026310934972789 0.02361881001588535 -8.632115440497586e-21)
(1.264085581776143 -0.5494374936268488 8.041966004614353e-19)
(-0.1160124355318954 -0.2374944115844317 2.130263430056843e-19)
(1.301056965282929 0.1145342208049638 -6.243910877763726e-19)
(1.121982746001756 -0.00240600195004976 0)
(1.121587282138434 0.104013236669251 0)
(0.5243065586294615 0.07841291086338517 2.452800319194089e-19)
(1.023707206084599 -0.02024503135096838 9.430711570148591e-20)
(1.006553140454035 -0.0233393341445288 0)
(1.210498113164615 0.2702511781341332 -9.607906778480247e-20)
(1.26245248417454 0.130265750447095 -1.544712750555578e-19)
(1.026580977529912 0.003318599530837376 1.557077829955708e-20)
(1.300040625892201 -0.08505844322899789 -4.989793134836985e-19)
(0.3010214492974235 -0.01950340198855594 2.831956364016593e-19)
(0.8291728107707914 -0.1475992375017317 6.802423692178902e-19)
(1.039362654970067 0.05121292817055734 1.082949245811505e-19)
(1.038212017806455 0.003413633267866801 1.742825074397503e-21)
(1.001085607620867 0.01918572334916085 2.924560819838655e-20)
(1.066497731319245 -0.03681647010365228 0)
(1.034721672397712 -0.03849367277720441 -1.504668559395788e-19)
(1.016898843299015 0.03360601543694239 -4.645192995850813e-20)
(-0.05161124368304677 0.06912768549287117 -5.039148707148474e-19)
(1.011022742201645 -0.05824503770582806 0)
(0.9082045262831033 0.01442397802159937 0)
(1.090663773996851 -0.0004405154336673805 0)
(1.366155971104849 0.2584583116354205 3.774661792203457e-19)
(1.698986310267049 0.1037946837757675 1.331502574703315e-18)
(1.409827117100703 0.1510504775614581 0)
(1.03641132576925 0.02165424436678005 1.031766277600503e-20)
(0.3482921611692265 0.03103196664570665 3.301411873240218e-19)
(1.133162711472085 0.008648179863823224 0)
(1.090969923844873 -0.02326363599304827 3.136918768761681e-21)
(1.090801730438438 -0.03270543143020097 2.529115288988111e-22)
(1.132987624870984 0.104890196454292 0)
(1.302396110647184 0.05622587354470719 0)
(1.039545968765736 0.001277032446439089 1.175717126490181e-20)
(-0.1521597252343717 -0.119710817797678 -3.894413621994192e-19)
(1.325678313464795 -0.1470835827490107 -2.1520042060226e-19)
(1.067816661531255 -0.007403746790422793 0)
(1.013066633442228 0.01503295957735773 3.083826992528944e-20)
(1.15857936085115 -0.09627111683664073 0)
(1.016685302808614 -0.0174118577669593 -1.126766181310539e-19)
(1.030677271796058 0.008360702052474904 0)
(1.514407979109056 0.0879740277432727 -2.835672753187804e-19)
(-0.01212580763666877 0.04466653978056465 8.375624393965701e-19)
(1.096506894082857 0.05255273912015123 2.130039556164702e-20)
(1.09220076370724 0.07874088398406281 2.08662723429408e-19)
(1.009790197803148 0.00872448880034305 -6.170316365920487e-21)
(0.007784790893360164 -0.115935686217179 -4.849642478048955e-20)
(0.02246844441770483 0.1038491996094161 3.653448779854977e-19)
(1.226308392142525 0.145184485980807 -1.622527291842953e-19)
(1.098673402512748 0.08185551992425454 0)
(1.087600478750295 0.02557948926921589 1.742368914865749e-19)
(1.007088091437042 0.02216372387598441 1.705272957006618e-19)
(1.028934728572418 0.0006743870039192898 -3.687632978383919e-20)
(1.217842599497108 0.1505198298284027 2.60185042574596e-19)
(1.395470035317955 -0.1293072227587649 -2.062000158420266e-19)
(1.065718680214658 0.05019508376438567 -7.1570530791513e-20)
(0.9934591117087812 0.006878996790038231 0)
(1.078071228146463 0.06743364720435932 0)
(0.9815595423180536 0.005749497744543442 0)
(0.992158665453257 0.007605235025174165 2.401240990869035e-20)
(0.4899698237421287 -0.07197724012688687 0)
(0.9930798330747524 0.005561165768266533 3.505767000558143e-22)
(1.29142589956894 0.07887147557104379 0)
(1.004564654238359 0.004952613145872629 2.228196723919904e-20)
(0.7936252674788681 -0.1196190422485307 5.73461512081721e-20)
(1.09127499460888 -0.01597636237176418 -8.587365057554475e-21)
(0.939837550863497 0.01655566358488961 -1.766243447154556e-20)
(1.43768976148783 -0.2820838569445869 -5.296534623024841e-19)
(1.132560994620549 -0.09105840068513182 4.699660027915791e-19)
(1.08869331960917 -0.02524539754040837 0)
(1.934839300843135 -0.4714593841843353 0)
(1.625143926365089 0.1896010376862801 0)
(0.9849970189921988 0.003338613563388959 -9.796530202592373e-21)
(0.8580573164046708 0.7726130989931594 2.38925038936524e-19)
(-0.009124988893134482 0.1881149219961742 5.378045522969539e-19)
(1.039827652639038 0.005926972653457071 0)
(-0.218223165742167 -0.1093299851517292 2.087369125127527e-19)
(0.9839738005919803 -0.003672147237691311 4.123213876577103e-20)
(1.180002237187299 0.1613218488215929 -1.619420441615464e-20)
(1.044679968275605 -0.02204153907676661 5.594294667654006e-20)
(1.042120460098512 -0.1371188683447216 1.367181180390216e-19)
(1.138051162554385 0.007137674653034883 4.409839106024293e-21)
(1.098726610641636 -0.006786353695741603 0)
(1.308658232785352 0.5295982485131071 -6.014873541520956e-19)
(1.029537948002707 0.003949523148045019 -2.064129510684909e-20)
(-0.3149646796902887 -0.04433259196847966 -2.035553279315065e-19)
(0.6794486291459279 0.01844539340196677 0)
(1.088477050496251 -0.6990703089277717 -4.840141300111382e-20)
(1.311950612657913 0.0855182606833147 -1.102641166723156e-18)
(1.115005259792361 -0.1086072366344648 0)
(1.086796678516663 0.2784109459322163 0)
(0.9723767806743312 0.003089795887346206 -6.160120570325935e-19)
(1.065716114938876 0.007146922189133375 -4.274518351549261e-21)
(0.9245639131149186 -0.01215053317396796 0)
(1.090719911277864 0.03087005057159855 -1.761120226381137e-20)
(1.371030803531993 0.215329832924049 -1.863352542357323e-19)
(0.7323470918276781 0.09643732281379117 -1.05216643532357e-18)
(1.07909111631601 -0.0006528462237907471 0)
(1.262590526492683 -0.05761261844530398 6.996428596198247e-20)
(1.005657081238127 -0.0008871318329084486 0)
(0.8501521724308424 -0.776415385298606 -8.248450340404006e-22)
(1.082064591872427 -0.05207423693799316 -1.102097691402332e-19)
(0.8756924060935954 0.3237537340253938 2.940148069787416e-19)
(0.8277161775835651 -0.197171324621165 0)
(1.031828052796749 -0.0348740299759138 0)
(1.05474804298059 -0.02785687582133745 0)
(1.007061845507845 -0.0032691786238244 0)
(0.9811791846232178 0.006177675530089555 0)
(1.342244345664957 -0.2358028646896268 0)
(-0.07462354960694544 0.1396599652078951 2.501429223478743e-19)
(-0.01103946757453129 0.08259483315745735 -6.487113430987247e-20)
(0.2129080683989434 -0.09880994221494539 -4.319923727878587e-19)
(1.521343713515445 -0.439199974918302 0)
(1.034858002078759 -0.01669237050886587 0)
(1.773398639699283 -0.7594224862613257 -2.3517039378297e-19)
(1.139723099748348 0.00663658631441252 5.566108934442558e-21)
(1.323734870846137 -0.08952706923972728 2.806174162449695e-19)
(1.106694640048251 0.7080302048459592 1.441246670832121e-20)
(0.3381737348046054 0.591475621338218 -2.24290581520233e-19)
(0.6758088384385783 0.4574567103505346 -4.796177271075426e-19)
(1.045308521205381 -0.1481598120288647 -2.32388304283101e-20)
(1.226908072118197 -0.3609042875953006 0)
(-0.0820091716883124 0.1889702130286078 -7.238707411068759e-19)
(1.046530399730017 0.02377839416506644 0)
(1.103408427201975 0.02707894278190587 -1.537945798169395e-19)
(0.8134136055343586 0.8942523674758283 0)
(1.068153981987334 0.03302120686435047 7.451941610094154e-21)
(0.2824637842232391 -0.07226022912441074 0)
(1.103189921919237 0.02023551358889602 2.433581347580783e-20)
(1.369363604104888 0.3241323725233643 -5.54931391697862e-19)
(1.074790720994334 -0.01176924399724899 -1.647156541842045e-19)
(1.468983540165653 0.1595092862756162 -2.523995780236189e-19)
(1.330163433034036 0.4178304759234027 0)
(1.16921331938203 -0.2663931978060068 0)
(1.303377972667278 -0.1330550506265675 -1.211897631923207e-19)
(1.066914780066521 0.01621349028626658 -3.329343670209539e-20)
(1.060575168471397 -0.01207948184190205 0)
(0.743620212097488 0.1442951611176809 -1.12864683316737e-19)
(0.7752122571610585 -0.5781771443130453 -5.655591625877232e-20)
(0.6667259609048851 0.2023984882415328 9.608286990404857e-19)
(0.9951289748036618 0.1177006063762339 3.523187402285948e-19)
(-0.004722228862863731 0.08235172018030824 0)
(0.58575134934441 0.0175004624299709 -6.818347597520114e-19)
(1.059530700642716 -0.03890687730248219 -1.877793201637252e-21)
(0.6900340904004653 -0.1186300521822929 -2.771224722318846e-19)
(-0.0005464778091480993 0.2118723171153519 -3.079204601841187e-19)
(1.181020187647162 -0.07576506279384709 0)
(0.4034814099841894 0.01597802322345634 0)
(0.1602913663356033 0.3696664798457723 0)
(1.438480778545868 -0.2601468862519886 0)
(0.2346405246791277 -0.3591447419886771 -6.38669454021511e-19)
(1.59783009684038 0.03941093961690512 -3.894467364729578e-19)
(1.026160556707434 -0.2024390597300137 0)
(0.6822951835111737 0.01405794568305658 2.549712313536124e-19)
(1.025007315538956 -0.01060570875600953 3.498827474530717e-20)
(1.137360266739563 0.2353835918698072 0)
(1.729876783233264 -0.1110168010264587 0)
(0.5818182951443055 -0.7382029361083644 -6.858577422016224e-20)
(1.271313462665687 -0.1054523939727462 -9.996310945297647e-20)
(1.406011576132404 -0.08378582071742695 -4.294656994911411e-19)
(1.482319543092684 -0.06441545110669203 3.648156133824232e-19)
(0.09388966175791316 0.09835998550490455 0)
(-0.1285478609022186 0.08217927304436218 2.738752686013986e-19)
(1.038564384119916 -0.0636240726988114 -4.325519974797151e-21)
(1.120788738594408 -0.1407839489850359 0)
(0.6413654595380982 -0.3578588355198874 5.192148735353354e-19)
(1.049148555913845 -0.06341239992420983 1.448767432392801e-20)
(0.8344115780493624 -0.1350769711497116 0)
(1.312851705165092 -0.1301955262748647 -1.022423795407387e-20)
(1.115644076038082 0.08392436203017556 -4.361630826773236e-20)
(1.09095584618531 -0.004976581550174171 0)
(1.126300195125798 0.5692610964039261 -1.107475024606408e-19)
(0.3428420500908792 -0.6005764066434677 0)
(1.06037627346512 -0.003215954349854156 2.819931912494756e-20)
(1.097060628660721 -0.004907685472284257 2.643605819339561e-19)
(0.07703584934913782 0.1470330699398861 -1.663127321191403e-19)
(1.179369637986066 1.000033599335797 -2.227403894264553e-19)
(1.369994694690235 -0.1380971404577222 -8.869300938325422e-20)
(0.9474292750583986 0.13322472920227 6.470049749851674e-20)
(0.9982790780680731 0.003459001649144279 1.041444051493462e-20)
(1.047813540127506 -0.1404131558005442 1.760520934826281e-20)
(1.509833730656136 -0.950114405563615 -5.257956666843007e-19)
(1.531205852482193 0.9490175015265175 2.358935598192582e-20)
(1.433101153546873 0.225434190014719 3.408212164404862e-19)
(1.028864253821499 -0.007307885376814564 2.058173765237235e-19)
(1.035508090277023 -0.03312819456363162 1.646434980823402e-19)
(0.9920788118617033 0.021581902673567 -1.926960048693886e-20)
(1.057709261199655 0.03864358776450233 -1.450291709333891e-19)
(1.07928592309591 -0.06550036787620449 2.945781458357152e-20)
(1.433893628488496 -0.1338247675601321 3.380570409362908e-19)
(1.817999348270307 0.7477479740064591 1.863389212583606e-19)
(1.035401476630317 0.02934963106271354 1.002185834414078e-20)
(1.071826547349332 0.01420774617622185 -1.053383509715743e-19)
(1.985272961349121 0.4775686825613022 5.349450278705575e-19)
(1.927592417794119 0.1604184467262539 9.317865569541315e-19)
(1.079966409658438 0.6375092920238181 -9.637197542774433e-20)
(1.10894655415424 0.1712631030251267 0)
(1.044105968419029 0.02312840450005802 0)
(0.5102225584125014 0.4377087960767958 1.170467272495711e-18)
(1.376949369578047 -0.2992996654867007 1.882801204119464e-19)
(1.194784548744864 -0.1447587113583071 0)
(1.631875077669485 0.2356377233353117 -6.176025226227555e-20)
(0.8021032260831941 -0.1493648243544857 -1.284374488750173e-19)
(1.328220767844464 -0.2095900421340578 -9.094895130488017e-20)
(1.248763067980654 0.3889320533499936 1.430690008103205e-19)
(0.4925894141741744 0.1946231747641579 -5.618265276165413e-19)
(1.686808013504768 -0.01987878805010188 3.285146360335382e-20)
(0.8568968504827534 -0.5461695007920222 2.202186984099732e-19)
(0.9986767984534184 0.02304710773220049 0)
(1.617373793238517 -0.1856023387785942 -3.098573995239573e-19)
(1.089779378320255 0.1004518972899276 0)
(1.337609669675798 0.580208947309207 0)
(0.9430571420600226 -0.4151394307866631 -2.744449750193311e-20)
(1.247215341296493 -0.02495593023046605 0)
(1.038560784378658 -0.003588148907839467 -1.243078766830015e-19)
(0.7307066473093634 0.1096041944982095 3.014007266181188e-19)
(1.325365534675182 -0.5824430844205892 -5.604324732726787e-19)
(1.053250572250816 -0.6343916746981311 1.176840792730691e-20)
(0.3520017739098141 -0.379957124188198 -8.73530715885185e-20)
(1.007341914722496 -0.0961335125183499 0)
(0.4459656883506741 0.3003332914933055 1.686124578383818e-18)
(0.317404938459036 0.0522791692899006 0)
(1.306885884540981 -0.1337645262082154 8.071974009554838e-20)
(1.578348527422436 0.1911117700305674 0)
(1.165563152957366 0.4459533518225254 1.324271671179748e-19)
(1.05287728722414 0.1525585987598885 -6.592397588135569e-20)
(1.031758624629612 0.004647693083243019 -1.995786443377871e-19)
(0.9560590782357441 0.4081396304267754 0)
(1.164080393866001 -1.012493231090099 5.884010240437009e-20)
(0.8910663412705092 0.008977653812594731 0)
(1.068186365591434 0.3780984162931662 0)
(1.058948379374437 0.02690121587034805 -4.306707650987984e-21)
(1.474167500415318 -0.2999356100892582 0)
(1.244700493707619 -0.1853673268715301 -2.968021355428128e-19)
(-0.001584507906606137 0.02772706130272217 -1.957419297982815e-19)
(0.2384723575765538 0.01572085058503115 8.859037688398786e-19)
(0.9812971927237258 -0.09928506870636031 0)
(0.471471167552149 0.6447690058883642 -2.559202391553052e-19)
(0.9173913354704005 0.02943522713899962 0)
(1.536129878257847 0.4144985287101806 5.466341377932943e-19)
(0.4921414416005275 0.156443819381798 -6.45725322136375e-19)
(0.02166351352271842 0.1814149986350228 0)
(-0.434039538591743 -0.05442761533361148 0)
(1.032414461069859 4.804804854214022e-05 1.261481248450295e-20)
(1.660273176213799 -0.2266782237770393 -1.104038630799424e-18)
(1.110645643351129 -0.5643413138784614 2.394880637867223e-19)
(0.78121871899419 0.3317822871857439 -8.771409016860709e-19)
(0.9372585966800147 0.1444913735248333 1.541202539738553e-19)
(1.043572072103384 -0.003612172313758269 0)
(-0.3028371699867081 -0.1310841838334631 4.023156551673887e-19)
(1.033326056005683 0.04668342343057713 0)
(1.192426533056531 -0.2400686665755375 0)
(1.559695128247514 -0.1878611477705388 5.125333651005703e-19)
(1.122721945043851 0.07825713699074111 -7.575547365109181e-20)
(1.063842980733562 -0.1410186053808975 8.26610987647026e-20)
(-0.04787915160169454 0.1084256056272739 3.44744722497948e-19)
(-0.08458870365709552 -0.1513384458524747 2.636036900871741e-19)
(1.075741329626863 0.2133240973571093 0)
(1.095340876269711 0.06108386049936538 2.137272725828139e-19)
(1.495831036338986 0.2871238556522677 -3.621154762218989e-19)
(1.324408597305953 -0.4883996003862426 2.377584371916616e-19)
(1.156361493465499 -0.1427429129089271 0)
(1.120534323170517 0.1501982818411776 0)
(0.5276706911869954 -0.692101256467477 4.114972917825529e-19)
(1.31180427461553 -0.03840564233444717 -2.963036739167423e-19)
(1.01115424752553 0.1016550783963628 2.549883474605164e-19)
(0.3127517630220539 0.3527051440097178 -8.939171240804353e-19)
(1.03273059592522 0.1080296211629476 -4.11182852250681e-19)
(1.037975160049358 -0.3974437377061841 -4.674180641028415e-20)
(1.458465069422766 0.1083755624458129 -6.504163787590291e-19)
(0.7811913667997703 -0.887257321821544 0)
(1.056834171655207 -0.03069542590714259 0)
(1.145432293460772 0.1762686132140058 0)
(1.614881496688179 -0.04030823886502146 0)
(0.8136487931848979 0.5918412001626577 -2.078743626825182e-20)
(1.49383306881748 -0.3580026969662177 4.559901200943749e-19)
(1.539328473701491 0.1466909298597242 0)
(1.137214586786925 -0.4604016739354592 -1.666883522869817e-19)
(1.459430929300498 0.342948946344437 -3.537559994127249e-19)
(1.009266409166392 0.02787644736058813 0)
(0.2114176924729786 0.00115412773429482 -2.465535780197322e-19)
(1.334719919824933 0.5093266736365015 0)
(0.9781222190253812 0.007357216260352169 -3.929590403448693e-20)
(0.7637183746287769 -0.302885968871395 -2.058005310772157e-19)
(0.5084939045188759 -0.08447498377552071 7.878393266677733e-19)
(0.2151963325298515 0.06067616421197207 3.646658441544481e-19)
(1.062315836159856 -0.138907130197034 0)
(0.0451611682708963 0.002423082521649172 0)
(0.3441522272206682 0.03795657690015151 -3.026196716209554e-19)
(1.005624214332412 0.01728466757545883 0)
(1.45147768286387 -0.00789007632137893 0)
(1.006832650977086 0.02817673721347432 0)
(0.4694662293736155 -0.2766521865789773 -1.003634195658742e-18)
(1.048825143756365 0.0884093368280354 0)
(1.522289738214924 0.04097462370220056 0)
(0.2180352489328546 0.127423648680047 5.439587996310776e-19)
(0.8802865854699807 -0.3239145095073999 0)
(1.364803123152625 0.05284116709199846 2.683933230652591e-19)
(1.236936115470227 0.2042127049445763 2.05335596121977e-20)
(0.8971642524070406 0.5520792118732597 1.575096505869771e-20)
(1.033495617588458 0.09883893244597122 4.912068303285605e-20)
(1.032617942929565 -0.1494994462782988 0)
(1.365809928251857 -0.02243340309646564 0)
(1.288829466603537 -0.1185716617878271 0)
(0.6246898512298159 -0.04229960269845106 -1.36353483113718e-19)
)
;

boundaryField
{
    FrontBack
    {
        type            empty;
    }
    Top
    {
        type            noSlip;
    }
    In
    {
        type            fixedValue;
        value           uniform (1 0 0);
    }
    Bottom
    {
        type            noSlip;
    }
    Out
    {
        type            zeroGradient;
    }
    circle
    {
        type            noSlip;
    }
}


// ************************************************************************* //
