/*--------------------------------*- C++ -*----------------------------------*\
| =========                 |                                                 |
| \\      /  F ield         | OpenFOAM: The Open Source CFD Toolbox           |
|  \\    /   O peration     | Version:  2412                                  |
|   \\  /    A nd           | Website:  www.openfoam.com                      |
|    \\/     M anipulation  |                                                 |
\*---------------------------------------------------------------------------*/
FoamFile
{
    version     2.0;
    format      ascii;
    arch        "LSB;label=32;scalar=64";
    class       volVectorField;
    location    "773";
    object      U;
}
// * * * * * * * * * * * * * * * * * * * * * * * * * * * * * * * * * * * * * //

dimensions      [0 1 -1 0 0 0 0];

internalField   nonuniform List<vector> 
808
(
(0.75627376620872 -0.01751693111574262 0)
(1.031535954586047 -0.0125906003623087 0)
(1.111569847780602 -0.004052352848405143 -1.717892868171631e-20)
(1.085127061872848 0.0125806769802684 0)
(1.361916439013224 0.0127182425316132 -3.812988587502823e-19)
(1.038742486648737 -0.009431178582377518 -7.326200679209798e-20)
(1.014550904962363 -0.020842494610826 -2.439712886475825e-20)
(1.079228171153015 -0.00514324355127303 9.043833409053552e-21)
(1.253533282551302 -0.02180109711368952 6.253829762661845e-20)
(1.085315487928188 0.009316433429578426 0)
(1.00751088532963 -0.01024317469453981 0)
(1.304646433637582 -0.0546696738745289 -3.457778891793151e-19)
(1.086421666561969 -0.001943301768196912 2.044134824109833e-20)
(0.6751992163466931 0.006357574608573394 0)
(1.2750555741969 -0.1198915930356479 0)
(1.08181008713108 -0.0004483833345711848 -3.86959720133991e-20)
(1.224055001607278 -0.1478683168944681 -9.538165442078547e-20)
(1.074238107437629 -0.0003730919988733479 3.208226466025491e-20)
(0.9887815810198208 0.004192782883536496 0)
(1.026730550640049 0.009604451234425191 0)
(1.033002776824156 -0.01414625372416491 0)
(0.9875914334795739 0.04527757586501615 0)
(1.051064093210449 -0.006077410519640569 5.815658512986521e-20)
(1.053832331316183 0.008716616063783482 0)
(0.9335340539267908 0.1989828246531059 4.565800906674236e-19)
(1.161249478776873 -0.08746499923112823 0)
(1.185264247975207 -0.01998328924013639 1.538224684660287e-19)
(1.077226050038542 0.009677639156575808 5.236454751222138e-20)
(1.083691687707931 0.002045688528502793 5.125351300142341e-21)
(1.07176878714408 0.03092466225599789 0)
(1.075261392147009 0.002752642859687376 -1.183883153998289e-20)
(1.033337653269106 0.006649160123008977 -1.872303850300866e-19)
(1.060075873689466 0.01450597992486079 -2.351156278530822e-20)
(1.088740059326153 0.005623809082490263 -2.938688831524077e-20)
(1.121714349969828 0.03745756736647793 0)
(0.754875207873593 -0.121348637697416 -4.550378918653937e-19)
(0.9547486224330002 -0.005797075289166501 0)
(1.068768273962175 0.02223793456430952 0)
(1.068801798251566 0.007215866355103679 0)
(1.073795667136459 0.008686595911561804 -2.817875497401692e-20)
(1.093307087470914 0.02354127158749749 1.077620675410961e-19)
(1.150664129647299 0.002216804762194615 2.112630610449564e-19)
(1.095780384063296 -0.002284572698881596 0)
(1.015162216415461 -0.009366480455593035 0)
(1.128956419104405 -0.09322967886549618 -1.632319950093305e-19)
(1.044067995481768 -0.01171433345292542 -8.387392835729345e-20)
(1.058163995711907 0.02665787313237107 -2.676133310350109e-20)
(1.23001685044142 -0.1126594991758037 -5.558170061262759e-20)
(1.067487028782462 0.01202913059537554 -4.066977811382603e-20)
(1.257365515065434 0.01492372629310587 0)
(0.9971254798329079 -0.01913653146370318 2.212795762922431e-21)
(1.044747396323834 -0.002298864469016634 0)
(1.087422793441164 -0.002155228329098144 0)
(0.9987816247728133 0.007892105372331804 -1.890507691384692e-20)
(1.251629074054981 0.03267510482427404 -2.393095995517604e-19)
(1.063433808278627 0.01812557445883864 5.866935562556041e-20)
(0.9902485195981019 0.0115031581866018 0)
(1.015181561042348 -0.006898528874478721 2.536660853059881e-20)
(1.107487189372023 -0.001373640464724914 -1.153790318498867e-19)
(1.06124126885475 0.03125872440794891 0)
(-0.08500439725878793 -0.01081555039274187 7.72305497211609e-20)
(1.154230406763309 -0.05245191827976223 -1.844918670546436e-19)
(1.004204384056696 -0.005762028174313533 -2.786037887904482e-20)
(1.188185652181301 0.0661244035264569 -1.203329000708723e-19)
(0.9970567485048628 -0.009907924161292493 3.102586688796998e-20)
(1.084140916330187 -0.005456589266086161 0)
(1.248733538368584 0.09226806928013734 0)
(0.6960782883745348 0.003161077092806954 -7.423606957100952e-20)
(0.9882931420439571 -0.01503625731554748 -3.232161521305924e-20)
(1.457696508422985 -0.02013628846374355 4.391831122483756e-19)
(1.060559804939529 0.007603241890402801 -6.524786194718424e-20)
(1.366062192921141 0.09278902557748558 2.835904536636534e-19)
(1.054874350460724 0.006790468435692347 -1.950959595890631e-22)
(1.080934907641271 -0.01400868380527121 -2.398283256317162e-22)
(1.163427020982434 -0.2356233546004061 0)
(1.022225046368187 -0.01511939760914927 0)
(1.017377207044294 0.01809225851353076 -2.988983984055076e-20)
(1.388394024665532 0.3488970861252511 4.233272049593923e-19)
(1.097444325746963 -0.04242125589520303 9.596030649147705e-20)
(1.046520679570282 0.2106223496063973 2.406363988425405e-19)
(1.122768199620337 -0.06133866007726779 1.180881135489935e-19)
(0.9219814570375777 0.005181714249503534 0)
(0.9753517005628666 0.01853654159160738 0)
(1.003993075686277 -0.04849679338569488 3.170627020308576e-21)
(1.010012362093604 -0.01374860776377136 7.821828317651493e-21)
(1.030673808608752 0.02679866732057089 1.350200476452737e-20)
(1.526575285366422 0.03351909094570617 3.210630842761064e-19)
(1.290726064090811 0.06997602899321473 5.640731161687535e-19)
(1.072511952561231 0.0030775594971866 -8.804785309768591e-20)
(1.194135208834125 -0.09640685189023034 0)
(1.033900554484818 0.001761206427191428 1.287159954177081e-19)
(1.165066467146308 0.02047460806576146 -3.122508859998242e-19)
(1.00150894081689 0.03253530151756539 0)
(0.9996279879654816 0.001997579632887969 0)
(1.044249865526378 -9.947380020435998e-05 8.017653380547829e-20)
(1.218391280628607 0.1057918381540883 4.059100296953785e-19)
(1.011149545006585 0.006964186520674058 0)
(1.089222131142965 -0.0680835605494597 -1.067794558282826e-19)
(1.151386585507564 0.0358147821367306 0)
(1.216137546734843 0.09048818542006437 -1.901360658805701e-19)
(1.108317002503748 -0.02890304119759566 -7.825136742556039e-20)
(1.027599989984502 0.01191936371590187 0)
(1.08519702576731 -0.004593286220943693 0)
(1.019558882436809 0.02646516193544976 7.82666942306687e-20)
(1.07401818232315 0.05652167996272604 -9.489147866209209e-21)
(1.103705104815574 -0.004233053972633734 6.446268411583157e-20)
(1.105961551622325 -0.09188339245872276 1.504076484871026e-19)
(0.9634558374285584 0.001489384206208436 0)
(1.066062317468467 0.03131981592003225 3.681574225097412e-20)
(1.167996270659678 -0.07690574128171268 2.254749249283328e-19)
(1.052636971654759 0.04725711252426879 -2.845876866508784e-20)
(1.022993449185218 0.06803352162999873 3.641555393100219e-20)
(1.090249566422053 0.0261170147749463 0)
(1.017121250620001 0.01404997346597552 0)
(1.028979844815357 0.00936264260526444 7.839570211859785e-20)
(0.9485341370672228 -0.03233661643472933 0)
(1.052954182997606 -0.005432477501982138 -7.386250325902703e-21)
(1.340518725555835 0.05558347424168127 -1.539621247241522e-19)
(1.079662516609449 -0.01318045871033288 2.665189805361564e-20)
(0.7440760657535597 -0.001738260047291608 0)
(0.5847519372362877 0.1871966067867408 -1.130658734649714e-19)
(0.7060699349631575 -0.002479203609972164 0)
(0.6988469238665105 0.01464112388557251 0)
(1.077752288442679 0.003593484885159922 -6.44470374201709e-22)
(0.9906521247281858 0.01446393192001375 0)
(1.280184139992105 0.1219665335713975 2.554270421584428e-19)
(1.01222837557131 -0.02790642092418033 -7.369436424322118e-21)
(1.043399906213877 0.0163826218488508 1.427796486058072e-21)
(1.058586729682295 -0.01220026351711532 0)
(1.126505444189333 -0.009162100286804756 -5.138142918592132e-20)
(1.270589835988791 0.1262331219551095 -2.240103578573968e-19)
(1.089060023892254 -0.01088638791759935 -8.614339787813185e-20)
(1.071033319828522 0.02610434956639109 -1.068154707735184e-19)
(1.041048890690716 0.04679882096417736 7.446702191701488e-20)
(1.022554571064484 -0.003630540379681337 -3.478021272940498e-20)
(1.061006029758517 0.02369000996950105 5.689187392059952e-21)
(1.138836472719377 0.004183419452087893 1.035822921940717e-20)
(1.039445009263211 -0.01375947868161877 -4.757599811492395e-22)
(1.087418334240345 0.03474219590144062 0)
(1.028410583550663 0.01368821823843647 0)
(0.7834363596273082 -0.0801829349539151 -1.821622330487273e-19)
(1.030301695014805 -0.001884832974503559 -6.52687718499617e-20)
(1.132839703470441 -0.0001614935458380909 -1.250105046712515e-20)
(0.7034693829135854 0.006553369628392204 7.115329576162348e-20)
(1.175428640279782 0.01890266902820052 -1.974454173054483e-19)
(1.136286502124047 0.003219010122420226 5.262493753441941e-21)
(1.129023778537194 -0.01006348165451104 3.361856488221395e-20)
(1.000933307992801 -0.002970265433129689 -6.686337885263884e-20)
(1.100734320151528 -0.0571782800379395 0)
(0.9898765160691274 0.004524470324567318 0)
(1.057843582850608 0.007020598898263248 0)
(1.006040341557608 0.1892632216724587 -2.360506583998199e-19)
(0.7792892821718339 0.01243827299114886 0)
(0.8570481985947112 0.1026909288788922 -8.201825885488902e-20)
(0.09658874812075709 0.03184070354270857 -2.974913340970203e-19)
(1.171889596697353 -0.03194368208790396 -2.29490067062329e-20)
(0.6712535156893361 -0.007345117085096742 2.454252367801396e-20)
(1.163531968940118 -0.1017141683092809 6.94521862696991e-20)
(1.127019099133656 0.0008029188486054774 -5.867015185896964e-21)
(1.153587652417042 -0.04996613542006961 2.230066430354693e-20)
(0.07843719413557114 -0.2023129509550583 0)
(0.2426283185701803 0.06267857978928076 0)
(1.26105983458831 0.1042637893665432 1.850511982246186e-19)
(1.021205540314272 0.01984428405804642 0)
(0.7376881706013164 -0.006258306850605169 0)
(1.074937796972278 -0.01142977828271202 2.740563902605901e-20)
(0.9749121732178034 0.002884379500970076 0)
(1.296074993964085 0.1185547131287884 -1.468544037649664e-19)
(1.05735167188542 0.01095454431488816 0)
(0.9927888321808317 -0.007240890370101559 0)
(1.065201068351238 0.008244755137864806 0)
(1.006248782478427 0.02091245668640953 2.204865929200183e-20)
(0.9330730643867468 0.008858093429204456 1.290282250410024e-20)
(1.175805268944512 -0.1994770169970064 0)
(1.005056566546568 -0.005200917663565165 8.051212551940549e-20)
(1.059200918918479 0.006285462636804602 0)
(0.7745771528739634 -0.003310677746942212 0)
(1.217769118133364 0.02595730562815533 1.616633108930212e-20)
(0.7050389414387056 0.001367842092247111 0)
(1.43266472966408 0.0837136101834276 -5.097886040588166e-20)
(0.9947431741286589 -0.005247183760739466 1.670574554936324e-20)
(1.274351803466648 -0.004165793511307549 -3.009170946839748e-19)
(1.059760712719767 0.009018544868739905 1.324874325814331e-19)
(1.000906879937774 -0.01353355997796925 0)
(1.209402227733292 -0.1458657796627272 2.053894970448172e-19)
(0.7331716490926785 0.01378496075336363 0)
(1.098274721124074 -0.004916614779348952 0)
(1.156516365285802 0.06643133716277409 1.884107928385134e-20)
(1.006364510752109 -0.006534127016105592 -3.046532148341056e-20)
(1.123068909700363 0.05136919286225707 -1.715231259377819e-19)
(0.1350503447184533 -0.0940931515379487 0)
(1.073637724577155 0.03875255101637032 0)
(0.6616705282954409 -0.002872511797762372 -4.923016249407484e-22)
(1.012098365804148 -0.01960671106953881 9.011325694324347e-20)
(1.061507804786057 0.0008736626745897713 0)
(1.080552384042118 -0.1393140001303253 3.7752476468958e-19)
(1.002651630170605 -0.006129983192224265 -3.287311161886702e-21)
(1.003094933324035 -0.00402815828540394 1.071330541475971e-21)
(1.094010409462488 -0.009191344747968759 0)
(1.020769647474483 0.02027479398585936 -6.664554104615438e-20)
(1.106683505525024 -0.001603845979615276 6.322795859170296e-22)
(1.074429210921904 -0.01074785328052002 6.645157445238473e-20)
(1.085629340398397 0.02217045483445558 0)
(1.325430765254992 0.1553941335240992 0)
(1.002083652289485 0.0005494588264918941 4.407105553299888e-20)
(1.319488754561483 -0.1335422853208876 1.606678914012036e-19)
(0.006852844251195353 -0.1541206506320005 -2.303960419725152e-19)
(1.071102214523836 -0.005361187993955698 0)
(1.111241109488408 -0.004736474040869767 1.166688224555671e-20)
(0.726762724494203 0.01779968766724584 0)
(1.058042799301197 0.01083728169363783 0)
(0.8611199629739438 0.1612130200486176 4.589457110822381e-19)
(1.284758043379327 0.1228928080758015 1.886065088572715e-19)
(0.654198253134962 -0.003104623542983939 -6.532276680135276e-20)
(1.039746895238109 0.005268267409870865 -3.67231450596106e-21)
(1.054832901134216 -0.0002047787526070209 6.441587469536541e-20)
(1.361958752883467 0.1164314043507051 6.549350105969098e-19)
(1.336959096651478 0.2520132934769499 0)
(1.057804337474357 0.009881115370049555 0)
(0.9986508413486405 -0.004079657588622571 1.37282598491962e-20)
(0.9933588689287338 -0.002039122940898045 2.42367647003004e-21)
(1.38490001573113 0.199254245868895 4.329299913823083e-19)
(0.6818542197716134 0.000512047721237602 9.964555874753861e-20)
(1.005709937952435 -0.00218926317454966 -6.020312055643591e-20)
(1.09814508223448 0.01315536240832982 2.561024132087906e-20)
(0.6694511980629737 0.004951811038786271 0)
(1.066084542269713 -0.0120280695000432 0)
(1.00974054050565 0.1365694449738888 -1.417497179986839e-19)
(1.087867654278544 0.002515660336530186 -2.586738102891829e-20)
(0.9819086768115625 8.797138810012487e-05 3.311276525480435e-20)
(0.991211804565359 0.005997018905221472 0)
(0.6381221865361154 -0.00110249853258856 0)
(0.9767190190377982 -0.001266704857008302 0)
(0.6420176490527687 -0.001415370462626794 2.646521032555599e-21)
(1.087466309757354 -0.05565902816366974 1.215952088161149e-19)
(1.109561069472786 -0.005817339874036885 1.143216129428536e-21)
(0.9579958359462309 -0.0008552582815547748 3.87869220351116e-20)
(1.017208534165249 0.01042255292384623 1.737031963440013e-20)
(1.065445188810364 0.008143472038558105 -2.390390649566816e-21)
(0.6347924727341632 0.008866640815229039 -3.614337326279237e-20)
(1.005659628693143 0.01097583202925009 -6.204499445378694e-22)
(1.03784821404112 0.008443392520169896 5.312109753705282e-21)
(0.9857320171034012 -0.004395182037237029 0)
(0.6099936542862379 -0.0004407282281021334 0)
(1.069019123581473 0.02251543850282925 0)
(1.016080701908748 -0.01684297456905849 1.03316721443239e-20)
(1.022873474557428 -0.005988756094890984 0)
(0.9932239524658945 0.01370629356942215 -9.795200731397766e-21)
(1.009309553979298 0.004160470992594967 0)
(1.134787665782918 0.00226996950408201 -1.225265244987316e-20)
(0.03097914193453868 -0.1408152891831798 -3.933430127990942e-20)
(1.034305913576503 -0.01781102373574337 -6.086973512710794e-22)
(1.043396269223289 0.007792087936636705 0)
(1.084871756151126 0.07037034149476261 8.42419386844393e-20)
(0.9674577854824699 -0.001214542182711655 3.110313126065198e-20)
(1.020077117085564 0.01680448457395322 -2.234408825962916e-20)
(1.006048149689911 -0.00234852021034105 2.39621530788239e-20)
(1.038972899654343 -0.00768110995013292 0)
(0.6409386009540987 -0.004087631241344792 0)
(1.025979567446105 0.02449997072702707 -7.973075807157242e-20)
(1.086982564483145 -0.000296639334234009 5.099623025622627e-20)
(1.012269077693414 0.007453308198962368 0)
(0.9809283890594793 -0.0003815101723316053 -1.932483189764472e-21)
(0.8549252442078963 0.009696023402139547 -1.124249126320139e-20)
(1.013965969380122 0.002764010283974979 -9.514718522418731e-21)
(1.022593647890484 0.0017446826161786 1.860438843581017e-20)
(0.9820479276024552 0.0007541466288173168 0)
(1.007825473612479 0.01074187585405108 3.211411390037304e-20)
(1.110558276746344 -0.001552432004317427 0)
(0.9346799820064045 0.01206566359496976 -3.20773970232296e-20)
(0.9534276246397407 7.162143915586964e-06 0)
(0.9007058417504726 0.2019594775524712 4.94469612617949e-20)
(1.011171727006438 0.06749616674252318 0)
(0.9907319368866514 0.004801537032199271 -2.287223949132291e-20)
(1.057514688335854 -0.04896613661593792 -2.781857392809291e-20)
(0.9940197421152052 -3.399555702975923e-05 3.249353647133379e-20)
(1.006702287240374 0.005757633911824289 0)
(0.9804143474794181 0.0005677872301247077 -3.011160841772601e-20)
(1.178752766452809 0.100511615557031 -3.375499590810987e-19)
(1.068280672472681 -0.2639492224802313 0)
(0.9944965125318219 0.0005673465969584094 -2.26401300755933e-20)
(0.9742481494866103 0.003797628600756947 4.75185011032411e-21)
(0.9594768976660317 -0.001965741059978526 1.026293558981512e-21)
(0.7460043851874675 -0.001066362248766184 0)
(1.11887656389597 -0.06902743167908659 0)
(1.004157102211596 -0.0004780982228169881 -2.244144628967756e-20)
(0.9079309055599466 0.007413318022345248 -1.081035701776093e-20)
(0.8404731686034149 -0.0008542971939866625 3.81160262390812e-21)
(1.012019482245211 -0.006139919852582189 0)
(0.9622678134389298 0.01340434336951511 1.507562115874337e-20)
(1.005648431121189 -0.0001929275982817473 -2.240468739915679e-20)
(1.026574924044379 -0.001749802867264477 -2.477705882752895e-20)
(1.113900126767457 -0.00417793222671995 -4.905971157227234e-21)
(1.116003438379321 -0.005072511461161955 0)
(1.009621627607051 0.001586257770424352 0)
(1.023227022954434 -0.00303769134713263 0)
(0.9455860123997694 0.007250897336492704 -1.99136201090293e-20)
(1.017866639356199 0.01333099487640484 5.635131016535768e-20)
(1.08794690325337 -0.002928222382564185 -2.361992183836477e-20)
(1.038402190008949 -0.002318060977102345 0)
(1.109067783051855 -0.002617492528457099 1.831549365538895e-21)
(0.9943887839812835 0.001000180912630344 -2.244633302822124e-20)
(0.9798312672432807 -0.0008823534158416289 0)
(1.009945707642309 0.002351970542360189 4.695312331742414e-20)
(1.362897956402481 -0.3139211568921332 -1.119288982876318e-18)
(1.120629762262108 -0.04468279796098287 -1.112032797198009e-19)
(0.9726506549953156 0.01149211572733822 4.48794018346013e-20)
(0.7681053840404326 0.01025015634596861 -3.596724890956742e-20)
(1.223681153631356 0.04920106070807546 0)
(1.215463969321173 -0.1294729325491898 -1.483075980272497e-19)
(1.085748412284147 -0.004449068707130236 0)
(1.008803068986641 0.0004529127098198614 2.28862490802315e-20)
(-0.2004180842623225 -0.1040828286048439 0)
(0.9939696268095229 -0.00467202486888992 0)
(1.012326159440837 -0.02303323095948116 3.882011357450853e-20)
(0.7063845817082616 -0.01942826028694496 0)
(1.096791970273071 -0.01492592304523603 2.348086093369834e-21)
(1.038930122915298 0.003671531581072143 1.505403742544287e-20)
(0.633219386094278 0.004144201573268078 0)
(1.445989347419863 -0.1241710472704402 0)
(0.9857779938392227 0.002057280542110467 -1.067055996485891e-20)
(1.069652391233292 -0.0150742050249912 0)
(1.037838777540502 0.0005362482004181617 2.044883052705743e-20)
(1.084617382595306 -0.001842392632621472 0)
(1.011976435836304 -0.006291801308184975 -1.221814637561585e-21)
(1.006030776083976 0.003313691768255386 0)
(1.008196338208335 0.003511267564209241 -1.235373030538728e-21)
(1.004298037704023 -0.02024441661133622 0)
(1.036095533956327 -0.007745114347002555 1.807902682926853e-20)
(-0.1966410696908982 0.04276511306375415 2.818027966893729e-19)
(0.8061129331986834 0.03031555375213779 5.977576069677172e-20)
(1.005050751072265 0.002166737505507813 0)
(1.121559206611758 0.01137432143356928 -1.216320812011951e-20)
(1.109604586103274 0.004008556438541251 9.356260201586951e-21)
(1.054178575305443 -0.01276630373807316 -1.329685124279268e-19)
(0.9987717443794454 0.01040335776589649 -3.661960886988139e-22)
(1.08427047505073 -0.006075717283708866 0)
(1.188863086112098 0.05028651198826037 0)
(0.8350484990555204 -0.07450360899596919 4.608046025403342e-19)
(1.089761811151454 -0.005060849475936481 0)
(1.033779542216095 0.007901346679504139 -7.718237728738541e-21)
(1.04257521501867 0.005373913905183809 5.637209915708378e-21)
(1.053019676742498 -0.05832892638952241 -7.595316931814745e-21)
(1.139442527264311 -0.002187382420965762 1.724753629924663e-19)
(1.080671110038319 0.002757965793164396 0)
(0.9943626128141068 0.001967295750356579 0)
(0.9981711220798294 -0.02619753117693089 -2.432798558000972e-21)
(0.9907446876609387 0.00359590800948544 0)
(1.030418654700195 -0.03651862580660879 6.522655436070895e-20)
(1.291618618473012 -0.09850813354989933 0)
(1.040998072997408 0.0007786311896458917 -4.013386580760107e-21)
(0.9861873068339958 0.01687796529635769 -9.095366475331967e-20)
(1.033809270662903 0.04319789932625589 -2.318499790543014e-21)
(-0.07700504901362624 0.1910633244972751 -1.739543804532302e-19)
(-0.06948822871927371 -0.2847706705945083 -1.298215435762487e-19)
(0.8776497527244784 0.1160944698783904 0)
(0.2763687300089666 -0.02557745648402896 -2.987308941306789e-19)
(1.00864278787464 -0.006927466276964559 -9.433979868462298e-21)
(1.063968041703782 0.002711185447306268 -2.062132022465301e-20)
(0.9922951878369088 -0.02181617968167294 3.092898247244355e-20)
(1.027043407699448 -0.02986955951837384 2.685946343552557e-21)
(1.009759175851241 -0.03043755213740864 -6.717193725921762e-20)
(0.9888171472817324 0.004891661067592214 -3.492674301456454e-20)
(0.993741780371589 0.004949744654553751 0)
(1.024409650915481 -0.002163866329193659 -3.480298636310077e-21)
(1.930817341780919 -0.1564704379947179 1.065313593603839e-18)
(1.048126052243312 -0.01168957023801036 0)
(0.9967388407877168 0.007829398756211314 1.486395928463748e-20)
(1.003608872797391 -0.0005519710397631339 3.992805092811631e-20)
(1.170826089463979 0.1588799276408867 0)
(1.006764371710223 -0.02040438130495384 4.141791569519589e-21)
(0.9534542018966544 0.003693709792540048 0)
(1.037845908045344 0.04172125469415851 0)
(1.299471793446098 0.1491236324725985 2.2043676835867e-19)
(1.076255223729647 -0.001134080133962866 2.332968739088332e-20)
(1.016017746997333 0.0308318168957012 4.457311604196248e-20)
(1.078333653171764 0.004094890578958709 -2.246167994005268e-20)
(1.058045606116041 -0.02372306162526042 -4.370212933603302e-21)
(-0.3898289748511102 -0.04352156776927839 0)
(0.999477950667732 0.01248392373408965 0)
(0.125170215594147 0.05377174569568404 -9.476840543115035e-20)
(1.005846442877588 0.02045003624558289 -3.987663019105371e-20)
(1.007117565225688 -0.02595756337473763 0)
(1.00098820705403 0.005316222125732117 -4.871707570713637e-21)
(1.082013723287553 -0.04234276005159853 0)
(0.994125618827883 -0.01894056033770578 -8.135616246444671e-21)
(1.099552297139973 -0.04974355073994495 0)
(1.442509357643029 0.1691677634053615 0)
(1.054798359551546 -0.01188586014191028 0)
(0.9916600351403196 -0.02478328875390443 -4.157700680656058e-20)
(0.9912788884594803 -0.02281455833442153 -3.408884804167038e-21)
(1.017155698350948 -0.02180608625308456 -2.172617565029201e-20)
(0.9966637174546122 0.01699635760682157 -5.382364317564253e-20)
(0.996077835854831 0.009483893361069081 -1.448598719262166e-20)
(0.9954477844092088 -0.02744385670544738 0)
(1.001574549688072 0.02430080388073916 1.872351281945018e-20)
(1.042408776780763 -0.02318225269068602 0)
(1.110813289571702 -0.03643774843577775 2.520565977272751e-19)
(0.9952651203098574 0.01658274084775002 4.455710514375369e-20)
(0.615043031092008 -0.008694592889762168 0)
(1.156117113481801 0.1601383386437928 8.008436676306353e-22)
(0.8245505220574975 -0.07992913736564546 0)
(1.138732780064192 0.07253993519757745 -2.802951685277869e-19)
(1.314248496599641 -0.3884717033392673 1.27615370469713e-19)
(1.071465008702441 0.06712945986660339 -1.259028755926408e-20)
(1.011704590655566 -0.03028913692610771 0)
(0.9551378106759505 -0.214615105394664 0)
(0.5502356924220633 0.178063920464415 0)
(1.014959081874605 0.01347794674661142 1.05222114128329e-21)
(0.711212767305055 -0.01389481634273984 0)
(0.99869899269636 0.01625349635793424 3.43346116667343e-20)
(1.026181493205147 -0.0006101594622436248 -2.664022323404722e-20)
(1.079035189508925 -0.008013790459544963 2.629432569448483e-21)
(1.054439984074924 -0.02469497915492443 2.528223697602649e-20)
(1.04293522570199 0.01139476194276794 0)
(1.055752758875428 0.02105897269075968 -8.848514055509739e-21)
(1.050898894043221 0.03615151494420932 -1.763160327828051e-20)
(0.9838634893443199 -0.02219909459647697 0)
(0.6248799564748859 0.005116501498103249 9.17147011988584e-20)
(0.8941630741261024 -0.005950748570773817 -8.846911044052241e-20)
(0.9093586325224763 0.005224592041015054 1.450613957934241e-20)
(0.6296501834754946 -0.006438272027114887 1.41105105825131e-20)
(0.980813069602876 -0.0002171107084929551 2.474775878635743e-20)
(1.004408168897198 -0.01755836201354512 -3.291836581011616e-20)
(0.9802873279221028 -0.02638531888897363 -2.727991086398773e-20)
(1.085641035301648 0.001562114727274245 0)
(1.01907109618059 0.005313142136459315 1.056562403992702e-20)
(1.132891770489259 0.04819344882525509 1.351567826524586e-19)
(1.031692691023431 0.04270275283194752 0)
(1.022532186487914 0.002616501322165324 0)
(1.58163092510058 -0.168155365028494 4.355039660864895e-19)
(1.053235887485341 -0.03529124623335105 0)
(1.021536453821907 0.01047882885079025 -3.593687238080904e-20)
(1.083250728111652 0.003652589944612448 0)
(0.4931872653354703 0.003491980152297128 0)
(-0.01028153164343717 0.005803513818591024 0)
(0.9910048270264342 -0.02349612242672455 1.254832037047675e-20)
(1.300356020903609 -0.09682042025177563 3.660685739244926e-19)
(1.030870816230552 0.03710010640226821 0)
(1.022576870483487 0.003558108372100609 -2.17645350080054e-20)
(0.9298615224409177 -0.1616881886289243 -6.38692882685906e-21)
(1.25591462664952 0.07344504239416796 0)
(0.5983525060936492 0.7308709761435661 0)
(1.306404765665453 0.1406172563360713 1.036575135096429e-19)
(1.674262035053286 -0.02668610330008508 0)
(1.065759703098952 0.1338636530571321 0)
(0.728341102390514 -0.001618141906265558 3.994741300464517e-21)
(1.046507236284022 0.04762716223342195 0)
(0.7448992452886213 0.1123605812908306 1.381735257295649e-19)
(0.9968187876454646 -0.01627727968756226 3.586222286995001e-19)
(1.038568145091841 -0.03888002989687284 2.689163868506412e-20)
(-0.3728611209619042 -0.05618692909659426 0)
(1.072102441472894 -0.01616356151676319 0)
(1.085896853546746 -0.01271593561953189 0)
(0.6478670094911307 -0.502278522836481 -2.49688837174571e-19)
(0.9904992996713994 -1.164910242281876e-05 0)
(1.092162829539129 -0.0220555556330221 6.883905027244869e-22)
(1.188562095555186 0.1207051002203838 -2.04961115258933e-19)
(1.099416792971771 -0.04264467736368837 0)
(1.005653415667826 -0.02071557841076587 0)
(0.7793859679739991 -0.1927083009808828 -1.655096301880259e-19)
(0.8890981483179816 -0.142476208912924 1.456823642275057e-19)
(1.033919299045516 0.01221603686754181 -2.047916964137368e-20)
(1.023133081260607 -0.009116394290799603 -4.266747658818401e-20)
(0.871297667147364 -0.0002210334344358509 5.171404302493069e-23)
(1.503258555320611 -0.1947728954680714 0)
(1.307060267232119 0.1095021138090307 3.006960084181034e-20)
(1.241107385131332 -0.07839760752118027 -3.250794754237541e-21)
(1.095838211618213 -0.01878342349422198 -4.015393275337899e-20)
(1.038023039684168 -0.01849517479093451 3.087936610065792e-20)
(1.092810436885397 -0.03914178058670142 9.577706528888073e-20)
(1.03243465249348 0.02045795058156853 0)
(1.051431802132812 -0.03404901443291902 0)
(1.115885584985888 -0.009006314982658546 0)
(1.100674352481799 -0.03724476256567508 0)
(0.9982556929802138 0.01076710805727765 0)
(1.15422143749424 0.07932733210254332 9.376592836214929e-20)
(1.34284445730928 -0.1604490708486575 0)
(1.041294821482307 -0.02665671032567757 -2.573318864634508e-22)
(1.048873219492676 0.05478832565938337 0)
(1.010065303471406 0.0141563944800673 -3.793135556140628e-20)
(1.033542963405343 -0.007755975056864024 9.38845809243466e-21)
(1.088974387835958 0.01337652724037497 -3.162482699479831e-20)
(1.084273039706757 -0.02883008610094149 0)
(1.073249131834209 -0.001037980358565456 0)
(1.100804976208076 0.09239391242268111 -1.396407902039497e-18)
(0.9350298268834455 -0.1487137136994638 -7.110146884638023e-20)
(1.179155107157728 0.115043587356069 1.141429106472142e-19)
(-0.454187751826339 -0.03056497208135473 -2.920826040410556e-19)
(1.018434984707519 0.02970849082510964 -8.540319897304724e-20)
(1.007294999108606 -0.0009827236168718919 0)
(-0.242809222431274 -0.001660977757161546 3.580160951369705e-19)
(-0.03439315826483579 0.3213597576048163 7.723782969038003e-21)
(0.9952083804756138 -0.006301564259290699 8.902961068670177e-20)
(0.1830367105908556 -0.04446544134127014 1.285663206807136e-19)
(1.089146509545436 0.09171495146305225 1.43256436806135e-20)
(0.09335950089153562 -0.1085101192335564 -5.383161972618129e-20)
(1.108279955764884 0.00311346626552065 0)
(1.09376648625973 0.2488286185171613 0)
(1.021098030215253 0.02170469459523144 -1.672785968731999e-20)
(1.062627163726522 0.05801732980560239 0)
(1.024517606394126 0.02400743030856712 -8.321148003661776e-21)
(1.261172226970209 -0.5481159798709304 7.987176859589382e-19)
(-0.09674197560369152 -0.2374838931087739 2.07279714798239e-19)
(1.299377339641138 0.110561467037439 -6.10726462461638e-19)
(1.124066310423453 0.000217145238426545 0)
(1.129162879937707 0.108088366311023 0)
(0.5197455501790749 0.0758747761855651 2.400574126085279e-19)
(1.023152154468852 -0.02047181572908514 9.613435982887826e-20)
(1.00586700178134 -0.02314072077065165 0)
(1.212485386508875 0.2709733671163567 -9.819020230395104e-20)
(1.253941824559952 0.1253717091566868 -1.489679438045766e-19)
(1.02648837398301 0.00296085702099055 1.595858359478879e-20)
(1.296046808333084 -0.08516012702048367 -4.945374032642292e-19)
(0.3101300211649988 -0.02426949127970299 2.919388485018359e-19)
(0.8352167626363435 -0.1507238679236998 6.939357465684178e-19)
(1.047120331088663 0.06474831035584767 1.10147864190505e-19)
(1.039001664778769 0.0009407729510283972 1.383522163280095e-21)
(1.000702662411493 0.01937824331352951 2.836178224131426e-20)
(1.066484193744058 -0.03686262269429187 0)
(1.034533455884881 -0.03845171906531816 -1.436786200170537e-19)
(1.016906582445997 0.0349499752967404 -4.544459085837642e-20)
(-0.06847507139299064 0.08646085250898718 -4.91827650568782e-19)
(1.010799964667503 -0.05779818929022583 0)
(0.8975593392245776 0.007327431331786156 0)
(1.092707226797303 0.001195578324686495 0)
(1.35885099652463 0.2552831685837519 3.727998406344621e-19)
(1.692703895469836 0.1022397590689798 1.31800528357772e-18)
(1.406084532546435 0.1444830578979674 0)
(1.032356943365518 0.02087226869540753 1.007943094568921e-20)
(0.3422830043362014 0.02872875932768785 3.211611864553547e-19)
(1.12680377949729 0.0008923935900266921 0)
(1.098846616024247 -0.0269923185865582 3.229775466450616e-21)
(1.097703916567982 -0.03166330784821382 2.670135665634098e-22)
(1.140292885042941 0.1048053104645839 0)
(1.300578691670827 0.05347390008732189 0)
(1.039944682915364 0.001045281720207277 1.16721619288146e-20)
(-0.1500855808981726 -0.1033253894807599 -3.816426909354964e-19)
(1.326081810477915 -0.1546504920553624 -2.173904513260668e-19)
(1.067902717974055 -0.007360343547358667 0)
(1.013323470678465 0.01530194518674009 3.00088697852881e-20)
(1.147743470309764 -0.08971423373792405 0)
(1.016106659236309 -0.01748376779529454 -1.148973258825958e-19)
(1.030665032468492 0.007958064233295729 0)
(1.510757668504834 0.08568666489064179 -2.795986830619896e-19)
(-0.06032713669732725 0.0383427813139393 7.734265438693733e-19)
(1.098289209397855 0.05143986069567166 2.06272104180575e-20)
(1.092884465872831 0.07876778994007892 2.150280398212396e-19)
(1.009920121502361 0.00849818215563916 -6.05485684772697e-21)
(0.003419082854249751 -0.115067396238271 -4.741977517866489e-20)
(0.02042649569387411 0.1066054641530856 3.742310970494809e-19)
(1.236813285962628 0.1399647195585046 -1.611490972600876e-19)
(1.104669776601517 0.09473748364495926 0)
(1.0878778153604 0.02503326711831218 1.789125817820941e-19)
(1.007161024077471 0.02205966464028276 1.768253776934732e-19)
(1.028604661524492 0.001024743343456169 -3.686979418810705e-20)
(1.223701442559874 0.1411711397028664 2.620405464956766e-19)
(1.397480328742268 -0.135233782227543 -2.104349986488277e-19)
(1.066070528808162 0.05006876073663888 -7.400782054779705e-20)
(0.993750268357582 0.006782453889949635 0)
(1.080157074216313 0.07498600803089772 0)
(0.9793314460126962 0.005743586495216101 0)
(0.9949451083730892 0.008674470481626255 2.300400459051384e-20)
(0.4955362518141578 -0.07608001063302078 0)
(0.991796781137024 0.004079461140377117 1.81969226501856e-22)
(1.289843416069319 0.07533476497985597 0)
(1.005861041596835 0.007188782134368313 2.200294889255287e-20)
(0.8058745613836441 -0.125077110609279 6.029625493585346e-20)
(1.098176772281288 -0.02239215535021243 -9.216476401405432e-21)
(0.9398549525965464 0.01657158796749105 -1.77061434554236e-20)
(1.443695297370247 -0.2867090243408186 -5.401870640223223e-19)
(1.138080400990128 -0.09266493300220938 4.760225334869593e-19)
(1.088778780718124 -0.02520213403523054 0)
(1.930065729508533 -0.4706071887402481 0)
(1.620324072841995 0.1874875995257259 0)
(0.9844267193827473 0.004977969762881023 -9.616050238232851e-21)
(0.8600899039626433 0.7747906501614845 2.421088325946154e-19)
(-0.008150197815938801 0.2048635894630159 5.555099716391142e-19)
(1.042570994667 0.008832539419283027 0)
(-0.2195212757414414 -0.08740203061185212 2.028246885563202e-19)
(0.9845250705938232 -0.00250514593809731 4.11213895713024e-20)
(1.181524657006162 0.1614847465768136 -1.655027879266703e-20)
(1.044521833274281 -0.02229565482881591 5.4099642543983e-20)
(1.046836514867362 -0.1405744559194796 1.4355677172184e-19)
(1.136165858760094 0.001246989818381679 4.546707904579456e-21)
(1.104817135141013 -0.01684337045901206 0)
(1.311801253924131 0.5308665510188925 -6.056710270047889e-19)
(1.030681210255484 -0.003037490519122527 -2.170710240440735e-20)
(-0.2883410876524869 -0.07350346500877179 -2.023430121025904e-19)
(0.6794952115843235 0.01846226975141844 0)
(1.085990905778429 -0.6972741466157458 -4.799720976600292e-20)
(1.316528672552684 0.08524274464813487 -1.112680171125449e-18)
(1.114082753169929 -0.1084168598962102 0)
(1.08832885488076 0.2797091121840564 0)
(0.9724514745778458 0.003757202798235229 -6.173215975588915e-19)
(1.062787060805392 0.01067288729232065 -4.349996632862427e-21)
(0.9245835348716189 -0.01211504697344273 0)
(1.090641661743708 0.0308649499881478 -1.760608963409605e-20)
(1.36661468769897 0.2115775974637935 -1.822899046320948e-19)
(0.7324556394040436 0.09888254568935044 -1.050128400668406e-18)
(1.078893548220802 -0.0005720250903709881 0)
(1.262976767766405 -0.06098882323983371 7.106390911610244e-20)
(1.006304308191936 -0.0002362046950864713 0)
(0.8480772970906603 -0.7741524715353831 -6.035742231249267e-22)
(1.081554555739567 -0.05223493112858026 -1.072169319466079e-19)
(0.8768452297848703 0.3259699988240009 2.915133138310194e-19)
(0.8372072725540727 -0.2025391427116068 0)
(1.030757325851249 -0.03468939270658993 0)
(1.053848573948925 -0.02834618982531587 0)
(1.008239965821862 -0.0005867185695939398 0)
(0.9811512692551307 0.006178744473429761 0)
(1.350976454538463 -0.2397865215570246 0)
(-0.08576195318517343 0.1742990519468924 2.448828572843984e-19)
(-0.03360266111402858 0.0710899548415329 -7.465567318569874e-20)
(0.2176946740239614 -0.1112226980563699 -4.261355377500882e-19)
(1.517863120637293 -0.4381889001518668 0)
(1.034491326852681 -0.01646542346462774 0)
(1.769305311056766 -0.7576694208468348 -2.334866527794264e-19)
(1.134138641528447 0.0009399109930499456 6.413964798138359e-21)
(1.325497495537378 -0.09318393257988442 2.857761067031976e-19)
(1.109241372436684 0.7098158062236974 1.436207399512355e-20)
(0.3392152429116898 0.5944380679385861 -2.172750452228136e-19)
(0.6768246196046563 0.4603356557003634 -4.753344746512985e-19)
(1.051497420865985 -0.1577279800145642 -2.072152597276862e-20)
(1.224702522979191 -0.3597245534411075 0)
(-0.04858319185295289 0.1977259022686218 -7.531305969490982e-19)
(1.047127887344179 0.02340110418689436 0)
(1.104298906242354 0.03629956094664903 -1.571374164719728e-19)
(0.8155574398292355 0.8979515249357969 0)
(1.063810523180979 0.03813186951223471 7.511552255261307e-21)
(0.2696944326865801 -0.06749457512216037 0)
(1.101948001201742 0.02574431177204596 2.437966611045643e-20)
(1.373094174574862 0.3247988896943629 -5.591619765247831e-19)
(1.074413510870204 -0.01256659553397898 -1.679686235349935e-19)
(1.472203465456573 0.15876664435397 -2.555406828182085e-19)
(1.332956817306407 0.4189218195088588 0)
(1.176354575782598 -0.2727557017820597 0)
(1.302845772466824 -0.1389141123304281 -1.235646180999782e-19)
(1.066862533139315 0.01621617966483938 -3.334330061532975e-20)
(1.060652944068553 -0.01200677255823424 0)
(0.736302551961167 0.140542603220687 -1.095906815224392e-19)
(0.7733757754384611 -0.5753888803610483 -5.814840602776326e-20)
(0.6669117668710119 0.2051121609516155 9.568983122692172e-19)
(0.9765950205399326 0.1076858265932003 3.330438881182521e-19)
(-0.003606660285396813 0.08723630511989364 0)
(0.5609848808304804 0.01118630112404938 -6.466514384808064e-19)
(1.058243068308981 -0.03899791707958857 -1.905245391868342e-21)
(0.7016486667454964 -0.1250136607681391 -2.841466088001281e-19)
(0.001146235709981121 0.2215916256360527 -3.130935540262157e-19)
(1.179885100123021 -0.07883589454329516 0)
(0.3975808670699811 0.01424525407897794 0)
(0.1607301203460646 0.3732204091877812 0)
(1.443831837722788 -0.2655833723325871 0)
(0.2337896358080857 -0.3561591078804648 -6.432836393407832e-19)
(1.593847407767786 0.03813010533976351 -3.849661423456122e-19)
(1.02510650318757 -0.2011649676754455 0)
(0.6679807488249982 0.01557807812040017 2.443015002409013e-19)
(1.024643409262404 -0.01092227750419531 3.57059637101036e-20)
(1.138928492548814 0.2362120003144991 0)
(1.737417288032755 -0.1131966701044792 0)
(0.5802134466548605 -0.7355732952976431 -6.70750598804641e-20)
(1.269388700426078 -0.1104614699610164 -1.016536497690558e-19)
(1.408407555451562 -0.08774585096166435 -4.36530703037482e-19)
(1.48562434734741 -0.06774201419464441 3.706830894196054e-19)
(0.09529614923360048 0.1019196116281313 0)
(-0.1037514764195275 0.08564866488869781 2.865214117007621e-19)
(1.03821172765261 -0.06331057176844593 -4.761680217506285e-21)
(1.119725203874125 -0.1402864212633238 0)
(0.6403246054828124 -0.3549535659106923 5.228796628711e-19)
(1.048787802568451 -0.06321277941468025 1.349096760569184e-20)
(0.8445641477477913 -0.1422489385643433 0)
(1.314198895080944 -0.1381251228276775 -1.092045589064959e-20)
(1.120537844832044 0.08419263941051251 -4.358245222657314e-20)
(1.091053507169704 -0.004956154763718237 0)
(1.128855177110993 0.5711207565089363 -1.13242150628808e-19)
(0.3417075273886291 -0.5976789749643787 0)
(1.060678865431083 -0.003264580004228516 2.812220591159323e-20)
(1.096956873630778 -0.005843130000312722 2.697764260572979e-19)
(0.08905428596603455 0.1405069170959652 -1.730794990102247e-19)
(1.182244739729831 1.003099693587589 -2.257310914782167e-19)
(1.367528607973548 -0.1385618673549028 -8.738314908574529e-20)
(0.9434563787215029 0.1283857507830366 7.026197002795025e-20)
(0.9976967437430195 0.003754200015214296 1.019499743032912e-20)
(1.057183892186937 -0.1462794435182635 1.832728519087344e-20)
(1.506299280070697 -0.947596517768254 -5.203058700311646e-19)
(1.534801045149374 0.9514486917657952 2.37962014702147e-20)
(1.429148437824491 0.2218853915946482 3.340479233496879e-19)
(1.028471521488128 -0.007347855256087037 2.10122012773674e-19)
(1.035323190828815 -0.0331452767529203 1.575595405503054e-19)
(0.9916553834724159 0.02203273803557716 -1.87914705894391e-20)
(1.057974068511554 0.03840687986354102 -1.489230820271404e-19)
(1.078713271679476 -0.06551873877046172 2.809069021054502e-20)
(1.437065203336073 -0.1388109557722937 3.437483474365369e-19)
(1.822329364694817 0.74940429213354 1.870955861580513e-19)
(1.032427932010144 0.03082485032226836 9.659312818454912e-21)
(1.071907173509163 0.01368983023131371 -1.076212592565377e-19)
(1.990460382424239 0.4783247251618706 5.39056826199667e-19)
(1.933780340391838 0.1598906430190875 9.40771254753275e-19)
(1.082513918711919 0.6397537949495413 -9.951366590099663e-20)
(1.110198388117692 0.1718181316729555 0)
(1.044122647898768 0.02302768419448071 0)
(0.5111275919374836 0.4407233236741481 1.158822064870125e-18)
(1.374257679119535 -0.2987893784270529 1.856093763343283e-19)
(1.187412314922365 -0.148940397210137 0)
(1.635992994802674 0.23575395963399 -6.246791766517747e-20)
(0.8110188264164145 -0.1560898363198688 -1.323805520006833e-19)
(1.325862426449832 -0.2094287180327812 -8.96733325038134e-20)
(1.251125593147621 0.3900716072746324 1.461758622274294e-19)
(0.4926168351160464 0.1976511862072675 -5.590975786078991e-19)
(1.691561626833563 -0.02115738135401711 3.319570649785451e-20)
(0.8551650753325131 -0.5437444978968133 2.315769250109078e-19)
(0.9985104137809336 0.02362112937801984 0)
(1.62270271319643 -0.1884063783291147 -3.149835773494656e-19)
(1.090608155968451 0.1006566651102186 0)
(1.340786214728382 0.5818776848706435 0)
(0.9415226434684153 -0.4128978385611172 -2.794161965910177e-20)
(1.247674419209614 -0.02744266217410297 0)
(1.03824674539192 -0.003742844305246716 -1.270711957752891e-19)
(0.72142808882625 0.1069944105485139 2.936401099843401e-19)
(1.322359748169322 -0.5807544714943398 -5.526441199578731e-19)
(1.050804267560824 -0.6320892905157376 9.030157742861293e-21)
(0.3510688690547923 -0.3757216243345431 -8.622139774608227e-20)
(1.006932923590923 -0.09523966824965664 0)
(0.4461597124805401 0.3038825608918521 1.678246426997336e-18)
(0.2837838910324283 0.02727907481269791 0)
(1.312256437503151 -0.1415712404937423 8.159055352889726e-20)
(1.573931042013238 0.1887088863509799 0)
(1.167835569787363 0.447575532975077 1.360242209319044e-19)
(1.053778713558351 0.1533353934876213 -6.10161962773437e-20)
(1.031733747252652 0.004453381146336637 -2.053717414429242e-19)
(0.9577502308190029 0.4102532804157937 0)
(1.161148309636928 -1.009263001228675 5.75239225671807e-20)
(0.8910519076353077 0.01063152574411809 0)
(1.069994930007256 0.3798036350400508 0)
(1.05292474896363 0.02956336078004412 -3.951754948236586e-21)
(1.470970436861646 -0.299514555999953 0)
(1.242878861200323 -0.1851138643068059 -2.913013998827181e-19)
(-0.002579350786375045 0.01474144456300793 -2.04577821672068e-19)
(0.2391919340770635 0.02038627642044661 8.860568545338103e-19)
(0.9808843387244192 -0.09811857394750909 0)
(0.4727290746277731 0.6489494356664998 -2.531624685965336e-19)
(0.9174931055933028 0.03098818767399346 0)
(1.539861086328826 0.4154445122799827 5.516153814629703e-19)
(0.4741039923744143 0.1358962610762583 -6.078969372152688e-19)
(0.0519523683638689 0.1673238600010049 0)
(-0.4209468830188411 -0.05910699880938292 0)
(1.032302608702147 -0.0001981231451859726 1.302013083014134e-20)
(1.656331544921943 -0.2264563251361813 -1.093422970411357e-18)
(1.108255184313476 -0.5624527531668877 2.336979254108637e-19)
(0.7821648333369926 0.3344679962165636 -8.708463230358023e-19)
(0.9151475480749487 0.1307995563589021 1.463625114080991e-19)
(1.043761373820156 -0.00355584998432203 0)
(-0.2909905363250604 -0.1090528229933345 3.901950646185036e-19)
(1.033574161882596 0.04674903870311571 0)
(1.200319440495576 -0.2467298461558469 0)
(1.564160330148002 -0.1914005694125056 5.23060416154967e-19)
(1.126789487964446 0.0766607997271517 -7.516565999021189e-20)
(1.07565326777485 -0.1484285110424161 8.392330560855515e-20)
(-0.04156340471336733 0.0922660671842289 3.445953465617692e-19)
(-0.07542117846341972 -0.1662803283608074 2.706833727520227e-19)
(1.068538751479942 0.2092093906633369 0)
(1.09805516760999 0.06049508739635555 2.102361555331841e-19)
(1.490731917092955 0.2836965069110974 -3.554371139634059e-19)
(1.321475315539913 -0.4871237946747664 2.34468161485225e-19)
(1.146872563716833 -0.1460553776508034 0)
(1.121714592754197 0.1505458399494208 0)
(0.5261129034358731 -0.687919972380608 4.166045167167757e-19)
(1.313725499390799 -0.04101929475128745 -3.017951941969284e-19)
(0.9988913715218061 0.09849170002859543 2.455444813440628e-19)
(0.3130054481086256 0.3577395680908818 -8.884110302124982e-19)
(1.023879168531362 0.10526871697933 -4.004643186791097e-19)
(1.036330075160679 -0.3955895176434009 -5.303674240352156e-20)
(1.461670322596699 0.1071674170280476 -6.585718276149448e-19)
(0.7790002447392839 -0.883604939287481 0)
(1.056571781819582 -0.03091151070418171 0)
(1.135686511942535 0.1631955475047185 0)
(1.619223433602634 -0.04214479345829621 0)
(0.8154284280081284 0.5946820018932799 -2.004535037907439e-20)
(1.490387594270452 -0.3573319039430199 4.516137854195365e-19)
(1.543189531049412 0.146241553202094 0)
(1.1350907456125 -0.4586521856638656 -1.603941555192216e-19)
(1.462947954024529 0.3434933687137874 -3.581850366220906e-19)
(1.009620007801522 0.0285085853560311 0)
(0.2197136366262065 0.001612591784177729 -2.522057383999615e-19)
(1.337866815719821 0.510646646212998 0)
(0.9759921018546228 0.006943469799761382 -3.88883030890103e-20)
(0.7628971411922291 -0.3003211439951324 -2.073285694240411e-19)
(0.5084157068630618 -0.08138590191345937 7.889545718399805e-19)
(0.22548329238051 0.04878504269215832 3.752443232382283e-19)
(1.061582954690938 -0.1381748526232773 0)
(0.03478802668829691 0.004371403132114956 0)
(0.3451440848531235 0.04137643081306931 -3.015678092972102e-19)
(1.005809483688995 0.01772892313563166 0)
(1.454585121243977 -0.01036375621139889 0)
(1.006874884212751 0.02896430163623192 0)
(0.4683871077007101 -0.2732718542051158 -1.007980808402672e-18)
(1.049380331406522 0.08874919867772559 0)
(1.52589375184169 0.03900201055508298 0)
(0.2310306996678351 0.1123000814540273 5.440068849308634e-19)
(0.8792415633236719 -0.3216575731323957 0)
(1.367363813033619 0.05130816059964367 2.719505724299656e-19)
(1.23889292921386 0.2044767220288645 2.098077901736435e-20)
(0.8990303275900523 0.5544479999886416 1.519408520199924e-20)
(1.034105686726055 0.09937900002977117 4.54696398072603e-20)
(1.031884551168202 -0.1485653745533821 0)
(1.368271916350549 -0.02470671104928641 0)
(1.286978568508619 -0.1242770091415415 0)
(0.6245344885205646 -0.03950910095346422 -1.364113037481615e-19)
)
;

boundaryField
{
    FrontBack
    {
        type            empty;
    }
    Top
    {
        type            noSlip;
    }
    In
    {
        type            fixedValue;
        value           uniform (1 0 0);
    }
    Bottom
    {
        type            noSlip;
    }
    Out
    {
        type            zeroGradient;
    }
    circle
    {
        type            noSlip;
    }
}


// ************************************************************************* //
