/*--------------------------------*- C++ -*----------------------------------*\
| =========                 |                                                 |
| \\      /  F ield         | OpenFOAM: The Open Source CFD Toolbox           |
|  \\    /   O peration     | Version:  2412                                  |
|   \\  /    A nd           | Website:  www.openfoam.com                      |
|    \\/     M anipulation  |                                                 |
\*---------------------------------------------------------------------------*/
FoamFile
{
    version     2.0;
    format      ascii;
    arch        "LSB;label=32;scalar=64";
    class       volVectorField;
    location    "1004";
    object      U;
}
// * * * * * * * * * * * * * * * * * * * * * * * * * * * * * * * * * * * * * //

dimensions      [0 1 -1 0 0 0 0];

internalField   nonuniform List<vector> 
808
(
(0.7562602702444038 -0.01750215996477414 0)
(1.031538928114177 -0.01262677831115699 0)
(1.111441407648753 -0.006506070520916558 -1.738544632239849e-20)
(1.085120246588058 0.01260190244537968 0)
(1.36433595682635 0.0143923882339988 -3.863302369437299e-19)
(1.038749581320777 -0.009371201809417359 -7.276417257478125e-20)
(1.014109825788661 -0.02112290937811623 -2.40360176934206e-20)
(1.079133775495397 -0.005415472353043496 9.061024689944832e-21)
(1.254806064401733 -0.02036407082916053 6.31145347350849e-20)
(1.085112765734862 0.01023657526508946 0)
(1.009681122947071 -0.007829591998405111 0)
(1.306440890265699 -0.05349295637443981 -3.512569820183229e-19)
(1.086261224394774 -0.00201254093457142 2.043762940990771e-20)
(0.675196440591999 0.006365796169283955 0)
(1.278558048741552 -0.1145092470127087 0)
(1.081511013264286 -0.0002929617754384124 -3.860587788881198e-20)
(1.225903308713706 -0.1433503923150386 -9.509657912627871e-20)
(1.073968890600745 -0.0001474066506570382 3.202386099025869e-20)
(0.9907176818901875 0.003531330026421375 0)
(1.026361666382392 0.009689291082094953 0)
(1.033539377126194 -0.0106940998298957 0)
(0.9875207579617704 0.04466403852991211 0)
(1.051122547928068 -0.005930101517338336 5.67667820691297e-20)
(1.05362517096568 0.009241991426585223 0)
(0.9327815338410732 0.1972906117476403 4.591260504872866e-19)
(1.164683478997488 -0.08455636789663679 0)
(1.186135872331509 -0.01884794519981742 1.565945063142721e-19)
(1.077381436545118 0.009554420056464018 5.216343894577667e-20)
(1.083656784705967 0.002302592817390963 5.097653891694958e-21)
(1.071768357474123 0.03088205946841628 0)
(1.075312187169536 0.002816880090098529 -1.179173479714137e-20)
(1.033062781347846 0.006864188645910325 -1.921386288496878e-19)
(1.059997504754829 0.01466391373859937 -2.362167500983734e-20)
(1.088961881751986 0.005610982087127626 -2.93665661268414e-20)
(1.121012089460325 0.0391298463214677 0)
(0.7550623177676982 -0.123682416740435 -4.540862767852829e-19)
(0.9548086629702347 -0.005869021553696511 0)
(1.068789219631629 0.0222374488353712 0)
(1.068802632821257 0.007296236779489328 0)
(1.073729498803519 0.008898550193872645 -2.828009449899721e-20)
(1.092722952391236 0.02460514636199656 1.100079858581658e-19)
(1.151069436168455 0.003507207611400952 2.155644689043314e-19)
(1.096003028042844 -0.002258624776113792 0)
(1.0154203093925 -0.009109122375466914 0)
(1.133196083209052 -0.09335504128108656 -1.627088755266735e-19)
(1.044093321086507 -0.01160170838091615 -8.169271191315905e-20)
(1.058118386338891 0.02662282961527267 -2.728570252909977e-20)
(1.231517755305424 -0.1123369397037556 -5.58925594393263e-20)
(1.067550278393204 0.01206028885246399 -4.158559670541299e-20)
(1.25845471150595 0.01711504483573993 0)
(0.9964990702966758 -0.01920167198227342 2.187235321162193e-21)
(1.044720242751536 -0.001897406668032957 0)
(1.087606564953975 -0.002064184989722805 0)
(0.9994684977397862 0.007142158079448975 -1.845817130634703e-20)
(1.250443965859186 0.03404357692076444 -2.35544043723661e-19)
(1.063496857968819 0.01807616673925646 5.999052206298491e-20)
(0.9920599944590186 0.01035314146282531 0)
(1.018799676823458 -0.006577341786332891 2.436190224360869e-20)
(1.107598031943694 -0.0003771023545063846 -1.180307584012823e-19)
(1.06108491747242 0.03107443782985838 0)
(-0.08881320023582696 0.009083889473122095 7.549279646424249e-20)
(1.155118998274527 -0.05187806556082065 -1.886308255173874e-19)
(1.006861865403173 -0.006052585624534607 -2.675620223191743e-20)
(1.186910842764698 0.0695852628152058 -1.225808192138794e-19)
(0.9977097248654971 -0.009309886476585736 3.074828484078492e-20)
(1.084330422931927 -0.005475506677586978 0)
(1.248955160491152 0.09725380437483631 0)
(0.6960820203303915 0.003183978058343213 -7.445162383404524e-20)
(0.9887769262193536 -0.01359544874190845 -3.203757141466135e-20)
(1.460732198768308 -0.01876188755822032 4.449292786998505e-19)
(1.060473430990753 0.007610832286819311 -6.64688626368104e-20)
(1.368716789705789 0.09567893549361821 2.878241398882921e-19)
(1.054795002112886 0.006877184059570958 -1.949631148961703e-22)
(1.081100567657938 -0.01385881967910206 -3.207181586711307e-22)
(1.165112006295912 -0.236437332543723 0)
(1.021744775215454 -0.0148949229348293 0)
(1.016964976174091 0.01790192967405304 -3.064241425513659e-20)
(1.385565087627367 0.3484459859888696 4.184045389454919e-19)
(1.097297379741875 -0.04247468330797412 9.504065376824692e-20)
(1.045521232786598 0.209399856328671 2.483806196799356e-19)
(1.124761149975818 -0.06016231003973709 1.164425728386019e-19)
(0.9219379304215851 0.00513892800278662 0)
(0.9753389192495671 0.01850762668332556 0)
(1.004087756201627 -0.04883627993414328 2.88353702314596e-21)
(1.00985297512435 -0.01330330635047671 7.734281628408329e-21)
(1.029895884067907 0.02674822426149695 1.377396146393879e-20)
(1.529994004692407 0.0352121085205134 3.246100341423542e-19)
(1.288893505485461 0.07110997549518883 5.557739850032144e-19)
(1.072311982880396 0.003116419236298051 -9.04247908303278e-20)
(1.196948727265042 -0.0924506672356213 0)
(1.033731467967177 0.001930313824344632 1.320865937126436e-19)
(1.165304611442268 0.02220642300162858 -3.186920585736857e-19)
(1.001450191454063 0.03238483611905453 0)
(0.9996260186922243 0.002031529757778252 0)
(1.044451185760531 7.104353671351218e-05 7.872210503389074e-20)
(1.215027867223795 0.1113863424218249 4.142540863657415e-19)
(1.011095039277952 0.006990370978279639 0)
(1.09203232410772 -0.06838364723041261 -1.058095718701866e-19)
(1.151052765982288 0.03779929566889415 0)
(1.215287197454575 0.09553298863695764 -1.945151453076175e-19)
(1.108203760554746 -0.02882054449021455 -7.76195519368576e-20)
(1.027229550015952 0.01185006659993196 0)
(1.085009961324729 -0.004602410640116694 0)
(1.018900645085495 0.02623995308699734 7.995897820453601e-20)
(1.071801138239095 0.05608034993778863 -9.618304338449504e-21)
(1.103821117614499 -0.004129857316449563 6.339040252461749e-20)
(1.11077805727292 -0.09292863715505613 1.499808180054039e-19)
(0.963856931364576 0.004769871067372036 0)
(1.06596427718503 0.03114551361541489 3.769570799745488e-20)
(1.169091233554832 -0.07655193340687463 2.305367813373155e-19)
(1.051231672288573 0.04672631472478722 -2.885939596337313e-20)
(1.022674977858594 0.06746003193620821 3.700774357301469e-20)
(1.090202936310125 0.02602141417605117 0)
(1.017697381541523 0.01645939138384462 0)
(1.02900068047712 0.009384820686454211 7.86233357814121e-20)
(0.9486139539969475 -0.03332521380790777 0)
(1.052726108707079 -0.00553744647146627 -7.66042259831549e-21)
(1.342864340199493 0.05795753237378879 -1.566320598291692e-19)
(1.079873994349889 -0.01312026411163772 2.65140044034569e-20)
(0.7439495956117274 -0.00172387338145169 0)
(0.5901442912995477 0.1932865943540648 -1.052075863171853e-19)
(0.7062088357762677 -0.002507799205784133 0)
(0.6987635094226065 0.01462367844793419 0)
(1.077645030687755 0.003674426342408694 -6.643955116574106e-22)
(0.9906500476040745 0.01451526451258512 0)
(1.278317286813986 0.1224912020422175 2.512685061885045e-19)
(1.012311256636086 -0.02781923459506181 -7.676915473398898e-21)
(1.046095750271823 0.01903301460101253 1.651411333349392e-21)
(1.058701810917998 -0.01177652690177364 0)
(1.126649107794689 -0.009108899641828557 -5.052676407415667e-20)
(1.271068373842656 0.136919361985312 -2.295427925400835e-19)
(1.089341348130703 -0.01108662970284235 -8.621559013595049e-20)
(1.070265105715305 0.02682432535503269 -1.090541753141648e-19)
(1.040813770344609 0.04676107267521411 7.146113674689917e-20)
(1.022624226695858 -0.003754675876774183 -3.474273732186043e-20)
(1.060845151250251 0.02357474565617928 5.900414293115844e-21)
(1.133901630711182 0.001537986271111963 1.042825549292198e-20)
(1.039086929916059 -0.01546574555279619 -4.817466484885157e-22)
(1.087385902153115 0.03471853405643273 0)
(1.028046616234715 0.01369745843990221 0)
(0.7691070270684196 -0.06966782292784908 -1.80859861669755e-19)
(1.030219978181611 -0.001632240085815624 -6.75357634875893e-20)
(1.129499158684375 -0.005114173659773742 -1.253569998347767e-20)
(0.7034178924793477 0.006573462021539056 7.248450552288532e-20)
(1.174721548479278 0.02003406618066218 -1.942342510006325e-19)
(1.136388018585576 0.00748170948468931 5.017745495460775e-21)
(1.128976218310556 -0.01001446465213689 3.428411409785214e-20)
(1.000935903059435 -0.002941486141901995 -7.223715944372557e-20)
(1.103268393455928 -0.0634657923791306 0)
(0.9883428829339072 0.004966000933412328 0)
(1.057827098573742 0.007050040473224122 0)
(1.005438399749339 0.1880467859880437 -2.426202660083504e-19)
(0.7791681574499201 0.01242412195605251 0)
(0.856934715860509 0.1007563370324853 -8.346721141649786e-20)
(0.07994141796140604 0.03576742507417192 -2.980538977357097e-19)
(1.171939157631529 -0.03010418486823684 -2.25983454238397e-20)
(0.6713107400690334 -0.007304195201265348 2.447169467410135e-20)
(1.168450524441069 -0.09989428127428088 6.888869184776428e-20)
(1.1234158983697 -0.003326739558328013 -5.7099539446214e-21)
(1.154413970102105 -0.04809108204968724 2.195994912572064e-20)
(0.09812882262467193 -0.2199259898539755 0)
(0.2379740618531556 0.07507689798035663 0)
(1.261037027811194 0.1100165515623803 1.904814427643918e-19)
(1.021085712649632 0.01979313212355546 0)
(0.7378352651624058 -0.006251978416160266 0)
(1.075286518965855 -0.01154401838405836 2.737404474771993e-20)
(0.9747545253837014 0.002832609164792866 0)
(1.297779446019908 0.1265454328634895 -1.552385048404434e-19)
(1.057411210674359 0.01104918175367148 0)
(0.9936337454608725 -0.006947494565552367 0)
(1.065029437631293 0.008340104974749647 0)
(1.00619296075145 0.02085309217024304 1.986262289033014e-20)
(0.9383529234153415 0.01567867181141434 1.16967494410202e-20)
(1.177295204570753 -0.2000349667785664 0)
(1.005188450844139 -0.005180596572537653 7.975277637857992e-20)
(1.059140974826648 0.006413697106226068 0)
(0.7746575916057216 -0.003278451398405921 0)
(1.218285555274293 0.02820999750660909 1.649220503926648e-20)
(0.7049478394806092 0.001359498954821858 0)
(1.435836026179915 0.08632815238413552 -5.213445463937187e-20)
(0.9952604782109016 -0.005966901110918416 1.704089305234757e-20)
(1.273163286094633 -0.002037990210800742 -2.966491146175588e-19)
(1.059515492579598 0.009011523800916469 1.360653963584379e-19)
(1.000911838598252 -0.01355590333905735 0)
(1.211866190865772 -0.1405848217751409 2.053119294316796e-19)
(0.7331884784089654 0.01378634142312493 0)
(1.098522498492113 -0.004976469254569507 0)
(1.154403834706107 0.06926456800181037 1.956521629691276e-20)
(1.006818428976361 -0.006436274742942558 -3.046465431026375e-20)
(1.121554827219774 0.05310896300831174 -1.746699720070816e-19)
(0.1018687619066049 -0.09047084493501585 0)
(1.07238734270347 0.03925685935068424 0)
(0.6617810659886368 -0.002901916430863237 -5.656389408378395e-22)
(1.012154563111723 -0.01942300509463678 9.403119548235678e-20)
(1.061307666568542 0.0008297993630333987 0)
(1.075077575691504 -0.1305594629330678 3.730997431337316e-19)
(1.00282624477887 -0.006170796023210928 -3.358290372641163e-21)
(1.003259405734926 -0.004846217664972247 7.605075094625366e-22)
(1.093941968132938 -0.009281644953294017 0)
(1.020686490537648 0.02052122531800555 -6.473200265793317e-20)
(1.106548148449804 -0.001566507139726604 6.518271673362042e-22)
(1.074623800470376 -0.01116748802892514 6.657049929443247e-20)
(1.085727931205844 0.02222342895934146 0)
(1.329848960395095 0.1595603543798368 0)
(1.002029430718966 0.0003001162655092145 4.410406136589168e-20)
(1.318839880070153 -0.1282019636105872 1.576687622312546e-19)
(0.02904913416735864 -0.1830931901375764 -2.410653901087178e-19)
(1.071185572990956 -0.005390847862793499 0)
(1.113207532894906 -0.004945685196662888 1.172651179122071e-20)
(0.7267487586583146 0.01780321091127521 0)
(1.060188799003093 0.01014379163447757 0)
(0.8660274523751288 0.1635872520078629 4.661574661206048e-19)
(1.279143607161314 0.132071643553018 1.93358981675726e-19)
(0.6543316513184126 -0.003096495144844565 -6.47141636198846e-20)
(1.03997543304725 0.003578703353833941 -6.339199002096737e-21)
(1.054731825167282 -0.0002363609874087976 6.521545156764491e-20)
(1.364346920226852 0.1202329951757253 6.67501203314932e-19)
(1.334538927488106 0.2518953221680172 0)
(1.059678726663088 0.005207470557364548 0)
(1.000663428368967 -0.005252199286627673 1.453057065640777e-20)
(0.992742887876976 -0.005082091299103906 4.736068135598561e-21)
(1.382380915704154 0.1995597296877112 4.280727441973552e-19)
(0.6818323916179724 0.0004651129715617099 9.947561638596641e-20)
(1.005633697753153 -0.002193723924410691 -6.015567721882051e-20)
(1.098235962922928 0.01309847063429592 2.558958214557569e-20)
(0.6694591067824349 0.004965210010741193 0)
(1.066089768731781 -0.0120151470308302 0)
(1.017611137853865 0.1513673424043946 -1.378885007101609e-19)
(1.092077492174838 -0.005813384067012733 -2.537462804641638e-20)
(0.9820427026315682 8.364202276760017e-05 3.300146798533311e-20)
(0.9912114625525871 0.006025088945783064 0)
(0.6381939292252591 -0.001071074207511402 0)
(0.9767183263898904 -0.001191393736655541 0)
(0.6421218205363275 -0.001446687022916031 2.637844342454821e-21)
(1.089532636258137 -0.05529468414541923 1.2048494666313e-19)
(1.111958923429104 -0.003880227622819519 1.160771150114359e-21)
(0.9579108451167058 -0.0008682984952902922 3.887633828027023e-20)
(1.016859081267793 0.01004117147327204 1.733691042310748e-20)
(1.067005738739147 0.002728579515344991 -2.548825476376067e-21)
(0.6347189060519064 0.008877119566816243 -3.622667465952381e-20)
(1.005578797151857 0.008589790028291874 -7.686435460723516e-22)
(1.037123772347456 0.006482368960926421 5.43021783247331e-21)
(0.9859313211171163 -0.009436437142924858 0)
(0.6099481115679943 -0.000462994837090097 0)
(1.068840020427994 0.02250535985573553 0)
(1.016815378177949 -0.01666043380842932 1.033323925628008e-20)
(1.023786098107592 -0.009865548184947672 0)
(0.9922012339782185 0.01342314019484299 -9.90533914192797e-21)
(1.009313104180511 0.001148325691248282 0)
(1.132090857728453 0.002909840551921368 -1.155043165430629e-20)
(0.03567536820468713 -0.14374836599173 -3.817090952407664e-20)
(1.034995789564925 -0.01859526715497383 -5.843781944451705e-22)
(1.041193926685097 0.004983776674237116 0)
(1.081417617512828 0.06938308285529558 8.459528308297791e-20)
(0.9672672624265902 -0.002151342588002958 3.108119091741363e-20)
(1.020212642524588 0.0166706374441345 -2.293775734456477e-20)
(1.002901378618661 -0.002605033103534056 2.442963423753478e-20)
(1.039160841794463 -0.007921568629411607 0)
(0.6408838872838778 -0.004061057120424959 0)
(1.02584978380722 0.02453471465806682 -7.625362983027508e-20)
(1.087606798128914 -0.005746044981603678 4.990162540022245e-20)
(1.015296369187631 0.007118546810863356 0)
(0.9793758893810788 -0.001328140152772315 -1.95435513959522e-21)
(0.8594445339547084 0.009780082388788755 -9.342616140904163e-21)
(1.014015728932815 0.002569633351061655 -9.68624013189921e-21)
(1.022627080595346 0.005443394015127457 1.88402234229995e-20)
(0.9845846512933882 0.004322314379436504 0)
(1.005218331988353 0.01205668329017865 3.334618329913851e-20)
(1.110895401433324 0.0005620829620785836 0)
(0.9296065340553111 0.008359063991959527 -3.086160847559468e-20)
(0.9552180084646311 -0.0007067335327260047 0)
(0.9077021034471106 0.2054003297628939 5.033092663443518e-20)
(1.010903468757755 0.06701191526977086 0)
(0.9919667566695144 0.004953324534066475 -2.269345137082969e-20)
(1.059303749541332 -0.05156408790630111 -2.888723596986254e-20)
(0.9931443875586971 0.0008878084287822954 3.279765675902889e-20)
(1.008847799678118 0.007194016977063215 0)
(0.9789233010248062 0.000842040630581078 -3.041754465220814e-20)
(1.174176784409237 0.1048679875640661 -3.432436927844478e-19)
(1.069653676691791 -0.2652219990564554 0)
(0.9933717521401656 0.0004251866332647745 -2.274001333051552e-20)
(0.9737592064211377 0.0009314322765850115 4.894095035395979e-21)
(0.9629039250384157 0.002401830536869311 9.942042696891768e-22)
(0.7459374861711455 -0.00104555368227087 0)
(1.124064197111661 -0.07533119072751253 0)
(1.002666665371643 0.002204769580053397 -2.272262459700116e-20)
(0.9094535495392027 0.01312132455231156 -1.007495670836178e-20)
(0.8459849963791999 0.002101145030344131 2.589615569569353e-21)
(1.014158766692069 -0.008641254017821877 0)
(0.958361615290359 0.01315126181832049 1.413113479169784e-20)
(1.00554917757975 -0.0002299755069637611 -2.268178536827563e-20)
(1.024054992038399 -0.003587150037795035 -2.525179575929152e-20)
(1.115107963156203 -0.001528292448950409 -4.930669857651187e-21)
(1.11902204176203 -0.001614161485516075 0)
(1.012180806688929 -0.007649721500140275 0)
(1.020098427584617 -0.0007526596424603775 0)
(0.9416890929733454 0.0008358172636037302 -1.981926850480993e-20)
(1.017851617095652 0.01359152226711397 5.49416948981998e-20)
(1.086673803646181 -0.006256071406587837 -2.307631736086526e-20)
(1.040318547978888 -0.008691594452853708 0)
(1.108062931435449 -0.002796962372506735 1.852344297521206e-21)
(0.9941989901203895 0.001949181114569929 -2.24083913638302e-20)
(0.9837479996860762 0.001694480235620501 0)
(1.010431420954317 0.003129630358236409 4.673758642991656e-20)
(1.366213151284394 -0.3145753916553135 -1.127148186712223e-18)
(1.121651415992509 -0.04324240020145425 -1.096546117038457e-19)
(0.9663993524513987 0.006121943028912597 4.431894288213155e-20)
(0.7646964191748409 0.001482482094492651 -3.298228619270472e-20)
(1.223841904496711 0.05229364385850579 0)
(1.222232383483913 -0.1263932184414101 -1.474873745888949e-19)
(1.082186552536642 -0.002931982798253221 0)
(1.008121048813278 0.0007034269533475605 2.298739135062604e-20)
(-0.192077223400838 -0.1367609982920811 0)
(0.9939669017811593 -0.004656639372692984 0)
(1.012391129122129 -0.02309778981319772 4.263707627253839e-20)
(0.7064258297436526 -0.01945422307409747 0)
(1.096789366438001 -0.01479101777525364 2.208022998535731e-21)
(1.041371021383657 -0.004962121542286904 1.739680683255966e-20)
(0.6332244312873707 0.004118755061720302 0)
(1.448888145320586 -0.1236030585583758 0)
(0.9860613782255546 0.001527486241660838 -1.071680068179583e-20)
(1.069776428610579 -0.0150895533206352 0)
(1.037781734410922 0.0004206897904578364 2.078609691194868e-20)
(1.08133122299175 0.004105389120609507 0)
(1.012035905945855 -0.0007775900583966856 -1.107217365309191e-21)
(1.00579868041571 0.003166354773361962 0)
(1.008557085751881 -0.000656546968392041 -8.860355355002878e-22)
(1.004417831957935 -0.02072518118256486 0)
(1.036306893264094 -0.004823206403355548 1.714967867917567e-20)
(-0.1771272922642513 0.02995570568158519 2.723041272523716e-19)
(0.7973099211235759 0.02123901828752453 5.559513464359176e-20)
(1.005379895948353 0.001853577055503633 0)
(1.126521269524623 0.0109305041847958 -1.159229385651328e-20)
(1.116800064239168 0.007541223117944918 8.756493996714178e-21)
(1.054541769261736 -0.01279707832683297 -1.307398769811589e-19)
(0.9987775999347457 0.01037621344394517 4.174834452177151e-22)
(1.079955861916957 -0.0009774113074252672 0)
(1.188422578773325 0.05309466499208434 0)
(0.8352854121402381 -0.07629835475628728 4.596679526033029e-19)
(1.090759325603228 0.001005725125010638 0)
(1.033829273396617 0.007495972542600789 -7.565688785271001e-21)
(1.042426388937864 0.005238345212152339 5.822701356771537e-21)
(1.055662656617798 -0.0594080148252156 -7.606476853608114e-21)
(1.139265727668219 -0.001042824757452854 1.696323899627702e-19)
(1.08602875035462 -0.002983438402366177 0)
(0.9941739024284106 0.001660589505559308 0)
(0.9969698977299315 -0.02677746095011321 -2.41920467352316e-21)
(0.9900737863883105 0.003438527325664576 0)
(1.031474678144409 -0.03756946781534243 6.466069154149652e-20)
(1.290624390485128 -0.09465673939573974 0)
(1.0409888001658 0.00133955966890946 -4.490153530516353e-21)
(0.9861771765410121 0.01700138346759109 -8.80578399659576e-20)
(1.032738710284248 0.04227621764877536 -2.365634664499019e-21)
(-0.07522964991225925 0.1627435849055961 -1.710082457894947e-19)
(-0.07109585007631453 -0.2982631197123964 -1.31307207916765e-19)
(0.8959192460531936 0.1338859162387858 0)
(0.2846023530307966 -0.03650563171259293 -3.232804571419204e-19)
(1.005246369075985 0.000972380045652798 -1.185494376617276e-20)
(1.063850703400719 0.002722738032350947 -2.085187134186734e-20)
(0.9913297459236621 -0.02044084848850725 3.086386553319453e-20)
(1.02409643339451 -0.03181229377722963 2.671791699019655e-21)
(1.010204177109439 -0.03159360698365207 -6.647972725194091e-20)
(0.9888782035969602 0.004826257035498711 -3.480959040700858e-20)
(0.9931441569993719 0.005228684425907399 0)
(1.024950105843515 -0.00237478062292136 -3.476323187223694e-21)
(1.93614617488895 -0.1562591053440036 1.072873398877377e-18)
(1.043380496275913 -0.001628761934980462 0)
(0.9959824427107976 0.008526510216703306 1.519229426066042e-20)
(1.003537991148405 -0.0004199029573109294 4.012826539069789e-20)
(1.161371198435851 0.1545638847874086 0)
(1.000514749546356 -0.008476398508621747 8.178202666207856e-21)
(0.9509715099256553 0.002256817867021229 0)
(1.037838088057794 0.04175373925305699 0)
(1.309383650203298 0.1569936579900048 2.325108956545547e-19)
(1.080755170413699 0.0002934185949957727 2.322361090796119e-20)
(1.016668888294791 0.02972822156031171 4.533158320577835e-20)
(1.084127141720976 0.0008070257873236472 -2.237817299321722e-20)
(1.051180947502097 -0.01515564585115183 -8.842043859246802e-21)
(-0.3864203768019202 -0.05194129465658508 0)
(0.9997584059423049 0.0134046015140867 0)
(0.1147992651461528 0.05377304332839668 -9.244125786733921e-20)
(1.006816041593348 0.02041200345651225 -4.061149699025422e-20)
(1.002889459563724 -0.0240866038483457 0)
(1.001490296085261 0.00541163676975467 -4.914325827152868e-21)
(1.081991262394902 -0.04249242359275411 0)
(0.993961386678865 -0.0174764966686984 -8.044385462980086e-21)
(1.101728166364062 -0.05779975511116844 0)
(1.445320516248171 0.1732450614719476 0)
(1.05487865468259 -0.01216567273945458 0)
(0.9906897341189543 -0.0248250941156088 -4.145696312635764e-20)
(0.9999858037267894 -0.03914815518572572 -3.412781862509062e-21)
(1.014275515309411 -0.02074000096975463 -2.010145861990149e-20)
(0.9966727790852685 0.01661921264857704 -5.521135190106335e-20)
(0.9959923561621652 0.01022585935525766 -1.480596834098395e-20)
(0.9950142847068228 -0.0285853298777925 0)
(1.002296917965152 0.02366019459448715 1.910476039982315e-20)
(1.054293986173049 -0.03351919536547729 0)
(1.111364870876431 -0.03591778228424904 2.5850596262644e-19)
(0.9956341530290546 0.01665035684904065 4.548808154851548e-20)
(0.6150386257493076 -0.008690757298673172 0)
(1.145619694399006 0.1610189074744459 -1.056517398116101e-21)
(0.8430667510494295 -0.08388870122486811 0)
(1.137871475109827 0.07292544691567689 -2.742096052473439e-19)
(1.316762483574169 -0.3895197287081142 1.292742443704205e-19)
(1.068742683911751 0.06441147037885057 -1.240376316145657e-20)
(1.011549259695348 -0.03189456026862766 0)
(0.9560514219667119 -0.2162776375740577 0)
(0.5324608762773645 0.1681024311393661 0)
(1.016523734745965 0.01066958051877256 1.227458562463064e-21)
(0.6962168592478262 -0.0251422915820742 0)
(0.999500932488728 0.0166754212942096 3.496664649816266e-20)
(1.027391599057506 -0.003758739706750325 -2.748804240524184e-20)
(1.078961625300259 -0.008069148047981691 2.7005712470256e-21)
(1.051849967667496 -0.02734804005810865 2.815644596279479e-20)
(1.042598701041457 0.01179830203209782 0)
(1.062511500243298 0.02127071000523238 -8.680100574269114e-21)
(1.049696162724326 0.03625164408081132 -1.798903818506097e-20)
(0.9835952165337303 -0.02276222795362378 0)
(0.6248969560121073 0.005098581482707377 9.169275966770663e-20)
(0.8941499623645378 -0.005926538848071609 -8.844807466650511e-20)
(0.9093773476399631 0.005259299180135761 1.451402921677792e-20)
(0.6296136117685917 -0.006437295760107861 1.408295998055089e-20)
(0.9807711800125293 0.0008402469458476091 2.480919417962616e-20)
(1.004424384617381 -0.01746993804597374 -3.467458646792141e-20)
(0.9842473864938474 -0.03765986151380951 -3.034907918067963e-20)
(1.085603809660107 0.001653584277447413 0)
(1.019965996772405 0.005147669001778733 1.017429098708207e-20)
(1.132255144053832 0.04873849649501769 1.324914976117828e-19)
(1.031081343350555 0.04118715912294212 0)
(1.022662603700671 0.002558539389933193 0)
(1.585272056032446 -0.167949141795928 4.394452101386772e-19)
(1.059445791205243 -0.04634524016105988 0)
(1.018074115619891 0.01015426157438868 -3.726157312840565e-20)
(1.082435675470858 0.00650154230401181 0)
(0.4892946795951442 -0.006850678023842349 0)
(0.01180867733840727 0.02078880347960292 0)
(0.991370446525306 -0.02405403874895774 1.239716161265761e-20)
(1.302220534892923 -0.09621963737416531 3.720334214027856e-19)
(1.032199045897365 0.03492801127068385 0)
(1.022326131275864 0.003553182394596952 -2.209216073866899e-20)
(0.9432411105151975 -0.1603102469591269 -2.905648736126102e-21)
(1.256981468575225 0.07690507959013554 0)
(0.596878148193508 0.7283760382391439 0)
(1.311990704233246 0.1444551269882059 1.066902335197999e-19)
(1.67838480508144 -0.0259065619850358 0)
(1.052824407032447 0.1223744938545064 0)
(0.7142619013394814 -0.01745186909914202 4.011544166094614e-21)
(1.047203433592663 0.0442490448525778 0)
(0.7597177788907563 0.1253456628002771 1.34035470080889e-19)
(0.9967820904319707 -0.01644763442670815 3.574793860370209e-19)
(1.03871595589846 -0.04142698823165077 2.793381063311933e-20)
(-0.3811786957321306 -0.03363911605175555 0)
(1.072320556474965 -0.01636772050867789 0)
(1.084416645385438 -0.005252558398830097 0)
(0.6492207160510589 -0.5053514737197399 -2.467801479616432e-19)
(0.9894461131973519 -0.0009602980884558015 0)
(1.092474468779811 -0.02149894939601863 5.535483157850351e-22)
(1.18716108825046 0.1209603189085722 -2.01576638305162e-19)
(1.097424941906689 -0.04879405761303061 0)
(1.00620549896331 -0.02101161367975974 0)
(0.7736366311943925 -0.1823985815159248 -1.638102791118368e-19)
(0.8796548810171081 -0.1333066326095861 1.480844016769541e-19)
(1.032567084440968 0.01461107546486184 -2.131865300587051e-20)
(1.023123685171865 -0.00894950596302208 -4.465750442596566e-20)
(0.879078230565873 0.009527815126111084 3.087525703740318e-22)
(1.506466166737177 -0.1945309517279488 0)
(1.308910232981876 0.1150459294170042 2.977677649030272e-20)
(1.241795240465834 -0.07452519420804006 -3.290814935304585e-21)
(1.095711982488681 -0.01855338388156791 -3.971447995600695e-20)
(1.034848459888146 -0.01492904171627138 2.852050512964285e-20)
(1.092833162135324 -0.03906685975549978 9.32864878884397e-20)
(1.031830770187744 0.02062513952234566 0)
(1.049437050758618 -0.03740854421434527 0)
(1.115944502465133 -0.008946851692758426 0)
(1.097028900267983 -0.04176146188163556 0)
(0.9982562895438016 0.01106546317102113 0)
(1.150746149076762 0.0819737495380658 9.533168659307253e-20)
(1.338348466908963 -0.1545983701895113 0)
(1.036816695784328 -0.02727995185434046 -2.504966427103484e-22)
(1.047796606559153 0.05203373972353311 0)
(1.010254167908134 0.01433101740580517 -3.872464348763557e-20)
(1.03379485734386 -0.007356352450503185 9.231506134101639e-21)
(1.088934217775553 0.01346612292459865 -3.225090405561224e-20)
(1.08502769659151 -0.02797980138384573 0)
(1.070630776544498 0.005328418024275853 0)
(1.105174358805492 0.0934768554252336 -1.410902811783518e-18)
(0.9355140465974616 -0.1502700215227845 -7.077320441400048e-20)
(1.172002897412791 0.1174264111125329 1.147964195489461e-19)
(-0.4681724325654221 -0.01868861656481688 -2.900496447313923e-19)
(1.017835612830281 0.02913761654110276 -8.725701147546095e-20)
(1.005767727829692 0.004376487914739405 0)
(-0.2541818139889657 -0.002963624807800354 3.558832985038974e-19)
(-0.03463387823954778 0.2916989809262829 7.474850962794679e-21)
(0.9952120954763668 -0.006262777227960454 9.456025589428084e-20)
(0.1846498375778411 -0.04476211067381042 1.311843203112695e-19)
(1.08448133092672 0.08668232109136542 1.412184037431972e-20)
(0.0937829058101233 -0.1114217168951791 -5.493200854922774e-20)
(1.108423503374607 0.003002264648571967 0)
(1.099619340801118 0.2528531559619286 0)
(1.021135140774612 0.02144964164969916 -1.707659516642682e-20)
(1.063824771999171 0.05198767773327126 0)
(1.02623744804051 0.02357850710775122 -8.499966513727704e-21)
(1.263979550716942 -0.5493941615452722 8.040135240561863e-19)
(-0.1154224148821286 -0.2381882949715357 2.13241071985749e-19)
(1.301063092716836 0.1143082502640065 -6.239413310233872e-19)
(1.122056964424827 -0.002293509497276609 0)
(1.121775441070839 0.1043430411867689 0)
(0.5240387222196322 0.07822604157979735 2.449896369665695e-19)
(1.023688746732468 -0.02024154440105854 9.463523179200895e-20)
(1.00653722687156 -0.02332022736773682 0)
(1.210566911900897 0.2702665345094178 -9.626127308839567e-20)
(1.262154194321703 0.1299055575073855 -1.542636605601177e-19)
(1.026576375272726 0.003309956645803541 1.562807621018011e-20)
(1.299859373961331 -0.08507178395726704 -4.987845495073025e-19)
(0.301524090122522 -0.01979329878597595 2.844008530037339e-19)
(0.8294760502270162 -0.1477709560289574 6.81347623879228e-19)
(1.03944762661266 0.05163455251238314 1.09022027954579e-19)
(1.038200745521772 0.003480808985779464 1.729541903234599e-21)
(1.001062954226897 0.01917963381968611 2.912084313678457e-20)
(1.066497171267764 -0.03681810028113267 0)
(1.034713734127281 -0.03849184665345106 -1.502928760577351e-19)
(1.016860139141543 0.03365144552418205 -4.621793604634891e-20)
(-0.05258185768190499 0.07000285092443906 -5.042871572640877e-19)
(1.011014359714616 -0.05822450373000681 0)
(0.9077637694320106 0.01402233996921225 0)
(1.090776187165524 -0.0003105430085395028 0)
(1.36576596226462 0.258262118624165 3.772391067149627e-19)
(1.698683158770854 0.1036991458238721 1.330880207998534e-18)
(1.409773991037499 0.1506797699533036 0)
(1.036294847440775 0.02152880512386538 1.006029519038619e-20)
(0.3478989189055378 0.0308298468532744 3.296557459109318e-19)
(1.133018001929495 0.008316446414945994 0)
(1.091275669995537 -0.02362037820440158 3.266207879625284e-21)
(1.091104692219632 -0.03286147918585514 2.600393539222972e-22)
(1.133258254164768 0.1050685047728864 0)
(1.302364173282671 0.05608173490936495 0)
(1.039559147813862 0.001274112856923311 1.175463189081056e-20)
(-0.1521347788950022 -0.1189143677418296 -3.893295739184477e-19)
(1.325547119884374 -0.1474035557363768 -2.155740924850566e-19)
(1.067820720816043 -0.007401103199824625 0)
(1.013063104237254 0.01504621113146938 3.076444609508748e-20)
(1.158279319415418 -0.09580091246373766 0)
(1.016667765831349 -0.01740366831383775 -1.130655255617499e-19)
(1.030675599239512 0.00834922029391607 0)
(1.514273985472459 0.08783563098884808 -2.833966323384514e-19)
(-0.01433736940777633 0.04370128359807882 8.359656639124885e-19)
(1.096590558963975 0.05255073536033222 2.129952819108312e-20)
(1.092225527350612 0.07873933338196502 2.094193145678425e-19)
(1.009800579993946 0.008716952468717511 -6.150369458402567e-21)
(0.007532418831799986 -0.1159699585608211 -4.843471834369693e-20)
(0.02225953218602224 0.1037441471133646 3.667069487388836e-19)
(1.226794874314084 0.145211710443241 -1.625277731445338e-19)
(1.098721609691474 0.08240934271096761 0)
(1.087606996910337 0.0255588958162217 1.748408432875596e-19)
(1.007091513716743 0.02216084375194955 1.713973846964113e-19)
(1.028907787641038 0.0006848515618074896 -3.687018732918513e-20)
(1.218325326722212 0.1504008582492665 2.606774231943233e-19)
(1.395491881209908 -0.1296090020492452 -2.066264874630174e-19)
(1.065731316903188 0.05018998943674038 -7.186573824029347e-20)
(0.993473143443575 0.006880471458843821 0)
(1.077934823448984 0.06774263306231521 0)
(0.9814802619717953 0.005721028819735591 0)
(0.9922195222178508 0.0076857504174417 2.38942810923446e-20)
(0.4902673767455269 -0.07222885273680725 0)
(0.9930756913518545 0.005488226679398978 3.524578856910915e-22)
(1.291421382866438 0.07868992916933858 0)
(1.004536927311057 0.005044854634732871 2.223794453825046e-20)
(0.7936393442932415 -0.1196859405003485 5.765760368698889e-20)
(1.091438394745122 -0.01635867017449901 -8.830050688934484e-21)
(0.9398400296279358 0.01655473952126791 -1.767153328570653e-20)
(1.437945192008282 -0.282324110821096 -5.305341057077122e-19)
(1.132819132832084 -0.09114362411013616 4.704026697507473e-19)
(1.088694558163937 -0.02524529612722463 0)
(1.934654873165045 -0.4714396032464745 0)
(1.62494033582968 0.1894763093739255 0)
(0.9849095116566862 0.003391200825350083 -9.78158808854644e-21)
(0.8581226057862505 0.772676501145009 2.391238245335185e-19)
(-0.008871841684781638 0.1884278698005121 5.397827652846765e-19)
(1.039922472364693 0.006066642731288616 0)
(-0.2186087149659845 -0.1083573588272368 2.086515286387457e-19)
(0.9840194276704702 -0.00363559536280731 4.133510498505969e-20)
(1.180053419294636 0.1613186142636979 -1.622920315003656e-20)
(1.044675606411583 -0.02205074146230942 5.587947327598148e-20)
(1.04193465858662 -0.1370608331812573 1.36752386706118e-19)
(1.138103098612778 0.006966561468885499 4.37314279743936e-21)
(1.098819549605273 -0.007208547643538394 0)
(1.308772545699553 0.5296390098479021 -6.017499539168139e-19)
(1.029611506253071 0.003683243735714305 -2.067793993297037e-20)
(-0.3134914535804507 -0.04609952032747267 -2.041497163519958e-19)
(0.6794480733504304 0.01844587057495428 0)
(1.088393410661216 -0.6990137144513531 -4.838998399471573e-20)
(1.3121487065055 0.08549811334619241 -1.10333038702652e-18)
(1.114972435081647 -0.1086070892537079 0)
(1.086849464695481 0.2784497936460895 0)
(0.9723789838722566 0.003119774569101467 -6.156252465374624e-19)
(1.065609742105195 0.00735740939796428 -4.287236977087623e-21)
(0.9245625851957489 -0.01214947417614124 0)
(1.090718453315319 0.03086929980773934 -1.76155927316621e-20)
(1.37084657686581 0.2150969217269994 -1.861417572817674e-19)
(0.7323500011187777 0.0965147443664704 -1.051678230643943e-18)
(1.079090460817229 -0.0006486360344905937 0)
(1.262553465108912 -0.05775971298389543 7.009192999146522e-20)
(1.00569814615777 -0.0008793530419823512 0)
(0.8500861821810473 -0.7763471618333901 -8.248750738562328e-22)
(1.082046782262941 -0.05208299954600462 -1.10120002065669e-19)
(0.8757319636949085 0.3238199813948904 2.937527518185443e-19)
(0.8282053089911365 -0.1974777032341839 0)
(1.031802599929314 -0.03484428011909817 0)
(1.054714266960774 -0.02785643788340439 0)
(1.007182675286405 -0.003185902796542844 0)
(0.9811766980680093 0.00617642084125577 0)
(1.342664684026273 -0.2360171207726779 0)
(-0.07456856090619547 0.1413487386213872 2.505080854414283e-19)
(-0.01108049568144773 0.08237487647647365 -6.630544545335008e-20)
(0.2122174242198797 -0.09902047461529649 -4.335613930209521e-19)
(1.521223458778084 -0.439174907543015 0)
(1.034853943243802 -0.01667956602821501 0)
(1.773255080027628 -0.7593705321697799 -2.351154951255533e-19)
(1.139549194978582 0.006308946452994795 5.764372303668492e-21)
(1.323763062034278 -0.08970714964870158 2.811280773839533e-19)
(1.106781169179643 0.7080856472374809 1.439448332666076e-20)
(0.338204942717224 0.5915518187636706 -2.238628610250399e-19)
(0.6758450671398891 0.4575418104473143 -4.792695138811479e-19)
(1.045315418625276 -0.1485019652590185 -2.312810049609359e-20)
(1.226832884500258 -0.3608763313847569 0)
(-0.08021276394258353 0.1888226035691553 -7.262848064327382e-19)
(1.046553330931323 0.02378076073350932 0)
(1.10323128812114 0.02725032725982006 -1.552003031992821e-19)
(0.813478073140252 0.8943502212181208 0)
(1.067832658362292 0.03307968706564039 7.590738755166542e-21)
(0.281823890348682 -0.07233776371677336 0)
(1.10287535151718 0.02018368962686371 2.454797488691582e-20)
(1.369510515481029 0.3241521272810038 -5.552098324848784e-19)
(1.074769454433488 -0.01179105971609791 -1.65182280259774e-19)
(1.469094482691538 0.1594594959997404 -2.526689801058841e-19)
(1.330257495538801 0.4178545369682237 0)
(1.169539137998892 -0.2667344730829215 0)
(1.303257527498034 -0.1333227846616036 -1.214646638013429e-19)
(1.066913718540841 0.01621338978769763 -3.331686217109057e-20)
(1.060576967193204 -0.01207751949589018 0)
(0.7432115294404585 0.1440186388955177 -1.12687779948983e-19)
(0.7751564062828101 -0.5780960579553324 -5.657549679727371e-20)
(0.6667345052416446 0.2024814689080303 9.60325852460617e-19)
(0.9944865946303363 0.1170534734391802 3.517859413797392e-19)
(-0.004688830933447863 0.08238757017243077 0)
(0.5847097849751647 0.01692506671169613 -6.808519656498683e-19)
(1.059491012729287 -0.0388827453502074 -1.883590345827982e-21)
(0.6906243722010459 -0.1190843712979455 -2.779850885863951e-19)
(-0.0004528957121862848 0.2117042618904407 -3.090382418292051e-19)
(1.180925347207782 -0.07587006492025128 0)
(0.4030809165580481 0.01581305140399859 0)
(0.1603005110356449 0.3697539602046762 0)
(1.438694400390057 -0.2604351672493805 0)
(0.234615940836039 -0.3590569370761117 -6.38668382946992e-19)
(1.597678768415097 0.03932956016994547 -3.892588453497081e-19)
(1.026124638926121 -0.2023985802953733 0)
(0.681631294136083 0.01385626763348983 2.546247225539083e-19)
(1.024993418237226 -0.01060907026404791 3.510630305172109e-20)
(1.137416067942186 0.2354045879876134 0)
(1.73021457053262 -0.1111322776673251 0)
(0.581769163807625 -0.7381253802216985 -6.855436753493747e-20)
(1.271147384983735 -0.1056531990846231 -1.001583600700033e-19)
(1.406071224271829 -0.08398921312484986 -4.301059664056983e-19)
(1.482427528206663 -0.06458904028998896 3.653170505517414e-19)
(0.09391094133767248 0.09845653609281471 0)
(-0.1267509067956638 0.08196006581054825 2.748140539609599e-19)
(1.038549963601977 -0.063611964945674 -4.330270396513972e-21)
(1.120751620243507 -0.1407728445868645 0)
(0.6413342337431333 -0.3577749167307792 5.191866316643643e-19)
(1.049133065211571 -0.06340513502272919 1.446632958415575e-20)
(0.8343694007217957 -0.135320895162506 0)
(1.312789360025782 -0.1305793694540522 -1.027305863287556e-20)
(1.115814784829989 0.08405197193791888 -4.353668032207162e-20)
(1.090960070936801 -0.004973791546380295 0)
(1.126385141975128 0.5693148927232806 -1.109506099218555e-19)
(0.3428087321402027 -0.6004925710716242 0)
(1.060382363101282 -0.003212703773322649 2.817683588021004e-20)
(1.09704881164394 -0.004938568843181197 2.651195276555032e-19)
(0.07750353372152297 0.1461055374161109 -1.670330595566031e-19)
(1.179459009041816 1.000118664867405 -2.229263852541447e-19)
(1.369912147441623 -0.1381382124225495 -8.86516626176957e-20)
(0.9479647210433472 0.1334602450560667 6.500051027842492e-20)
(0.9982608111971105 0.003464829849194723 1.03786630286249e-20)
(1.047965421301604 -0.1404520058266046 1.768040386900481e-20)
(1.509718564932314 -0.9500393740211847 -5.25655318010531e-19)
(1.531323210521379 0.9490879784375923 2.360232405179056e-20)
(1.43294716313468 0.2252195143365041 3.404921770184865e-19)
(1.028853457309173 -0.007301801734447562 2.065994686017234e-19)
(1.035500560961583 -0.03312859009048993 1.644548645792806e-19)
(0.9920483714122542 0.0215827666162515 -1.917557286762106e-20)
(1.057719104020802 0.03863527712329646 -1.455319473333742e-19)
(1.079264738735243 -0.06550464778118405 2.942568831030732e-20)
(1.433986465310249 -0.134088545561193 3.385862472470496e-19)
(1.818150004229729 0.74779581867117 1.863547712775151e-19)
(1.035247172546824 0.02933557703298781 9.868535982991917e-21)
(1.071825863596496 0.01419058409775174 -1.056502050384181e-19)
(1.985468049008786 0.4775850647951547 5.352147340465265e-19)
(1.927847261791051 0.1603813145184166 9.323943128460391e-19)
(1.080047881981142 0.6375755705814435 -9.660744299248412e-20)
(1.108990764826595 0.1712768724615257 0)
(1.044106289141986 0.02312533314671463 0)
(0.5102532781536362 0.4378002183542517 1.16958871075598e-18)
(1.376854825505451 -0.2992997751656089 1.882007381451807e-19)
(1.19447322450337 -0.1446857810732404 0)
(1.63202425787863 0.2356283595431887 -6.181428354650311e-20)
(0.8025450142958953 -0.1497456993891755 -1.289876225620936e-19)
(1.32813994041321 -0.2096006420502257 -9.091331179882672e-20)
(1.2488416440515 0.3889577529477627 1.433392584852221e-19)
(0.4925887145316691 0.1947156640334 -5.615628776752031e-19)
(1.686987801724058 -0.01994879713461406 3.287611776810619e-20)
(0.856840695650133 -0.5460984195064891 2.203755612145028e-19)
(0.9986504705323936 0.02305940386285068 0)
(1.617587295138769 -0.1857464804978886 -3.102673229712005e-19)
(1.089809203679799 0.1004566858437883 0)
(1.337713806411314 0.580257286676389 0)
(0.9430051119808334 -0.4150722026458344 -2.7452679969496e-20)
(1.247197293700641 -0.02505933759556872 0)
(1.03855046855882 -0.003587381196280685 -1.247606293081375e-19)
(0.7301905005539677 0.1093534079190761 3.010641620105945e-19)
(1.325266176095769 -0.5823943221967632 -5.602257527526223e-19)
(1.053173490090436 -0.6343239521164799 1.172085950968898e-20)
(0.3519767133568866 -0.3798358626658369 -8.730356251203103e-20)
(1.007326903328978 -0.09609811548144086 0)
(0.4459763103066689 0.30043428923933 1.685376241944885e-18)
(0.3163323574497067 0.05104118906499382 0)
(1.307031409530385 -0.1341740984420866 8.086883970732926e-20)
(1.578168094642831 0.1909696168088439 0)
(1.165638315069346 0.4459966571324133 1.327060142442255e-19)
(1.052910954409323 0.1525834139703889 -6.533003141042968e-20)
(1.031757758016208 0.004643232513923633 -2.004171144585137e-19)
(0.9561163045867612 0.4082002053065364 0)
(1.163989781093355 -1.012399130958217 5.881266023488567e-20)
(0.8910635766829136 0.009039483414417517 0)
(1.068246608202506 0.3781469518408481 0)
(1.05864307051829 0.02686229148474718 -4.104572084688078e-21)
(1.474052906616968 -0.2999378830913551 0)
(1.244640133402927 -0.185372166455836 -2.966457674940665e-19)
(-0.00217950779443834 0.02740621485917684 -1.970157518421812e-19)
(0.2384786681448864 0.01584400237667646 8.857238477765728e-19)
(0.9812826232342129 -0.09924022322597895 0)
(0.4715090332297439 0.6448747791918936 -2.557279403165406e-19)
(0.9173937509521936 0.0294939414640753 0)
(1.53625634411011 0.414522603794613 5.469746267301563e-19)
(0.4913705306171819 0.1553232060915174 -6.452222600163287e-19)
(0.02296319841871433 0.1803280535079095 0)
(-0.433701425961787 -0.05500286297411563 0)
(1.032409997123194 4.289006615763727e-05 1.267368758786322e-20)
(1.660131631585914 -0.2266846450713369 -1.103661462862691e-18)
(1.110566111066015 -0.5642870636529949 2.393584964800892e-19)
(0.7812498868924532 0.3318619164506954 -8.764591368125415e-19)
(0.9365684570581095 0.1437502679416188 1.540708485438123e-19)
(1.043566044431414 -0.003606879607316871 0)
(-0.3025314252452061 -0.1303092158778865 4.020717848327998e-19)
(1.033335944753707 0.04668751149909712 0)
(1.192774718740861 -0.240456480714079 0)
(1.559862095572583 -0.188044070757024 5.133799392492691e-19)
(1.122899170512657 0.07828213955897534 -7.571668647112709e-20)
(1.064324512321179 -0.1414838451060593 8.298458664518321e-20)
(-0.04832388280905642 0.1082262894559931 3.467343088708753e-19)
(-0.08441554837653907 -0.1522285339552663 2.657148795845735e-19)
(1.075372002471747 0.213039542352762 0)
(1.095449768782599 0.06112530495511337 2.135172447996748e-19)
(1.495605894488991 0.2869175863984092 -3.617914198727739e-19)
(1.324308028228665 -0.488365620307727 2.37672300536313e-19)
(1.156026288055653 -0.1426899474794284 0)
(1.120575468272049 0.150205626162364 0)
(0.5276261651044588 -0.6919820517697679 4.115348083691835e-19)
(1.311850595558419 -0.03853088583882748 -2.968428449911994e-19)
(1.010560456826559 0.1013331720277645 2.546672199439652e-19)
(0.312752784904088 0.3528344062639721 -8.935013619639917e-19)
(1.032293562349356 0.1077782838772011 -4.10719719978778e-19)
(1.037919444116549 -0.3973888362037171 -4.683385019046449e-20)
(1.458576082945157 0.1083055068921592 -6.511216116642969e-19)
(0.7811258574249784 -0.8871528822467237 0)
(1.056825743131415 -0.03070451424311021 0)
(1.145368285652918 0.1757367576069761 0)
(1.615041354357174 -0.0404063594204198 0)
(0.813704979892895 0.5919248291679464 -2.073111230913211e-20)
(1.493711042619817 -0.3579910553563938 4.558397563895268e-19)
(1.539467051723917 0.1466565801321967 0)
(1.137142621881536 -0.4603527556967135 -1.665609346955684e-19)
(1.459554117976432 0.3429544695204721 -3.541095043839838e-19)
(1.00925678252315 0.02790364139634491 0)
(0.2119038941504191 0.0009843501891666911 -2.474181791545045e-19)
(1.334826123510394 0.5093624937316925 0)
(0.9780655848643923 0.007314867988725777 -3.922888227691185e-20)
(0.7636888579594099 -0.3028071688766358 -2.057903671288136e-19)
(0.5084886862457173 -0.08438541608359039 7.876878333920691e-19)
(0.2155185563499319 0.05974822865751848 3.66106910593805e-19)
(1.062288938614638 -0.1388817850224391 0)
(0.04468909838241383 0.002936079551195674 0)
(0.3441724627769773 0.03805699503512312 -3.025113568205657e-19)
(1.005614161035207 0.01730240122625673 0)
(1.451579870998835 -0.008019993349026405 0)
(1.006808712767658 0.02819989901841341 0)
(0.4694385284117792 -0.2765567776921464 -1.003528702066768e-18)
(1.048847240662337 0.08842234602482416 0)
(1.522414441292613 0.04086681651502827 0)
(0.2183312452756577 0.1266482504425544 5.444236510736254e-19)
(0.8802502772541918 -0.3238435508723227 0)
(1.364886094328039 0.05276030170354699 2.687061538584923e-19)
(1.23700367242166 0.2042104005995056 2.057777953666541e-20)
(0.8972267289528415 0.5521488663578858 1.570843837228106e-20)
(1.033519421325699 0.09885903390973549 4.867830482006761e-20)
(1.032592041667858 -0.1494666258325348 0)
(1.365883775183477 -0.02254922929181898 0)
(1.288630317130443 -0.1187882262594809 0)
(0.6246862867889288 -0.04221512962113801 -1.363212138688218e-19)
)
;

boundaryField
{
    FrontBack
    {
        type            empty;
    }
    Top
    {
        type            noSlip;
    }
    In
    {
        type            fixedValue;
        value           uniform (1 0 0);
    }
    Bottom
    {
        type            noSlip;
    }
    Out
    {
        type            zeroGradient;
    }
    circle
    {
        type            noSlip;
    }
}


// ************************************************************************* //
