/*--------------------------------*- C++ -*----------------------------------*\
| =========                 |                                                 |
| \\      /  F ield         | OpenFOAM: The Open Source CFD Toolbox           |
|  \\    /   O peration     | Version:  2412                                  |
|   \\  /    A nd           | Website:  www.openfoam.com                      |
|    \\/     M anipulation  |                                                 |
\*---------------------------------------------------------------------------*/
FoamFile
{
    version     2.0;
    format      ascii;
    arch        "LSB;label=32;scalar=64";
    class       volVectorField;
    location    "1811.5";
    object      U;
}
// * * * * * * * * * * * * * * * * * * * * * * * * * * * * * * * * * * * * * //

dimensions      [0 1 -1 0 0 0 0];

internalField   nonuniform List<vector> 
808
(
(0.7562543957972123 -0.01751106040853504 0)
(1.031214987972034 -0.0125034020279038 0)
(1.116475403318604 -0.0009006261446414955 -1.81574487034597e-20)
(1.085124744038577 0.01259066794727688 0)
(1.362567917422526 0.01619047204450677 -3.90545865069067e-19)
(1.03864557315165 -0.009336654288803578 -7.138494744839241e-20)
(1.013582951430169 -0.02038451167049578 -2.311886215718977e-20)
(1.078521441248269 -0.004853350603825409 8.921884005469427e-21)
(1.252910354588658 -0.01938857207784581 6.359841242099889e-20)
(1.084385055996612 0.009566337547243987 0)
(1.013553998100618 -0.01091069432017987 0)
(1.304712095074376 -0.05212291711738887 -3.55347967134552e-19)
(1.085941775390525 -0.001574122874889087 2.027634981897482e-20)
(0.6750355222807597 0.006420649833941338 0)
(1.28559125823194 -0.1186727217393139 0)
(1.081636132688979 0.0001734908954726551 -3.799454286149959e-20)
(1.233819716069756 -0.1509597114630961 -1.004064972938421e-19)
(1.074212510278326 -1.317841024856945e-05 3.148692531824572e-20)
(0.9927145187891299 0.006527962490312415 0)
(1.026676140239749 0.009121576159772271 0)
(1.041198892048341 -0.01304326356546853 0)
(0.9874712537231652 0.04468499046127013 0)
(1.05108863400812 -0.006121996296653004 5.531223517555795e-20)
(1.053392820659642 0.008574341169294611 0)
(0.9331114945850348 0.1984230080643201 4.60523978943869e-19)
(1.165977256268672 -0.08945911832313705 0)
(1.184810431757288 -0.01834624090965998 1.585571235538031e-19)
(1.077328792421116 0.009407739946042794 5.195113868872537e-20)
(1.08421703543321 0.00199372216737801 5.04649997917304e-21)
(1.072066220383401 0.03096108298085067 0)
(1.075648667074791 0.002519704480672287 -1.172442628078602e-20)
(1.033175259494402 0.006336915673702188 -1.957961273848822e-19)
(1.059834232510169 0.01485673857727114 -2.403484985956505e-20)
(1.089068718670801 0.005183943794331498 -2.925155151305277e-20)
(1.119479305482215 0.0376736790444032 0)
(0.7551213366669625 -0.1220183446983162 -4.538233911912584e-19)
(0.9543873874987773 -0.005783998370548776 0)
(1.06900514957646 0.02248757434283617 0)
(1.068843512982811 0.007321230005290417 0)
(1.07359779806517 0.008860935759064296 -2.836174644676656e-20)
(1.091993696025319 0.02330200257288783 1.112716776187293e-19)
(1.149713291592339 0.003418086019822148 2.180304875753037e-19)
(1.095704764946112 -0.002475961421560839 0)
(1.015926215304042 -0.009112717634041067 0)
(1.130819179479107 -0.09871356424685462 -1.658781877335594e-19)
(1.044081021472023 -0.01171798185154337 -7.94500844329759e-20)
(1.05842435952433 0.02666810965881873 -2.854670567433385e-20)
(1.230327811267906 -0.1113696133233783 -5.631563168246415e-20)
(1.067776194599507 0.01228553554181851 -4.264875870550555e-20)
(1.255857502962462 0.01811109734330871 0)
(0.9966662653411393 -0.01802452228341589 2.05157070363272e-21)
(1.04452935350805 -0.002254354497884789 0)
(1.087438128789811 -0.002338085587681163 0)
(0.9979060977082286 0.006875718094552819 -1.875881465941532e-20)
(1.251966979366248 0.03441176874924234 -2.322362853930609e-19)
(1.063868911998232 0.01841650494752475 6.152449521265897e-20)
(0.989371139105455 0.008483801088918181 0)
(1.018824758336067 -0.01110056702106464 2.397329817888722e-20)
(1.106743995440001 -0.0006878075332339959 -1.197644781716498e-19)
(1.061716876701521 0.03111433704761622 0)
(-0.06551020454831775 -0.01402213988604636 7.040924592019656e-20)
(1.154291964446892 -0.05142179095859517 -1.914809926795654e-19)
(1.003554558784917 -0.008793810288112687 -2.635098902017855e-20)
(1.183087332004257 0.06720884245699364 -1.225587247588952e-19)
(0.9981992094992617 -0.01035802598821891 2.9753103403856e-20)
(1.083906594126688 -0.005554333556138526 0)
(1.242804968372486 0.0971421768431127 0)
(0.6960168646766194 0.003197788430046013 -7.507559982572445e-20)
(0.990134501424352 -0.01487593084799103 -3.099379871598523e-20)
(1.459397808198187 -0.01675491926595904 4.497543769214878e-19)
(1.06062916567555 0.007556519609874469 -6.820404634411002e-20)
(1.366370215140477 0.09885644403075515 2.926350814909626e-19)
(1.054739023434743 0.006796994288978894 -1.831187545793037e-22)
(1.081230473480171 -0.01405738898478559 -5.376397184679881e-22)
(1.164103575199041 -0.2354248682078766 0)
(1.022382648884949 -0.01432491351982044 0)
(1.01778039556673 0.01752986380028446 -3.142227332739472e-20)
(1.387094913784267 0.3498935605607928 4.160590829198705e-19)
(1.096974986713565 -0.0420157092811401 9.271513790898242e-20)
(1.045859338520163 0.2101798133378384 2.529568747703949e-19)
(1.125198834287378 -0.06285239679108988 1.151802537183269e-19)
(0.9221328855404207 0.005161023637066229 0)
(0.9755275104251191 0.01857959638628737 0)
(1.004092895992309 -0.04885695147124623 2.717941337143409e-21)
(1.010891455084525 -0.01306526581411758 7.358566955774635e-21)
(1.030673793729816 0.02568776590234536 1.403003782308623e-20)
(1.528633310173839 0.03750693838367822 3.279745174401023e-19)
(1.290345823644397 0.07189547351551902 5.481295056593939e-19)
(1.072594406454806 0.002895154804988544 -9.242497171120381e-20)
(1.199918128318149 -0.09659649011286098 0)
(1.033817855636957 0.001565184420677927 1.34603795734992e-19)
(1.163420799059675 0.02200007642481014 -3.223799144176179e-19)
(1.001465001114044 0.03234092427000759 0)
(0.9996289675939112 0.002002390161034384 0)
(1.044336833162791 -0.0002853113470099654 7.696623700510987e-20)
(1.208337362066091 0.1051353595982604 4.049070268295927e-19)
(1.011077233729207 0.006958347663589323 0)
(1.089796137834774 -0.07180825549746404 -1.054075267650527e-19)
(1.149039404093921 0.03677486824505929 0)
(1.208826864938942 0.09392337006659462 -1.915663425373405e-19)
(1.108040360115246 -0.02853002926532866 -7.601569495451653e-20)
(1.027797949954618 0.011531141286444 0)
(1.085385814068997 -0.004683341654585177 0)
(1.019850383294109 0.02549376668177979 8.159961561783766e-20)
(1.073823457463858 0.05319779256668934 -9.195777307513566e-21)
(1.103713702545503 -0.004334646449063594 6.217744243866008e-20)
(1.10792006437894 -0.09751378895064125 1.543521427266971e-19)
(0.9593395046996648 -0.00182443278044316 0)
(1.066542706267884 0.03133469397535477 3.869740086538942e-20)
(1.168248585114664 -0.07580984757428497 2.340031577920469e-19)
(1.053168861094613 0.04457046310863504 -2.923010091742978e-20)
(1.022641303773364 0.06747500937459501 3.743511099641564e-20)
(1.090704815313937 0.02621033055776713 0)
(1.012018513831735 0.01701410549139938 0)
(1.028978507140538 0.009442445094590217 7.928229903696978e-20)
(0.9487175601364669 -0.03314949679392445 0)
(1.05324787324506 -0.00568935345929291 -7.917760984310405e-21)
(1.340577363787417 0.06035748876896154 -1.593397658615832e-19)
(1.079954068787516 -0.01332527333906865 2.563486311763869e-20)
(0.7441292418352535 -0.00178607004110608 0)
(0.5307698329922278 0.1535766880883023 -8.24533006361767e-20)
(0.7058844770729451 -0.002536295769919325 0)
(0.699119208727102 0.0146696072609792 0)
(1.077758926907638 0.00350025458232339 -6.789810554762411e-22)
(0.9906321557460969 0.01447876870869661 0)
(1.279587575503548 0.1232300809796443 2.479489723660673e-19)
(1.012315519191368 -0.02790520759728244 -7.879466914661874e-21)
(1.039986686623538 0.02173950486621724 1.533251145608756e-21)
(1.058425100018225 -0.01200126640390518 0)
(1.126449184654542 -0.009235941510908908 -4.956026218565678e-20)
(1.255352152585749 0.1340847548452457 -2.183282647509111e-19)
(1.088966993919963 -0.01116405503808864 -8.455541334031979e-20)
(1.070029251812342 0.02541388658436481 -1.103031287871023e-19)
(1.040844782947547 0.04671958828414908 6.883073711018127e-20)
(1.022316865704529 -0.003625147223821884 -3.436627255565206e-20)
(1.0613628081171 0.02355387840091985 6.098652092257417e-21)
(1.131480571000349 -0.005790359358929469 1.084578464458108e-20)
(1.041204709417828 -0.01380661428217282 -4.7068871121828e-22)
(1.087793304713034 0.03483199159895501 0)
(1.028530837297333 0.01326053844724349 0)
(0.7787158262586638 -0.06051650021874923 -1.843512435098772e-19)
(1.030184008684827 -0.00196889984101611 -6.914073792470564e-20)
(1.135890272319013 -0.001947822869052002 -1.321510304313413e-20)
(0.7035221392012129 0.006563693630801192 7.437689845444344e-20)
(1.175780071504963 0.02010209365379748 -1.911158507475683e-19)
(1.126120339319052 -0.002357482514249078 5.733080570664237e-21)
(1.129013376790319 -0.01007369221115972 3.474893924493429e-20)
(1.000941316177193 -0.002965216068946104 -7.563376080987259e-20)
(1.094795747928959 -0.06667631284741735 0)
(0.9847644935899754 -0.001225743790679218 0)
(1.058015352490641 0.007083019341475142 0)
(1.005647288254729 0.1886676996623485 -2.466452932429845e-19)
(0.7794832486786801 0.012408806520248 0)
(0.8568874160855743 0.1018374073417898 -8.432987106725434e-20)
(0.08776600255139425 0.04203238311482699 -3.073698287473199e-19)
(1.17353889202333 -0.03070071962058369 -2.224714693598175e-20)
(0.6713010760166116 -0.007338609360721073 2.432924619855973e-20)
(1.167978548036259 -0.1060014856919484 6.977386076732736e-20)
(1.126040722410397 -0.005113489385091662 -6.159814075707938e-21)
(1.155963277777181 -0.04948955414302892 2.1618881499529e-20)
(0.09558457349554457 -0.2034852980903385 0)
(0.2668535537280947 0.08570529373224345 0)
(1.252002126162364 0.1116436928536441 1.918938431836617e-19)
(1.021580792239966 0.01984687984333302 0)
(0.737650515778117 -0.0063349615144116 0)
(1.075162127885236 -0.01192505714391436 2.684296182874761e-20)
(0.9751900192588602 0.002798045699433927 0)
(1.286160537286862 0.1295337790052598 -1.527220983136449e-19)
(1.057465505798642 0.01125990030955814 0)
(0.993080816439336 -0.008192741172129477 0)
(1.065202201219198 0.008059189130120385 0)
(1.006187060522677 0.02082719978864466 1.788542628004645e-20)
(0.9247934025031781 0.00811487881279902 1.119266574155307e-20)
(1.176384105764021 -0.1991888633536918 0)
(1.00509027896786 -0.005219737344342626 7.743716030903496e-20)
(1.05918529761717 0.006230348079183088 0)
(0.7746132397850697 -0.003335117605294307 0)
(1.215513562841261 0.02860049477338543 1.667080016798655e-20)
(0.7050725836570428 0.001318025480943702 0)
(1.434178909142513 0.08981755558767975 -5.323826837098663e-20)
(0.9937020885837846 -0.00678103509276125 1.677714835701536e-20)
(1.275274055311662 -0.0015022114451333 -2.926249979080692e-19)
(1.059908329693976 0.00874579808478242 1.390758147516264e-19)
(1.000899284758936 -0.01361295309955021 0)
(1.218369972273383 -0.1531043568643016 2.03357796470496e-19)
(0.7331835554822351 0.01379270185750044 0)
(1.09811907782101 -0.00515402746549187 0)
(1.15164155062126 0.06603754089794149 2.018964249984536e-20)
(1.006888469425663 -0.007318229343639687 -3.012056027253707e-20)
(1.120091620356318 0.05047716041118552 -1.75287728465042e-19)
(0.1331527033676612 -0.08329614111787652 0)
(1.072654561388542 0.03702404689700851 0)
(0.6615587337602521 -0.002918827290760213 -6.849922140745021e-22)
(1.012108707754382 -0.0195834719723447 9.676615875607274e-20)
(1.061738127787808 0.0006636583088314668 0)
(1.084775651359034 -0.1291650635297901 3.755977085356215e-19)
(1.002592148575747 -0.006208892319514427 -3.48580151533163e-21)
(1.001873028066814 -0.004933299267829512 1.052937705975745e-21)
(1.093966667208649 -0.009287178877934529 0)
(1.020724615162315 0.02036703938927632 -6.280192253947002e-20)
(1.106736984974088 -0.001664900614640472 6.66134471619654e-22)
(1.073822217341435 -0.01109313499845399 6.525555803219316e-20)
(1.08579178012657 0.0223852028933092 0)
(1.328980751255576 0.1658220995063117 0)
(1.002024421087633 0.0002061931593725793 4.416064716628267e-20)
(1.323711717611268 -0.1261756781378967 1.543044305531096e-19)
(0.04476346585365357 -0.1658408121561314 -2.54329688648939e-19)
(1.071333699970057 -0.005580050787711741 0)
(1.117829940961858 0.001952831352990726 1.232654267568203e-20)
(0.7269709012810304 0.01787624175261381 0)
(1.062536820535949 0.002271793290168387 0)
(0.8704495314742925 0.1668978341948871 4.782895859927897e-19)
(1.269325413557632 0.1251405029459713 1.839680611057199e-19)
(0.6542223971677953 -0.003112916285761355 -6.267820953673486e-20)
(1.042473793615059 -0.005489157018114998 -5.029759240641713e-21)
(1.054901721844793 -0.0002866346640793043 6.64852238529562e-20)
(1.360623490618529 0.1253068178011337 6.795140517809651e-19)
(1.335860693405176 0.2529760717186573 0)
(1.059055710111219 0.001695840107047003 0)
(0.9962105821781513 -0.007365869587437734 1.511020132416087e-20)
(0.9945241870689778 -0.01148693193281975 3.517647707847308e-21)
(1.383795740029232 0.2005911162543873 4.249318021722864e-19)
(0.6816576838566937 0.0006336182369756857 9.814511759183235e-20)
(1.00560694291506 -0.002027346254254137 -5.954215238663662e-20)
(1.098022019827592 0.01301900871245479 2.538332215366563e-20)
(0.6694704548367774 0.005014207810380809 0)
(1.066085834879181 -0.0120223695157137 0)
(0.9909496337027294 0.1336509720265429 -1.193305178370512e-19)
(1.084146688431693 -0.002968094003079015 -2.441083041976965e-20)
(0.9820628584431107 -3.587939059954223e-05 3.278291579770284e-20)
(0.9912102354222986 0.006021362130811337 0)
(0.6383048444813146 -0.001142710873209044 0)
(0.9768940731732743 -0.001239884418359279 0)
(0.642049070223105 -0.001498704476678533 2.724913316837108e-21)
(1.089225143872878 -0.05761654265167958 1.199153580836749e-19)
(1.112311078522498 -0.0005428316786022869 1.245768675648796e-21)
(0.9580244831058574 -0.0009263268561442931 3.917597457172097e-20)
(1.015636185951633 0.010566323083593 1.662208444119089e-20)
(1.064774683732506 0.005377515991189218 -2.238795286713953e-21)
(0.6347571909329111 0.008851049828260899 -3.65059015143841e-20)
(1.001639981905991 0.01104222197254733 -8.787922584245066e-22)
(1.035182726907511 0.01184770397815117 5.03071684250661e-21)
(0.9882047463247203 -0.01009192707204864 0)
(0.6100641132578601 -0.0004907122766254503 0)
(1.068676309092365 0.02275971807831833 0)
(1.016331997597632 -0.01547094198552197 1.06058590350725e-20)
(1.022216908828421 -0.004256054695939754 0)
(0.9916060820937359 0.01505337540968541 -9.335795992220267e-21)
(1.012265705369366 0.004877559515511654 0)
(1.12727216468487 -0.005956552538307043 -1.225566953081039e-20)
(0.03733772569561307 -0.1393751430011933 -4.530855980398365e-20)
(1.036560147090688 -0.01588262506151546 -7.602508922537857e-22)
(1.044515848348528 0.00688199257086984 0)
(1.085342487855822 0.06450183304995669 8.415878193401477e-20)
(0.9697735813231871 -0.001617288215671654 3.118297651985351e-20)
(1.020681727182809 0.01711894924872381 -2.375613140599941e-20)
(1.00356996108317 0.001768187110769084 2.483168867878619e-20)
(1.040985268270513 -0.004744212392654374 0)
(0.6409512427476795 -0.00399833796517852 0)
(1.025883542465062 0.02450555611884428 -7.318649448364139e-20)
(1.079092183626259 0.00233532630615282 4.799747231386717e-20)
(1.015369330252189 0.002153360786228596 0)
(0.980452548089813 -0.002995331842681392 -1.922253889859331e-21)
(0.8753234979169862 0.02518839524925793 -1.320909222948089e-20)
(1.013989227117629 0.002954997366699319 -1.024879371908286e-20)
(1.027611948213745 0.001469214349406016 1.777500915365699e-20)
(0.9794224031153848 0.001345586479842452 0)
(1.003111525404339 0.009101888194814785 3.505994284833251e-20)
(1.106327351106604 -0.004206351751346539 0)
(0.9263240588493722 -0.0009973279826952762 -3.398573956809914e-20)
(0.9607062855136099 0.008614924314955958 0)
(0.914965242768443 0.2112610260693356 5.200630115182283e-20)
(1.010877336835791 0.06703196818208536 0)
(0.9925081497912728 0.003679734410910256 -2.302656855456608e-20)
(1.05374192489028 -0.05343307708299751 -2.780849523570807e-20)
(0.9911351554283182 -0.0009531988681503162 3.430735689535027e-20)
(1.011777294853729 0.002488028933944276 0)
(0.9786375437527317 -0.0007893351432097817 -3.202938730209171e-20)
(1.169818969770188 0.09727694583337573 -3.334422714215671e-19)
(1.068925613923728 -0.2641082083356725 0)
(0.9938995461142942 0.002080496836641404 -2.19396429700926e-20)
(0.9822255723170439 0.008360573663176796 5.026612965767856e-21)
(0.9610085343388444 0.003898800206109586 1.045242942027137e-21)
(0.7459735553547441 -0.001088599429418495 0)
(1.11587865243969 -0.08059604589082289 0)
(1.007588163552438 0.003002436991805679 -2.147263624042846e-20)
(0.8978557565706989 0.0002124254738525427 -1.009832712218066e-20)
(0.8549696498335978 0.01904064656997677 5.019606193800145e-21)
(1.011557071386036 0.004814225108782732 0)
(0.9492704561745104 0.002752280228022092 1.547119367023881e-20)
(1.00576970488579 -0.0002517532446234774 -2.312644827215325e-20)
(1.020910472112605 0.001670973022029291 -2.568663104290391e-20)
(1.111786637102885 -0.004178045651331292 -4.921602688916862e-21)
(1.116644609249562 -0.0009637261261840475 0)
(1.013554509718645 -0.003664632735554263 0)
(1.023107181236314 0.003033448824190857 0)
(0.9483845174686406 0.005073652596871424 -2.183358482837085e-20)
(1.017876843322947 0.01335408881166668 5.347121101788723e-20)
(1.07915420151446 0.006353683682481025 -2.214167347932769e-20)
(1.038136129384996 0.003064091731093527 0)
(1.10594044898224 -0.006802045504304976 1.822487743769518e-21)
(0.9962820968778556 0.002270027033108799 -2.203089908070884e-20)
(0.9850981726666186 0.006430477635777961 0)
(1.012011523664118 0.002496681350690932 4.667331201449398e-20)
(1.365786918956279 -0.314053945437802 -1.131342834363162e-18)
(1.12264126798166 -0.04495132328267451 -1.084678200161432e-19)
(0.9704919194592123 0.005168301171978319 4.876898592275825e-20)
(0.7819728587568288 0.02047038695071729 -3.16936460026594e-20)
(1.220274433353068 0.0522867290336578 0)
(1.22123109739003 -0.137218260632461 -1.466546386659603e-19)
(1.079138605256456 0.006705603929882228 0)
(1.009156262345841 0.001789658225660781 2.217812759800517e-20)
(-0.1618959084943538 -0.09300674965696325 0)
(0.993969566273597 -0.004657626085838694 0)
(1.012429666301502 -0.02316746551842347 4.499568547568812e-20)
(0.7061142873982199 -0.01943245497322288 0)
(1.096802440401113 -0.014952218104035 2.170484422102348e-21)
(1.043151858321306 -0.008619206461598933 1.639076593547873e-20)
(0.6331093643072153 0.004168317648208643 0)
(1.447648871175861 -0.1222098393458691 0)
(0.9868903678886664 0.001609262889140716 -1.088757940345139e-20)
(1.069723466805015 -0.01494422380583049 0)
(1.038088302432932 0.000467518150596493 2.169882778225052e-20)
(1.085611277378537 0.002464632108882639 0)
(1.008558748061654 0.00400188039580647 -1.083297988577795e-21)
(1.00609103870108 0.002982927571335079 0)
(1.014566252398017 -0.0145640226800331 5.941987714486979e-22)
(1.003167768875551 -0.02050471904846766 0)
(1.033527355436493 0.005816045339180852 1.776156957218681e-20)
(-0.2035771024905179 0.04345522550080171 2.662403838975632e-19)
(0.8180572759873187 0.03412063911833008 5.285013499067949e-20)
(1.005637909022703 0.002137458917972481 0)
(1.131415155253692 0.02514926827244308 -1.237962606834036e-20)
(1.119252197020713 0.01982787183352426 8.702238004865764e-21)
(1.054068761964521 -0.01313646054700478 -1.277430105920834e-19)
(0.9987848411784733 0.01035484181572517 1.131202242120621e-21)
(1.079658440507739 0.005992798451648927 0)
(1.185118512344769 0.05230118362395493 0)
(0.8353536991816241 -0.07532005197474904 4.593491295533051e-19)
(1.102038306175997 -0.01218996733132664 0)
(1.032432206805059 0.007622426600083851 -7.426270470235646e-21)
(1.042702071664271 0.005225954101055451 6.148262010706463e-21)
(1.052249652640306 -0.06170277448990448 -7.464231392517191e-21)
(1.140216533955129 -0.001432881458062975 1.669099157093176e-19)
(1.080805552884931 -0.006739507344699967 0)
(0.9951575468349642 0.00129543232049881 0)
(0.9963582466107992 -0.02405961157656372 -2.233539865018368e-21)
(0.9912342951305958 0.00255817072970062 0)
(1.029448392234198 -0.03851745851544425 6.345119396150433e-20)
(1.294327604158829 -0.09371215254826425 0)
(1.047643434603998 -0.01559714593559683 -7.125126377405402e-22)
(0.986154381624384 0.01690354818654368 -8.517910733580809e-20)
(1.035016649769141 0.04093978762400707 -2.422864136450981e-21)
(-0.09068506890336168 0.1616786742587506 -1.629957265186512e-19)
(-0.06293060068716344 -0.2936139474516116 -1.403941558105817e-19)
(0.8683948034135568 0.1292042869023427 0)
(0.2940627002652206 -0.007316549214723406 -3.14574232954245e-19)
(1.011870584187322 -0.0151143011594465 -1.587909726214939e-20)
(1.06390972457313 0.002619170936947094 -2.120439783657127e-20)
(0.9929176855644058 -0.01870119441205204 2.851051940273439e-20)
(1.021945291976869 -0.02763414787835366 2.467384517997902e-21)
(1.008454512019231 -0.03184622986116161 -6.5176196128064e-20)
(0.9887180503298102 0.004853368696778906 -3.468150820313176e-20)
(0.9932140446600515 0.004366790861347019 0)
(1.025095285404502 -0.001897472738717209 -3.592453216264457e-21)
(1.936398204528521 -0.155191538817429 1.07685423064059e-18)
(1.050200006306224 -0.01172057322300821 0)
(0.9954577763652442 0.007667588852506715 1.554189614099552e-20)
(1.002800342321542 -0.0001375698670833338 4.089245931128191e-20)
(1.170837073077581 0.1324975488663067 0)
(1.000755673600693 -0.005892161683029288 1.16920715993913e-21)
(0.9494165807640709 -0.00328371449790817 0)
(1.037843262159732 0.04174907741093666 0)
(1.299831195387229 0.1646007268131544 2.278939285428468e-19)
(1.085436943398239 -0.01096258472809433 2.251839786548331e-20)
(1.01866120784307 0.0316964403726933 4.741902050553804e-20)
(1.085037154613609 -0.0107209858667125 -2.173120239970453e-20)
(1.049252084188607 -0.005368451324522143 -9.482455040210438e-22)
(-0.3841021551355951 -0.04093329351401926 0)
(0.9981230240912803 0.01430621434168306 0)
(0.11066011732209 0.05951606618715476 -8.504541973911125e-20)
(1.006480741479024 0.02291606922077979 -4.194891732079094e-20)
(0.9929855009181768 -0.001923807406413644 0)
(1.000522984834845 0.00587552216667242 -5.081184312723516e-21)
(1.081504430792402 -0.04216487870284403 0)
(0.9958854478178639 -0.01735801658957915 -7.652262945067767e-21)
(1.09060120951569 -0.05318007434703281 0)
(1.442398548654629 0.1790036174317923 0)
(1.054144825595551 -0.01187646801714799 0)
(0.9907943445491345 -0.02246395426791209 -3.831632825528779e-20)
(0.9853593218129983 -0.04181181260293025 -2.221790016400687e-21)
(1.018349288059118 -0.01682373580123397 -1.68296563143109e-20)
(0.9975649179702636 0.01699286434470133 -5.686643905197425e-20)
(0.9950002160621481 0.01025715021180828 -1.514662508910801e-20)
(0.9935877336675381 -0.02697350185149379 0)
(1.003122741317629 0.02546659228328409 1.980439000886557e-20)
(1.044906038191069 -0.04136524349451576 0)
(1.110810364124068 -0.03573966375418482 2.628468806199566e-19)
(0.9954780273641488 0.01737374513339717 4.698717846788025e-20)
(0.6151171189296989 -0.008667300634688041 0)
(1.136995025701182 0.1331306305543261 -5.101500541357528e-21)
(0.8537339187908236 -0.105058819496095 0)
(1.138550388298519 0.07321635729613571 -2.686920618359396e-19)
(1.315481961653461 -0.388104828012678 1.297392525812697e-19)
(1.075258753175052 0.06115254438415246 -1.33777026333384e-20)
(1.009388430641104 -0.03070108805218874 0)
(0.9555781598919945 -0.2152299774825255 0)
(0.5016229498412663 0.1420055981276266 0)
(1.012759973508752 0.01021377328989288 1.20458333798148e-21)
(0.6943398135278841 -0.02456316033194312 0)
(0.9985742850995385 0.01830543031226186 3.611246105476042e-20)
(1.021488006394949 -0.003548987427764493 -2.76733339587572e-20)
(1.079145235739842 -0.008082724547723972 2.820848481438124e-21)
(1.038632641554404 -0.006850450243498665 3.386692976322749e-20)
(1.04252410818309 0.0110658602599704 0)
(1.060204476314753 0.03010802558015839 -1.02521425549586e-20)
(1.050659262110211 0.03438264989566663 -1.83239722543012e-20)
(0.9825482739727034 -0.02202197762757236 0)
(0.6249429836342386 0.005128898416358347 9.184301739750586e-20)
(0.8941676118192646 -0.005872276284185784 -8.859349423261636e-20)
(0.9093687761468947 0.00533481982650614 1.441863985649354e-20)
(0.6295583818407544 -0.006380406882397362 1.40480139463387e-20)
(0.9782064690521449 0.0008374377838956664 2.640062485286886e-20)
(1.004460434940097 -0.01755775971918665 -3.584446907147756e-20)
(0.9675865786947447 -0.01813452745170756 -3.639600719205932e-20)
(1.085491640210077 0.001500331359333318 0)
(1.019492254683579 0.004328990803089483 1.056862502172834e-20)
(1.132852450806249 0.04880807939696055 1.299989811761215e-19)
(1.034090422649264 0.04098189458126288 0)
(1.022159401158162 0.002574358448600048 0)
(1.583885211815026 -0.166581696159682 4.415816062151704e-19)
(1.042055449369163 -0.03550248604759461 0)
(1.018797610969824 0.006401297236805543 -3.792870015433761e-20)
(1.08871474893898 -0.00340557184193333 0)
(0.4794922426987727 -0.03502386370587191 0)
(-0.03292197879389702 0.01663036191423713 0)
(0.9900954655886401 -0.02419370407102275 1.209467061584926e-20)
(1.300776624989279 -0.09502050756518982 3.761135415939803e-19)
(1.035796586595784 0.03814647568146855 0)
(1.022381948773124 0.00329841308188508 -2.263999760830234e-20)
(0.9608671278650892 -0.1644124587903215 3.061751251029904e-21)
(1.252634832051134 0.07782210653967564 0)
(0.5980070922595047 0.7308340969149375 0)
(1.311096267118743 0.1519057664231042 1.120072155902249e-19)
(1.677430554377033 -0.02440470723473814 0)
(1.060220378440972 0.1089882788046769 0)
(0.7155935871793545 -0.01518362286739191 2.606428762380937e-21)
(1.053050409059331 0.04651774607354538 0)
(0.7208417896161468 0.1058789913385774 1.163940732116989e-19)
(0.9967794090783955 -0.01648710310813071 3.570595869097646e-19)
(1.033319622633384 -0.04117861064133145 2.690257796593604e-20)
(-0.3769095050360742 -0.006192743997571394 0)
(1.071649866460153 -0.01637612219312914 0)
(1.095839207389052 -0.01055966949235866 0)
(0.6481997525564629 -0.5025310551231532 -2.479486672742011e-19)
(0.9918478925500428 -0.001280814702573932 0)
(1.091911591861256 -0.02155944484061263 4.097570405009142e-22)
(1.188099495787878 0.1215039103431124 -1.989462485704016e-19)
(1.088783717534025 -0.04165565391833797 0)
(1.005255082363542 -0.02136969128991834 0)
(0.8136490798074714 -0.1849319575955833 -1.728251655891855e-19)
(0.8962617366758542 -0.131248727271589 1.560315847818043e-19)
(1.027414771390802 0.01161992380043035 -2.275615988432202e-20)
(1.023113196993389 -0.009158401776337019 -4.601426452140855e-20)
(0.873536927265375 0.01025852191390685 -2.656103446493075e-22)
(1.505202059259179 -0.1929359535492645 0)
(1.301813177720848 0.1206929961168974 3.182806354800383e-20)
(1.24566387228705 -0.07579582154711939 -3.011020056341996e-21)
(1.095819462622898 -0.01852770264661127 -3.815386335900331e-20)
(1.042583382777701 -0.01234744276906432 2.407181345986796e-20)
(1.092821926182914 -0.03913170985254477 9.072540070276368e-20)
(1.03220268989155 0.01965589847950527 0)
(1.044387936583043 -0.03425503853748118 0)
(1.115902293626486 -0.009003716507779041 0)
(1.087729541312902 -0.02752522633106476 0)
(0.9978781786441252 0.01109327893572067 0)
(1.148721160386166 0.07634095589811356 9.488009205258202e-20)
(1.341882072709284 -0.1493375511903975 0)
(1.038155743083231 -0.0211546700096499 -1.757582260277319e-22)
(1.053387050888401 0.05136150438460866 0)
(1.010057653236698 0.01470749562153945 -4.000354671971047e-20)
(1.033801594016502 -0.007961688550683632 9.056020561546313e-21)
(1.088960993075167 0.01337093372486632 -3.268817526195756e-20)
(1.085185448987208 -0.02931402425096914 0)
(1.075278632920574 -0.0009695884917633253 0)
(1.107755824039385 0.09478749983422451 -1.427046163573826e-18)
(0.9353622667266396 -0.1494834442934821 -7.06773618730632e-20)
(1.170881257263424 0.1053345643020113 1.103082311739518e-19)
(-0.482292420201175 0.01097249992567517 -2.92353160384955e-19)
(1.019289718701479 0.02868326281732499 -8.904509222464066e-20)
(1.004363385488552 -0.002635452167522552 0)
(-0.2961891667808254 0.03966063234813461 3.558217798397016e-19)
(-0.05307888072649301 0.3146038885800639 7.559036728772772e-21)
(0.9952299683947352 -0.006299021635497463 9.817226309889209e-20)
(0.1910912422119211 -0.03926463977012343 1.4402914993449e-19)
(1.0955702018389 0.08154695097402917 1.521288339070793e-20)
(0.09405553975047375 -0.1090558823678154 -5.490487161060245e-20)
(1.107911732199855 0.003059341431198613 0)
(1.103210484323619 0.2587817756333549 0)
(1.021806511882341 0.02186420619781701 -1.743100314676345e-20)
(1.074655951300649 0.05598113464919392 0)
(1.02607072362918 0.02706221852732928 -9.79704106351591e-21)
(1.262883021045566 -0.5485843828514746 8.050536659947418e-19)
(-0.09955872338957253 -0.1957415582864112 2.211081587737793e-19)
(1.296038483833983 0.1179114520403244 -6.337784104774019e-19)
(1.122934867187706 -0.00235129490271947 0)
(1.13022789193202 0.09497043543424555 0)
(0.5288421523841744 0.08334239388100434 2.567861621610394e-19)
(1.023385674080975 -0.02103814093423437 9.278767033747288e-20)
(1.005745841574166 -0.02400463962622911 0)
(1.21155992902753 0.2712370833611038 -9.545276425808537e-20)
(1.257787629506215 0.1396581995617551 -1.60677833559554e-19)
(1.026627636914045 0.002910770594836266 1.527031290158073e-20)
(1.300655149257141 -0.08448773391059908 -5.024451195200577e-19)
(0.2939233227922539 -0.01390872049680857 2.59493291499199e-19)
(0.8265248628875329 -0.1452835881473923 6.64853801123448e-19)
(1.054602055657176 0.05930122513383715 1.042317422455541e-19)
(1.041001711524593 -0.007255092630924 1.659260864790264e-21)
(1.001453039850075 0.0200523309896604 3.013652754532667e-20)
(1.066499168542683 -0.03683236615437148 0)
(1.034695213173573 -0.03848116775405636 -1.545271087958028e-19)
(1.019225480115271 0.03436674080159017 -4.834576841714808e-20)
(-0.04640345872967046 0.05616038717267988 -5.073390740501843e-19)
(1.010945920625227 -0.05828214237869933 0)
(0.9067058766441277 0.01957269629954325 0)
(1.089174164950898 -0.004044024314626575 0)
(1.370789968160496 0.2621643749371706 3.827269518428032e-19)
(1.701000813206001 0.1055756486049542 1.343937392912129e-18)
(1.403418951405935 0.1568518018802628 0)
(1.032886486848023 0.02723851595394558 1.231349796829794e-20)
(0.3566069792374321 0.03759192221783148 3.596978520402125e-19)
(1.124900473755561 0.008108545336659055 0)
(1.091997912441889 -0.01019218956607532 2.96568206377479e-21)
(1.089234686583801 -0.02040989553440425 1.825811050221125e-22)
(1.136050387934479 0.09377550414671094 0)
(1.299519174197165 0.0578914096990404 0)
(1.03979156384119 0.0008448890074388718 1.152165563198892e-20)
(-0.1483167860634106 -0.1232778672430585 -4.196064023499823e-19)
(1.335209788004312 -0.148046210440259 -2.175474776309106e-19)
(1.067794590810963 -0.007449917627729975 0)
(1.013927553128339 0.0149194606309889 3.154739369515024e-20)
(1.148903102631476 -0.107495545229393 0)
(1.016259673655093 -0.01809808804530363 -1.108544364700825e-19)
(1.030752420716249 0.008011544287382691 0)
(1.513029329739279 0.09047784827755309 -2.878374435017977e-19)
(-0.01035307373488159 0.0884288442352154 7.958190993304306e-19)
(1.096038671566708 0.04971929692039326 2.160449463164943e-20)
(1.092504349151968 0.07891546344635074 2.044570415060803e-19)
(1.009505777485719 0.008577020421329476 -6.307670835360409e-21)
(0.01135407234774639 -0.1116746231274563 -5.408712974856199e-20)
(0.02898530768546805 0.1204296789177392 3.410592263833864e-19)
(1.224128806829788 0.1292954032637686 -1.495399243141875e-19)
(1.110607610712144 0.08144589487309646 0)
(1.087942787197468 0.0254055403944786 1.707848017937123e-19)
(1.007076593840631 0.02206792085545207 1.659722150399499e-19)
(1.029702764929464 0.0009640670873075546 -3.69638183626685e-20)
(1.203889307964997 0.1336548824271083 2.392597108722214e-19)
(1.3996913390158 -0.1265214560516193 -2.02361658893103e-19)
(1.065882859006103 0.05017888546830258 -6.997115694976364e-20)
(0.9933761817414158 0.006526189904810757 0)
(1.091288425997202 0.06854877937001942 0)
(0.9805146867969413 0.007461604946382087 0)
(0.9957934158529953 0.005467281479188185 2.423236040854092e-20)
(0.4863793450039927 -0.06704905181916818 0)
(0.9899291785505465 0.006104959669979072 -3.774895748466386e-22)
(1.287416578385752 0.08064570936082117 0)
(1.0096734824997 0.005236282090594605 2.167063390539069e-20)
(0.8229571578434566 -0.1258124033126938 5.009061963768027e-20)
(1.09917595768926 -0.008722472956316334 -7.981143123056293e-21)
(0.9397173537257141 0.01665675916298006 -1.762786385689618e-20)
(1.437953301646572 -0.2794851719026963 -5.19251189743957e-19)
(1.131340294355557 -0.09008189446691392 4.653755506249827e-19)
(1.088840357519309 -0.02513799818614406 0)
(1.933520148432671 -0.4703985239742913 0)
(1.624909615005524 0.1916793039980089 0)
(0.9888474401092107 0.004479391959226144 -9.080093365005746e-21)
(0.8594889890300044 0.7745321351704353 2.396038682272954e-19)
(-0.02414610736394817 0.2128697925249338 5.096473648940318e-19)
(1.04127881642818 0.005057137145503461 0)
(-0.2012868741572503 -0.1126598344412681 2.254635443710241e-19)
(0.9826509703555091 -0.002732206312665478 4.043978930213197e-20)
(1.180913386248722 0.1619617841330965 -1.60045215638907e-20)
(1.044513237595606 -0.02213803816432886 5.709872622085022e-20)
(1.063338493655423 -0.1459244504377364 1.424802020386713e-19)
(1.130017342660445 0.001629709639876385 4.448153839168777e-21)
(1.1093884149945 -0.006982700674800319 0)
(1.310034571888747 0.5304759776791533 -6.011159597401323e-19)
(1.028058074586589 0.001773768788137004 -2.152756047788352e-20)
(-0.3285969365267299 -0.02119823895361516 -1.930006744307356e-19)
(0.6796087103403631 0.01846061407865084 0)
(1.087012445386828 -0.6977623611808152 -4.838343889010599e-20)
(1.311961583892872 0.08602268796121426 -1.097857733794042e-18)
(1.114574212682238 -0.108075787248617 0)
(1.08763226029403 0.2794859449472448 0)
(0.9724476879110865 0.003052040265845406 -6.150645734243929e-19)
(1.064485565388256 0.003625746999457221 -3.966415307641512e-21)
(0.9246956415468164 -0.0121212256410006 0)
(1.090588879204821 0.03090292008021901 -1.75000658171098e-20)
(1.370781344236858 0.2197643307593313 -1.924714287745864e-19)
(0.7324552841282175 0.09820410895461561 -1.053207843091343e-18)
(1.078613398731962 -0.0007016295074878511 0)
(1.265904964866502 -0.05760735250729977 6.934229657526905e-20)
(1.004933183177806 0.0003487849745409014 0)
(0.8486726252329759 -0.7745705310784223 -2.648687996661639e-22)
(1.081791555478937 -0.05193905846363031 -1.120768100467444e-19)
(0.8763423119774455 0.3255852154621245 2.941723843151164e-19)
(0.822627921643562 -0.1922258219553054 0)
(1.03064546944657 -0.03623600027298162 0)
(1.054442347680736 -0.0291405934245452 0)
(1.002816397833883 -0.001236899017409877 0)
(0.9812596721645708 0.006257937555389651 0)
(1.339481864732055 -0.2330875271415664 0)
(-0.1000317853593345 0.1340915611979968 2.431316283768954e-19)
(-0.06538341611484551 0.06528229582677125 -4.128736860710836e-20)
(0.2609347225465665 -0.115634565387603 -4.40224149279664e-19)
(1.519498042474794 -0.4380280223988862 0)
(1.034145639612808 -0.01688832969184244 0)
(1.771356929316981 -0.7579422434321548 -2.354079321884307e-19)
(1.135260997872017 0.01190663282506488 7.780317187753747e-21)
(1.326764867366146 -0.08817304807584186 2.764774487034521e-19)
(1.108185623013986 0.7093940313552936 1.500028005810349e-20)
(0.3390446673933543 0.5946905942981288 -2.207040431200248e-19)
(0.676300866958353 0.4599013507426558 -4.784694921603842e-19)
(1.061247541861174 -0.1535454635553357 -2.420714936480688e-20)
(1.225672176185859 -0.359454159924967 0)
(-0.1116703501550581 0.2159720949171974 -6.971568172004844e-19)
(1.046688605110389 0.02265908035334916 0)
(1.11674988580308 0.03980491847698034 -1.454392311273715e-19)
(0.8151692342934643 0.8980775741966939 0)
(1.076289605962979 0.04231494384479008 6.191088732435031e-21)
(0.2878370186024744 -0.05452108075335766 0)
(1.119668860671502 0.03772898341135487 2.224133110100519e-20)
(1.370285332168336 0.3246937894848376 -5.538141958205007e-19)
(1.075103196664314 -0.0125365055787056 -1.621260885313902e-19)
(1.470737062944831 0.1606093447265958 -2.509551472969208e-19)
(1.331825205166469 0.4192630415716621 0)
(1.168217669562428 -0.2620478601827875 0)
(1.309571543559411 -0.1323241194266323 -1.201990122693776e-19)
(1.066828717027527 0.01622254548676978 -3.304830034700015e-20)
(1.060667839211704 -0.01200830252086206 0)
(0.7493753499617801 0.1514061507783516 -1.248945973821563e-19)
(0.773742182186008 -0.5757078292519596 -5.683931199054045e-20)
(0.666701378496979 0.2045442012613131 9.605921313338864e-19)
(0.9839966922926531 0.1308494090928219 3.50438135987267e-19)
(-0.003541875454146924 0.09604488447960813 0)
(0.5829966420851248 0.03726482915005634 -6.822031689179106e-19)
(1.058606607211299 -0.04061203695421734 -1.859420035527302e-21)
(0.6850456487823836 -0.1065793045171481 -2.672309568012241e-19)
(-0.006654398346218914 0.2509728812035374 -2.844432254691396e-19)
(1.183696533960049 -0.07752086170718049 0)
(0.4126031943637107 0.02159786928810544 0)
(0.160897321678707 0.3737523762422238 0)
(1.439671064693709 -0.2567816314391635 0)
(0.2338744407234481 -0.356579806531128 -6.414275139583677e-19)
(1.596632577510329 0.04104828738666515 -3.935227238711063e-19)
(1.025579655854822 -0.2015221286233443 0)
(0.6852847310471692 0.03124351131475984 2.617785818904536e-19)
(1.024907316781672 -0.01122291492455224 3.441147906836215e-20)
(1.138111317125981 0.2363045597407577 0)
(1.729090409756954 -0.1096607087089287 0)
(0.5805546646436951 -0.7359520775909503 -6.818047804734649e-20)
(1.276410241108933 -0.1066563305392224 -9.939394150647232e-20)
(1.408789091344383 -0.08179205497713045 -4.230983217456361e-19)
(1.48453138508654 -0.06254232696543433 3.597879278485727e-19)
(0.09629145883612085 0.1019154609260098 0)
(-0.1757544838723856 0.1093480251769647 2.65616284821786e-19)
(1.038504202683235 -0.06351248653628425 -4.081569181548102e-21)
(1.120241898603054 -0.1401211482191708 0)
(0.6404933842807863 -0.3552686802523073 5.203371310246086e-19)
(1.049140398540422 -0.0633071475151145 1.506169168869418e-20)
(0.8618972202535539 -0.1429750517512557 0)
(1.320681569191629 -0.1280560779514172 -9.446823948926056e-21)
(1.118242903837035 0.07695563589452305 -4.392592565213547e-20)
(1.090954728463857 -0.005092345687719302 0)
(1.12788805487883 0.5709143809142507 -1.102739081948114e-19)
(0.3418497121043553 -0.597993593444927 0)
(1.060801376547009 -0.003544458851255098 2.856895632428207e-20)
(1.097510247210574 -0.005474139801143182 2.601356664831477e-19)
(0.07683736864297866 0.1900069170022363 -1.570320945374791e-19)
(1.181535094002299 1.00296542781111 -2.23390876099406e-19)
(1.368504134114368 -0.1367445218606902 -8.948894391365093e-20)
(0.9028513475284021 0.1035254217334326 4.481413752028211e-20)
(0.9978558159343712 0.003882040190367869 1.098059564808485e-20)
(1.062266423836976 -0.1555047316783975 1.793791979805577e-20)
(1.507512608843818 -0.9480093598696206 -5.249129021291845e-19)
(1.533569485663826 0.9511652521897754 2.360472111525684e-20)
(1.432190665175991 0.2292934716612624 3.508876741108903e-19)
(1.02849997043956 -0.007791365595512041 2.018618076475052e-19)
(1.035466756383991 -0.03313198427314646 1.688917926446744e-19)
(0.9927983920837941 0.02268288029936721 -1.98785788216669e-20)
(1.057814835911445 0.03853173620647108 -1.421569104078523e-19)
(1.079054831270052 -0.06526101244808669 3.029745832580061e-20)
(1.436752673981542 -0.1307791973853812 3.325575076883892e-19)
(1.820259947130166 0.749215867037189 1.872833866776074e-19)
(1.036951273317039 0.03400253312280909 1.136265954695788e-20)
(1.072088631150393 0.01389871620023181 -1.035656267511975e-19)
(1.9870749889529 0.4785795249044572 5.338768901042982e-19)
(1.928351290170799 0.1613149256878495 9.273644111578862e-19)
(1.081746024594664 0.6394137665527831 -9.629028232503341e-20)
(1.109563517755935 0.1719068389357015 0)
(1.04411605883587 0.02305914760466354 0)
(0.5107488498304323 0.4401404591444418 1.166412445427751e-18)
(1.375593918770315 -0.2978913644144412 1.896076329367807e-19)
(1.193872637390502 -0.1584197005402333 0)
(1.633667907415039 0.2365425841253527 -6.147855231504025e-20)
(0.7988352342433575 -0.1435470728220489 -1.174451149286492e-19)
(1.326917153416406 -0.2084662498600172 -9.140132649239828e-20)
(1.250231096608643 0.3903946724787392 1.421062182874477e-19)
(0.492700950838616 0.1970158734724221 -5.610951120016001e-19)
(1.688395598214628 -0.01894433632117086 3.267025901048479e-20)
(0.8557391331628281 -0.5440571865915788 2.209840480963851e-19)
(0.9998194983296327 0.02380026084532577 0)
(1.618418740037096 -0.1841448160060592 -3.055423983655883e-19)
(1.090157852435627 0.1007083956861323 0)
(1.339670388009454 0.5816842720962989 0)
(0.9421676819943975 -0.4132756698445451 -2.804786678575459e-20)
(1.249540727698045 -0.02524820886494638 0)
(1.038372542413891 -0.004044180025473606 -1.219864003788173e-19)
(0.7377568126202777 0.1183962434178024 3.199992341261263e-19)
(1.32348357498825 -0.5809329032241735 -5.617551751536058e-19)
(1.051472971395945 -0.632406135861694 1.158675882980079e-20)
(0.3510404617230186 -0.3761294023361508 -8.716169079535229e-20)
(1.007183804795371 -0.0959046138169211 0)
(0.4458313582963419 0.3035865407189283 1.683530789676076e-18)
(0.2885873956956944 0.0587950700830098 0)
(1.312774217029411 -0.1295204087298986 8.000089455010506e-20)
(1.577802084513218 0.1935295050343838 0)
(1.167000357863317 0.447614033426308 1.320811728367901e-19)
(1.053208119496584 0.1531161489486338 -6.864315944427453e-20)
(1.031750060418832 0.004410479328670705 -1.952223589982888e-19)
(0.9570562274911347 0.4100532471657521 0)
(1.161841297077168 -1.009662634951713 5.84683321664531e-20)
(0.8912134172027174 0.009587269594412444 0)
(1.069307018543802 0.3796667046448295 0)
(1.062227424137675 0.03612135591476114 -5.399743516088934e-21)
(1.472735247750398 -0.2986370075262199 0)
(1.243573083158565 -0.1843710161010849 -3.000107610711427e-19)
(0.04287844428957008 0.003331272018212319 -1.706788728859218e-19)
(0.2400056894875822 0.02059205186870583 8.858411381562367e-19)
(0.9810945102746954 -0.09890658558561619 0)
(0.4725118941272072 0.6493815216034898 -2.546347433088201e-19)
(0.9175143159054939 0.02998402833934447 0)
(1.538279103381572 0.4155394577848611 5.45916048051027e-19)
(0.4869890305906712 0.1728630500822302 -6.09270372484073e-19)
(0.01523343847620752 0.2122670880744068 0)
(-0.4196188234863478 -0.03092324176802962 0)
(1.032399747203519 -0.0002802315371395585 1.231158907909558e-20)
(1.658526997677877 -0.2256856495266711 -1.109281726879778e-18)
(1.109182912596092 -0.5626233974818399 2.400658819587411e-19)
(0.7818258357352941 0.3340511707924124 -8.77434008097225e-19)
(0.9197377401132348 0.15334691406566 1.436340071937608e-19)
(1.044438879694586 -0.00378390070524335 0)
(-0.2900302717723651 -0.1238749194941123 4.210903412768031e-19)
(1.033383632972982 0.04662286388910218 0)
(1.192254304057905 -0.2336338065690133 0)
(1.561340543800729 -0.1859874424992365 5.026235322141125e-19)
(1.122633563140456 0.07247303500575937 -7.483916376490262e-20)
(1.066444080048973 -0.1314506976739731 7.370627969541379e-20)
(-0.003576836154043444 0.0705265972942318 3.340498202174674e-19)
(-0.0675339755436475 -0.1458372098678774 2.258467089589222e-19)
(1.079324279244143 0.220022955575239 0)
(1.095833880439044 0.05702572938816181 2.140379830906821e-19)
(1.496171510039233 0.2907509485138289 -3.712081897719402e-19)
(1.322804099431662 -0.4870692205210252 2.380656505409056e-19)
(1.152500474255689 -0.1539900161393615 0)
(1.121152734638758 0.1506798680011748 0)
(0.5262572465496732 -0.6882820278393664 4.136544390914997e-19)
(1.314103656163161 -0.03768047088636983 -2.920541017433055e-19)
(1.014771349318752 0.1134779789468088 2.627355379822927e-19)
(0.3133322944194759 0.3581621201583348 -8.907277698042131e-19)
(1.03613127991651 0.1164064556883252 -4.34402797016576e-19)
(1.037032538011459 -0.3958483457182611 -4.597702553484427e-20)
(1.460192491444551 0.1094861967028717 -6.453545313498458e-19)
(0.7793706909832248 -0.8839358441762863 0)
(1.05664626010387 -0.03068427244287228 0)
(1.12275263651919 0.1744076234082625 0)
(1.616617928463297 -0.03913602472547872 0)
(0.8149395504085624 0.5942730162875185 -2.068660537557554e-20)
(1.492197310608309 -0.3569042626426769 4.579715428189838e-19)
(1.541088861050122 0.1476245374564366 0)
(1.135990182694207 -0.4587235404596063 -1.674630263863497e-19)
(1.461236329367813 0.3440703620238464 -3.521448774091814e-19)
(1.010743324087957 0.02787479207423412 0)
(0.2044035526558329 0.01420187507963499 -2.335251121117684e-19)
(1.336577759102962 0.5106502535156141 0)
(0.9759566973857271 0.008856233389482059 -4.075301320111215e-20)
(0.7633183743200519 -0.3008670279755743 -2.061937650708887e-19)
(0.5086137907166743 -0.08173716802289931 7.880236819865074e-19)
(0.2239235119800808 0.08759601449151504 3.415189342805503e-19)
(1.062024619074156 -0.1384998166773631 0)
(0.05714207641051332 -0.02204967752454698 0)
(0.3455598208165991 0.04091127168956479 -3.01957970456417e-19)
(1.006697631157433 0.01735334957131696 0)
(1.453500958080407 -0.00646994136201515 0)
(1.008379544851913 0.02878609943518378 0)
(0.4682940954682224 -0.2735052428232739 -1.006104172783156e-18)
(1.04894860968913 0.08852882321449242 0)
(1.524228672473606 0.04238944208617056 0)
(0.2357733819928067 0.1360183953397854 5.592600067136632e-19)
(0.8797402677056457 -0.3222502179324241 0)
(1.366533706938599 0.05373558438738194 2.661201765771374e-19)
(1.237996393613132 0.2050603624772966 2.029165838192866e-20)
(0.8983005230765432 0.5541074645253936 1.568019644312388e-20)
(1.033659422474579 0.09905779451635048 5.115271873199868e-20)
(1.032250674684129 -0.1490047382850499 0)
(1.367847127564461 -0.02133803413751517 0)
(1.296285521994063 -0.1206858619026436 0)
(0.6244913187153907 -0.04003173485056678 -1.363514035176602e-19)
)
;

boundaryField
{
    FrontBack
    {
        type            empty;
    }
    Top
    {
        type            noSlip;
    }
    In
    {
        type            fixedValue;
        value           uniform (1 0 0);
    }
    Bottom
    {
        type            noSlip;
    }
    Out
    {
        type            zeroGradient;
    }
    circle
    {
        type            noSlip;
    }
}


// ************************************************************************* //
