/*--------------------------------*- C++ -*----------------------------------*\
| =========                 |                                                 |
| \\      /  F ield         | OpenFOAM: The Open Source CFD Toolbox           |
|  \\    /   O peration     | Version:  2412                                  |
|   \\  /    A nd           | Website:  www.openfoam.com                      |
|    \\/     M anipulation  |                                                 |
\*---------------------------------------------------------------------------*/
FoamFile
{
    version     2.0;
    format      ascii;
    arch        "LSB;label=32;scalar=64";
    class       volVectorField;
    location    "965";
    object      U;
}
// * * * * * * * * * * * * * * * * * * * * * * * * * * * * * * * * * * * * * //

dimensions      [0 1 -1 0 0 0 0];

internalField   nonuniform List<vector> 
808
(
(0.7562707042879327 -0.01752422089291494 0)
(1.031302592955386 -0.01250101216119959 0)
(1.115174571408857 0.0001025766078973531 -1.771336564548755e-20)
(1.085130735596459 0.01257128864921761 0)
(1.360502404812197 0.0138771638778602 -3.840523788168002e-19)
(1.038666022381349 -0.009408057950261915 -7.247912797390772e-20)
(1.014197041653817 -0.0203034307217405 -2.389182452450083e-20)
(1.078796655954364 -0.004726039240569717 8.963904482474514e-21)
(1.252119428231366 -0.02120526565384721 6.284806405355555e-20)
(1.084818265940415 0.008789814245732566 0)
(1.010108490487422 -0.01247947250809773 0)
(1.303308392776589 -0.05378643503672653 -3.484614491659567e-19)
(1.086206164796067 -0.001627973615413825 2.03593705445706e-20)
(0.6750823719377819 0.006396181579711355 0)
(1.279661691199357 -0.1230462574016096 0)
(1.081916322911394 -0.0001207058852893439 -3.836254571335358e-20)
(1.229279885070726 -0.1533844747686593 -9.879516402681216e-20)
(1.074418596492393 -0.0002871294205283978 3.178743357355184e-20)
(0.9901179357365221 0.006357888618351825 0)
(1.02697485509322 0.009196666337477242 0)
(1.038411134359619 -0.01587758730579677 0)
(0.9875617485267295 0.04533209341738621 0)
(1.051036716045379 -0.006221625226764402 5.726205394121389e-20)
(1.053682158936243 0.008214289384599878 0)
(0.9338213226324181 0.1998806445891202 4.573287589496998e-19)
(1.161983936174796 -0.09096748877119004 0)
(1.184277382908241 -0.01970023380418744 1.551109849769844e-19)
(1.077180292464766 0.009577488805024272 5.227130138199276e-20)
(1.084085046121141 0.00181943675552508 5.099433820593481e-21)
(1.071982272453671 0.03098449215299659 0)
(1.075496958921283 0.002537166851984041 -1.180693083290684e-20)
(1.033433961294222 0.006262625631087357 -1.895377848312311e-19)
(1.05996284006335 0.01463458525182153 -2.379433349851231e-20)
(1.088806714195073 0.005317607760053814 -2.932816220310435e-20)
(1.120682167814304 0.03634009254942748 0)
(0.7549043228403376 -0.120030235091747 -4.548413213798723e-19)
(0.954443442944262 -0.005732587851652142 0)
(1.068921351811812 0.02241757686607381 0)
(1.068831225040333 0.007229998669148314 0)
(1.073705377151466 0.008649311480698273 -2.822482277281322e-20)
(1.092828177685858 0.02256319896504889 1.085616779778595e-19)
(1.14968556197505 0.002073285418080324 2.128571990835176e-19)
(1.095555915550719 -0.002442294203266325 0)
(1.015517382792408 -0.009381968246564202 0)
(1.127347673909678 -0.09709367169745611 -1.65803804999525e-19)
(1.044057855113433 -0.01180388611776624 -8.250080926207885e-20)
(1.058385866334723 0.02669250876896542 -2.755731016860874e-20)
(1.229079414376417 -0.1120005818907091 -5.586988555020474e-20)
(1.067645515640877 0.01218859404374421 -4.128629773543009e-20)
(1.255469598990656 0.01547551849381202 0)
(0.9972729471160187 -0.01829994541509987 2.137798743373383e-21)
(1.044616421185554 -0.002575910129789361 0)
(1.087293431503215 -0.002355424762087071 0)
(0.9976338332233028 0.007733795537391175 -1.915625252767985e-20)
(1.252771425243687 0.03285226718966892 -2.372189843800977e-19)
(1.063696580124613 0.01837092637497557 5.955892589632536e-20)
(0.9882398096070449 0.01022455883351547 0)
(1.015028027981568 -0.0101482363821706 2.529765585940091e-20)
(1.106880243891985 -0.001654665611649395 -1.165018990163708e-19)
(1.061700916392982 0.03129734075423601 0)
(-0.06868008457627664 -0.02819931361532003 7.427187823036939e-20)
(1.15359392062655 -0.05216741355663498 -1.863484769161203e-19)
(1.001752019047849 -0.007741555442577472 -2.780074210119565e-20)
(1.185577240041008 0.06428905924992855 -1.20263024442021e-19)
(0.9973944688160337 -0.01067193563551958 3.054070118949281e-20)
(1.083827900097883 -0.005512169793508424 0)
(1.244481848815867 0.09184536988984908 0)
(0.6960323836207294 0.003169758624734783 -7.46447644354906e-20)
(0.9892290720367517 -0.01600427248939062 -3.181113024644584e-20)
(1.456553719920588 -0.01880530449564012 4.423359789935677e-19)
(1.060675146707356 0.007564114106377843 -6.627556679924271e-20)
(1.364213145433697 0.0948319369869316 2.868228062488675e-19)
(1.054838830434423 0.006730201991058548 -1.880388115763726e-22)
(1.081021348758559 -0.01416015934007464 -3.750036105882857e-22)
(1.162604348694361 -0.2348606936440278 0)
(1.022692701238531 -0.01471915423986427 0)
(1.017979957984272 0.01783651083480293 -3.036810437905991e-20)
(1.389655486520431 0.3499460954456401 4.219942680332277e-19)
(1.097219320209527 -0.04209245650800622 9.466693843387202e-20)
(1.046821266357285 0.2112438106492324 2.432687461657473e-19)
(1.122996350859116 -0.06326113940436771 1.172834775764425e-19)
(0.9221234412371528 0.005199593320265893 0)
(0.9754870784646964 0.01858885324567988 0)
(1.003990144540942 -0.04849077897573868 3.063600366306279e-21)
(1.010755464258331 -0.0135896513529416 7.616256607892416e-21)
(1.031267498339432 0.02604934856801043 1.366272151481838e-20)
(1.52538956073456 0.03503488217814052 3.232768864552729e-19)
(1.291861642709013 0.07045626929705442 5.591823691352765e-19)
(1.072724673887862 0.002916848667231372 -8.929964717112022e-20)
(1.196046194290084 -0.09947028622754095 0)
(1.033972568973251 0.001491805205695996 1.303044167197825e-19)
(1.163729897744481 0.0202241266754634 -3.146312103125371e-19)
(1.001522789893733 0.03251412493457956 0)
(0.999630091408944 0.001975864439599822 0)
(1.044157989686327 -0.0003631446978750157 7.910258464711377e-20)
(1.213920167597498 0.1012052290368096 3.993549545553203e-19)
(1.01114001106381 0.006940392497242783 0)
(1.087534601957466 -0.07064314096325718 -1.066481854484724e-19)
(1.149994073496552 0.03497779746423198 0)
(1.211692916579752 0.08905645391352984 -1.880552277009094e-19)
(1.108201811911615 -0.02869841161033277 -7.735439912714541e-20)
(1.028024605177055 0.011695338963115 0)
(1.085475653818778 -0.004650745065634224 0)
(1.020267485571172 0.02594527461749832 7.924955745153112e-20)
(1.075560808291395 0.05451062127640193 -9.207838365738418e-21)
(1.103622460221904 -0.00438390569064361 6.372296967192669e-20)
(1.104003533801919 -0.09527497887415107 1.540909509822472e-19)
(0.9602257803739813 -0.003391611929161517 0)
(1.066480634737265 0.03146374134827881 3.740820988394908e-20)
(1.167333022034008 -0.07640872778495275 2.277322344649046e-19)
(1.054078979005809 0.04575939558194021 -2.868346635488351e-20)
(1.022989736819841 0.06807997178611666 3.666678275196153e-20)
(1.090610451352276 0.02625629949260386 0)
(1.013060477267451 0.01435811178739742 0)
(1.028963304744763 0.009402096449039669 7.882731407842482e-20)
(0.9486018074845345 -0.03215016860979767 0)
(1.053338626497688 -0.005534604714568974 -7.544141525801776e-21)
(1.338742629976092 0.05711993047236598 -1.557585252029346e-19)
(1.07971084929696 -0.01332828430615337 2.615574874395493e-20)
(0.7442111842526477 -0.001783518219818523 0)
(0.5413760194664541 0.1598444233350725 -9.6806145952715e-20)
(0.7058308968989095 -0.002498559844685308 0)
(0.699105295614594 0.01467464980703562 0)
(1.077839782942962 0.003465287422243804 -6.536742898004907e-22)
(0.9906397368324072 0.01443522451339153 0)
(1.281195546915817 0.1224533084681296 2.533529311126351e-19)
(1.01222699002057 -0.02797304166789716 -7.499581993098813e-21)
(1.038903664152414 0.01821863373195217 1.268609209386896e-21)
(1.05838606593144 -0.01238523746690967 0)
(1.126354973852361 -0.009255352801974268 -5.079205448666321e-20)
(1.259686344288882 0.1235735347132917 -2.16416133845224e-19)
(1.088780573395028 -0.01093339244776335 -8.520832682146405e-20)
(1.070910922824929 0.02506704687089263 -1.076048528193423e-19)
(1.041084761498877 0.04677036028535364 7.285142000169647e-20)
(1.022332661561956 -0.00353249819833566 -3.457833034163559e-20)
(1.061384099984597 0.02368163567422505 5.81081487016263e-21)
(1.137279071155049 -0.0009991375076614235 1.062725688252453e-20)
(1.040977919601766 -0.01249558337862072 -4.674455073283697e-22)
(1.08771125868256 0.03482436090532554 0)
(1.028774734114517 0.01337644781751435 0)
(0.7912955505666032 -0.0747793952600429 -1.846413398419153e-19)
(1.030282424939228 -0.002138446115702078 -6.629163491949691e-20)
(1.137601373231599 0.002350420943050589 -1.301905017340897e-20)
(0.7035465561243796 0.006545699360266696 7.22741469644522e-20)
(1.176213677057439 0.01888420648799261 -1.954425807202231e-19)
(1.128952425917508 -0.003887222976501867 5.784828990180905e-21)
(1.129053336172245 -0.01010840805972157 3.39138249782635e-20)
(1.000936997695093 -0.002989061302836491 -6.904225530198899e-20)
(1.094475643482906 -0.05934295990493303 0)
(0.987400042028397 7.805044745002438e-05 0)
(1.05797918057211 0.007042912675663983 0)
(1.006227673785971 0.1897722998502192 -2.383761693608196e-19)
(0.7795211569181905 0.01242796309928793 0)
(0.8570243118372946 0.10357421031919 -8.250693343918219e-20)
(0.1044466302822862 0.03479590693180375 -3.039544861857596e-19)
(1.173007424583438 -0.0324632242550242 -2.271808289199295e-20)
(0.671243600302959 -0.007370893000010734 2.445320539828003e-20)
(1.163102831830603 -0.1059497706536286 7.010444493032116e-20)
(1.129084279197111 -0.0003352042293967992 -6.135392617626008e-21)
(1.154633302585782 -0.05104075926179412 2.207641261180284e-20)
(0.0748517653026356 -0.1891597323761174 0)
(0.2640919345708214 0.06795585242746577 0)
(1.25477169782875 0.1050762577120286 1.857419024500863e-19)
(1.021565529218482 0.01988562501416319 0)
(0.7375489843697061 -0.006318097811579057 0)
(1.074832727897366 -0.01169735436786165 2.712086319636415e-20)
(0.9752319111894262 0.00286274549555061 0)
(1.287981938030216 0.1202271163946272 -1.446802736797428e-19)
(1.057387961122356 0.01110006669692562 0)
(0.9923757638643291 -0.008141778478244216 0)
(1.065333932504538 0.008039092689913546 0)
(1.006247967469139 0.02089800715463767 2.083537772202016e-20)
(0.9232630683456053 0.003302459222763039 1.25548728220007e-20)
(1.175065342110823 -0.198847649983722 0)
(1.004980294797893 -0.00523041340738263 7.921671399241029e-20)
(1.059236505565512 0.006148613295021221 0)
(0.7745410643580877 -0.003352890535903453 0)
(1.215790028696131 0.02607817751984988 1.628266502687788e-20)
(0.7051326614320259 0.001338709253105265 0)
(1.431285853259953 0.08601740881510585 -5.171354013081411e-20)
(0.9936026719720255 -0.005805233833970093 1.65791378685109e-20)
(1.27590275423934 -0.003921322803374446 -2.98317109790307e-19)
(1.060054310150377 0.008828907216555354 1.343714346574441e-19)
(1.000897776940873 -0.01357233158656142 0)
(1.213551937133305 -0.1544418398498778 2.037180801740848e-19)
(0.7331673627198489 0.01378943323265253 0)
(1.097973485654568 -0.005041817965850896 0)
(1.154692186414685 0.06403016773958584 1.924702366949545e-20)
(1.006385840460589 -0.007174042162540531 -3.032699292918958e-20)
(1.122121993751583 0.04942156160589316 -1.718686407640775e-19)
(0.1581159525498209 -0.08967945798349984 0)
(1.073895523986743 0.03714695013199054 0)
(0.6615066849538579 -0.002883146969931596 -5.591438804158599e-22)
(1.012063495081885 -0.01973144961205704 9.186082513449408e-20)
(1.061825728120266 0.00075777439463995 0)
(1.087639098557784 -0.1389650252500653 3.794025674005743e-19)
(1.002476925648585 -0.006155039640492477 -3.361175182102237e-21)
(1.002087662686105 -0.004052825830214896 1.312023047050333e-21)
(1.094031535380415 -0.009191596857063734 0)
(1.020801385614725 0.02015173041394696 -6.544656432928249e-20)
(1.106825708689591 -0.001676064457672582 6.413078439569323e-22)
(1.073845730446633 -0.01067358096417084 6.569378801023729e-20)
(1.085670281025094 0.02228282832266921 0)
(1.324600307728149 0.1596049207030464 0)
(1.002083632756208 0.0004997100049969772 4.409641131177856e-20)
(1.32293012908695 -0.132476314521691 1.584384940415235e-19)
(0.0158179329468286 -0.1376513127059388 -2.385883665592971e-19)
(1.071204194991805 -0.005495336333999155 0)
(1.114439712912735 0.0002082606474879682 1.208547448344184e-20)
(0.7269225790543125 0.01785173597403737 0)
(1.059624695129411 0.005260518430198309 0)
(0.8639249288272784 0.1633969151391636 4.672073029557958e-19)
(1.278384056254551 0.1176142627393284 1.822458036813207e-19)
(0.6541135897984118 -0.003116099717619857 -6.41948668897508e-20)
(1.041516362406368 -0.001123785022924192 -2.608538437672519e-21)
(1.054958786856789 -0.0002396635797844577 6.516541028073832e-20)
(1.359141280639695 0.1198273877408241 6.627761013527767e-19)
(1.338045694996647 0.2527802799172363 0)
(1.057281090316932 0.007586457149383202 0)
(0.9954100648378748 -0.00555014494058152 1.408980051737958e-20)
(0.9946488295849147 -0.006463797640013618 1.444191679959968e-21)
(1.386058087884823 0.1999592343405318 4.310224469109542e-19)
(0.6817305065451946 0.0006350891535066918 9.892479910524524e-20)
(1.005694683357727 -0.002071544748052065 -5.987374387492046e-20)
(1.097985294286838 0.01310252572424435 2.547918779224471e-20)
(0.669459097236266 0.004985955029026586 0)
(1.066081427941169 -0.01203369039052473 0)
(0.9907880054961657 0.1242253614375121 -1.297988373613624e-19)
(1.082017827581634 0.004849664208079939 -2.52398422490936e-20)
(0.9819160764178821 1.047782037578679e-06 3.299371331077484e-20)
(0.9912109745489329 0.005993301304861837 0)
(0.6381979894796077 -0.00115486975738724 0)
(0.9768428772506593 -0.001304229850838679 0)
(0.6419588071382658 -0.001451988535268663 2.703844934527161e-21)
(1.087177988476875 -0.05731814413740047 1.213639905730189e-19)
(1.109699269822705 -0.003542499249387209 1.203186010344383e-21)
(0.9580814435457122 -0.0008963968453540275 3.898864257718935e-20)
(1.016350304766061 0.01081763623480751 1.687186683465035e-20)
(1.063777186109418 0.01027512812941101 -2.165295949958771e-21)
(0.6348236457804711 0.008847607688319291 -3.633135545069974e-20)
(1.002848793409546 0.01283272636583072 -6.889738227912998e-22)
(1.036488555371224 0.01236795966266328 5.023801194369675e-21)
(0.987346958989949 -0.004627039248648867 0)
(0.6100793388475657 -0.0004596723389140849 0)
(1.068909664653315 0.02269838351812905 0)
(1.015702174009807 -0.01600180679523434 1.052568563376923e-20)
(1.021712750499431 -0.001810452636544748 0)
(0.9928458780866857 0.0148869853281666 -9.389864224125864e-21)
(1.011422473847751 0.00696581084480362 0)
(1.131401387002697 -0.00405738899179869 -1.272593538750996e-20)
(0.03196123960136388 -0.1375966346825307 -4.453849253025703e-20)
(1.035392397302357 -0.01583443859544131 -7.34515176756517e-22)
(1.045872297683244 0.009288816751948401 0)
(1.087832182044808 0.06693020080074588 8.388587720638495e-20)
(0.9692575280657145 -0.0007900057014597782 3.117560378254038e-20)
(1.020404999329227 0.01713152632041636 -2.28167509435667e-20)
(1.006653474771068 0.0008147062727753982 2.423480595717019e-20)
(1.040265757752771 -0.005396907415253047 0)
(0.6409874427890445 -0.004044984557786374 0)
(1.026011172376214 0.02447599087814836 -7.78475889883705e-20)
(1.080845635962215 0.005715354142748357 4.970553167508568e-20)
(1.01217490613011 0.003929938070034112 0)
(0.981770908276399 -0.001531366729832508 -1.908702195012121e-21)
(0.8660662491355429 0.02038352952879034 -1.449137488384729e-20)
(1.013946016963385 0.003050569944823213 -9.894159270344516e-21)
(1.026150009407324 -0.001281905755672992 1.784966278362954e-20)
(0.9782368504475273 -0.001527395973648327 0)
(1.006440521276202 0.008545029054403443 3.30300286860597e-20)
(1.107272024437623 -0.005037409081366573 0)
(0.9324957411367477 0.005505897693439709 -3.447515891767425e-20)
(0.9572718001685114 0.006689959734834163 0)
(0.90537990177675 0.2058663920109366 5.059531077662867e-20)
(1.011169758668635 0.06754051494722318 0)
(0.9910551541606218 0.003890795845546878 -2.314184152287623e-20)
(1.053386516817907 -0.0502182921553281 -2.735069615539358e-20)
(0.9926278939709331 -0.001392852685329945 3.35444957920076e-20)
(1.008688218308 0.002340185864140486 0)
(0.9802809177230946 -0.0006131608265206956 -3.123468488518335e-20)
(1.175920784530725 0.09498334767013364 -3.307110774738619e-19)
(1.06767713398236 -0.2630860098746969 0)
(0.9949235660202643 0.001750800090126282 -2.21256296891176e-20)
(0.9803589821718564 0.009241248296841137 4.840202830924479e-21)
(0.957950335595667 -0.001096508113367067 1.067029599713486e-21)
(0.7460341140193899 -0.001098084961593465 0)
(1.112891997444708 -0.0728511301063825 0)
(1.007755643495508 -6.115912690965927e-05 -2.155712094232862e-20)
(0.899652759020796 -0.002077204826612381 -1.08211164670863e-20)
(0.8464791913534618 0.01089098315916126 5.799738553131254e-21)
(1.010036899816622 0.003599724793003319 0)
(0.9559357408278536 0.005890026063812874 1.605919570040086e-20)
(1.00581066093971 -0.0002066546331776454 -2.266889635520486e-20)
(1.024415426526577 0.002122879094102319 -2.507296429853803e-20)
(1.111472943803987 -0.006187499250207449 -4.898139460937391e-21)
(1.114169496834094 -0.004778186291400524 0)
(1.010532496704141 0.004868481159793733 0)
(1.025530533584019 -0.0004432209438826207 0)
(0.9505856235203979 0.01060509379655339 -2.142247477772496e-20)
(1.01788498536221 0.01314904096400716 5.544206400315486e-20)
(1.082597159925446 0.006297551135799682 -2.29585984014701e-20)
(1.036743118386551 0.006408512899339205 0)
(1.107589641220634 -0.005469032422790313 1.809412791759949e-21)
(0.9958896317160908 0.001182837492055868 -2.220256556857759e-20)
(0.9806010591584016 0.002379426223245852 0)
(1.011045795791918 0.001876204690151568 4.696683584797335e-20)
(1.362381627543911 -0.3135100845401154 -1.121846153959601e-18)
(1.121269707949428 -0.04595294464225165 -1.104468939659898e-19)
(0.9758328810388113 0.01108336457715728 4.826832107925184e-20)
(0.7808820445929119 0.02432183408675215 -3.551648766731032e-20)
(1.221170864167358 0.04902200888045222 0)
(1.214377454646564 -0.1366480581921481 -1.474670301584615e-19)
(1.083736709718555 0.002423870758777911 0)
(1.009580165810751 0.001209458468486568 2.236612970264006e-20)
(-0.1820598908512832 -0.06809622705811069 0)
(0.9939717078574256 -0.004673605812809708 0)
(1.01234901232711 -0.02307973685248845 4.033444642664106e-20)
(0.7061587495646379 -0.01941134942908858 0)
(1.096802646789864 -0.01504562739534818 2.33955004722508e-21)
(1.0401243216078 0.001408846689265461 1.436379018274743e-20)
(0.6331348626326623 0.004181604761619144 0)
(1.444924034253692 -0.1232258647811129 0)
(0.9863533912720097 0.002137469376084256 -1.077098239273493e-20)
(1.069609755691518 -0.01496933001658883 0)
(1.03806166973462 0.0005742528780067657 2.103152377410984e-20)
(1.087829009785031 -0.003323117150122483 0)
(1.009495741462245 -0.00313050032616942 -1.236253828007191e-21)
(1.006246723577279 0.003188519249465882 0)
(1.012458061316821 -0.006274623937315467 -2.265006067302632e-22)
(1.003396338520891 -0.02006208199130149 0)
(1.034103588954558 -0.0002727573670250034 1.860839639185329e-20)
(-0.2139557220793045 0.05327412573643357 2.762175837506179e-19)
(0.8216751650528387 0.04047664964035611 5.860400647719239e-20)
(1.005217091608218 0.00238160508213311 0)
(1.124594143879651 0.0217556234446586 -1.314736310571646e-20)
(1.110797461535249 0.01248950817089553 9.658248757868697e-21)
(1.053822616696789 -0.01300826592122238 -1.311661590090374e-19)
(0.9987762903307282 0.01039062132197031 7.177241065525593e-23)
(1.084275107110296 -0.001334692444413281 0)
(1.186562047740983 0.04956992625530951 0)
(0.8350814971359568 -0.07370064265662404 4.605742800288438e-19)
(1.097742756285973 -0.01465946354828284 0)
(1.032779419181474 0.008011576873844486 -7.629814354050865e-21)
(1.042778146021708 0.005368933471771105 5.834977294002246e-21)
(1.050446017359429 -0.06003002676520691 -7.523274138944066e-21)
(1.140121150765759 -0.002525601518183105 1.707287556816999e-19)
(1.076696622018142 0.0002997753896730028 0)
(0.9950775323403652 0.00172229073623733 0)
(0.9978006106977257 -0.02421980115797933 -2.331774565403797e-21)
(0.9916153848560633 0.002981625479338376 0)
(1.028914886786867 -0.03715094659675712 6.465878625230267e-20)
(1.294261002461319 -0.09808736418759527 0)
(1.045713952919044 -0.01126550640742345 -1.418716785164398e-21)
(0.9861716455301721 0.01680075747546113 -8.91750514032591e-20)
(1.035475508696555 0.04228985537387896 -2.352928719257042e-21)
(-0.09120101907313524 0.1904966229589952 -1.689498914662742e-19)
(-0.06406358822715537 -0.2801077471013474 -1.364610832127491e-19)
(0.8571116889429896 0.1124284561919897 0)
(0.2799550087106865 -0.005593715905404881 -2.915407470018713e-19)
(1.013456937050886 -0.01870328162515187 -1.219270705551895e-20)
(1.064015271049083 0.002636546563188265 -2.083264100715942e-20)
(0.993477442557039 -0.02065286788339581 2.957805470482123e-20)
(1.025681733705075 -0.02669430897297155 2.574839876973013e-21)
(1.008465735018125 -0.03056019719564766 -6.655157693192107e-20)
(0.988697194578553 0.004914764107480117 -3.486666401946191e-20)
(0.9938270943918719 0.004323314616902279 0)
(1.024489557903254 -0.001814603768416595 -3.563847709214023e-21)
(1.930648583456002 -0.1557295169133498 1.067734000347307e-18)
(1.053159403107742 -0.01923677601606565 0)
(0.9963914228611571 0.007179071941431864 1.502005041860935e-20)
(1.003085157042854 -0.0003594263849140121 4.045181172605898e-20)
(1.178012897584422 0.1431694291990715 0)
(1.007242187489243 -0.01923408139235035 -1.039986056768846e-21)
(0.9524511758008495 -0.000187657499257944 0)
(1.037850014607743 0.04171538848595811 0)
(1.292204862220972 0.1539950626434341 2.166472649916792e-19)
(1.079433716783294 -0.009132541109959629 2.292958444297606e-20)
(1.017419935613036 0.03228555456642054 4.582470107677188e-20)
(1.078758773926111 -0.003866154463038941 -2.210642261605598e-20)
(1.056940990528564 -0.01752452332491647 1.437849206086144e-21)
(-0.3850404162058176 -0.03469921449965489 0)
(0.9982955457280086 0.01308067415775571 0)
(0.1230709377566709 0.05804203843846716 -8.959529977426363e-20)
(1.005561229798054 0.02223978511555907 -4.052013363327047e-20)
(1.000080422043356 -0.01037668574597292 0)
(1.000273074479032 0.005643835530791604 -4.986735408102254e-21)
(1.081665637783237 -0.04210151948303495 0)
(0.9954804357028346 -0.01890765019958343 -7.920830874597043e-21)
(1.091268984084482 -0.0461191358523891 0)
(1.440282144379059 0.1730158913339704 0)
(1.054267136061326 -0.01166560997322358 0)
(0.9918020200583803 -0.02311350610677883 -3.977694899915623e-20)
(0.9806401441879113 -0.02343908643197617 -2.563910977471901e-21)
(1.020219825880242 -0.01915287726414893 -1.977864233965365e-20)
(0.9973012713210544 0.01728143390713913 -5.479289079862099e-20)
(0.9953605435021048 0.009468444838391309 -1.463807070944562e-20)
(0.9944292318443544 -0.02622396566547107 0)
(1.002130340770683 0.02562225414605153 1.911677218707369e-20)
(1.035397430112823 -0.02863761909803067 0)
(1.110390226601406 -0.03634487264374538 2.548716565193145e-19)
(0.9951372612829467 0.01709712357073919 4.541741293579281e-20)
(0.6150993127083612 -0.008678282984802964 0)
(1.150412778267013 0.1400725353040856 -2.144493827807037e-21)
(0.8312623342300249 -0.09623716315070732 0)
(1.13926283468067 0.07271925865128648 -2.768212460761208e-19)
(1.31318051322462 -0.3874076977177641 1.278651190308098e-19)
(1.076228009725827 0.06488869757513391 -1.322583063198927e-20)
(1.010142112853938 -0.02935403429676602 0)
(0.9547422963391292 -0.2137722523286862 0)
(0.528192700710733 0.1601821187903296 0)
(1.012198302246533 0.01327983287420214 1.033759943764988e-21)
(0.7106127724141268 -0.01324573114827353 0)
(0.9980018445728096 0.01740074848293474 3.488476653673849e-20)
(1.021916980739867 -0.000346470432693967 -2.676414731687943e-20)
(1.079170066282163 -0.008020433224986715 2.701091319930721e-21)
(1.045096784125059 -0.009956917731023729 2.919012534145284e-20)
(1.042903332102772 0.01085228494305671 0)
(1.053726497255453 0.02739943418087407 -9.844374590582987e-21)
(1.051643381576084 0.03482132544545229 -1.784170548746552e-20)
(0.9831269005302086 -0.02164105320303716 0)
(0.6249127335582439 0.005139150774328784 9.182042418909701e-20)
(0.8941771491823364 -0.005913009646366463 -8.85714264682384e-20)
(0.9093504758750072 0.005276721869936284 1.444030038851371e-20)
(0.6296115449003261 -0.006397507877690048 1.409271620850692e-20)
(0.9789866689997923 -0.0002707123725578532 2.588118885476463e-20)
(1.00443292482614 -0.01762696581501902 -3.366765615126967e-20)
(0.9681755758945345 -0.01154594625318382 -3.143033041706728e-20)
(1.085563326032185 0.001448777460097682 0)
(1.018689174637877 0.004734055967086205 1.087097358894308e-20)
(1.133348944996753 0.04820976759433044 1.335789667028181e-19)
(1.033865048732532 0.04261850536661775 0)
(1.022164483499896 0.002630290989840504 0)
(1.580414805499049 -0.1672028724696533 4.368244922700178e-19)
(1.040393269789939 -0.02643064746777847 0)
(1.022195770275721 0.007794805525871518 -3.623498105011078e-20)
(1.087776441658571 -0.003556374532053739 0)
(0.485700470314393 -0.017216965451833 0)
(-0.04119414818691074 0.00558667561982179 0)
(0.9900708965503484 -0.02357242289701973 1.239013568428488e-20)
(1.299215773555748 -0.09601470795420629 3.687102761289104e-19)
(1.033366939856317 0.0395162373021036 0)
(1.022626776814479 0.003379537160273019 -2.208449817617118e-20)
(0.9421196222980152 -0.1657370394544951 -1.931532470743922e-21)
(1.25286317157195 0.07383680051716128 0)
(0.5992502454454585 0.7327780832545736 0)
(1.305528562754672 0.145533364338347 1.072951591937625e-19)
(1.673320009220103 -0.02567524292736513 0)
(1.071591267853691 0.1243915213634595 0)
(0.7302284483227033 0.001319156318207113 2.999916536508994e-21)
(1.050636291804266 0.04940229378596367 0)
(0.7166100441885197 0.0988015686178077 1.268361362507003e-19)
(0.9968191989237347 -0.01629353781099025 3.582848285054764e-19)
(1.034662864456341 -0.03857091353450315 2.644760645737682e-20)
(-0.3701222106605068 -0.03632499998450506 0)
(1.071610414070125 -0.01616131422238273 0)
(1.09411475729571 -0.01702079984458107 0)
(0.6470629448475435 -0.5000950763006077 -2.506499503023682e-19)
(0.9922646696447416 -0.0001951240756793339 0)
(1.091749277638416 -0.02213301916437905 5.939475683691466e-22)
(1.189309693887813 0.1210712363454492 -2.033233124724327e-19)
(1.092932400258169 -0.03718408963093612 0)
(1.004943672805173 -0.02096058820944782 0)
(0.808605281185493 -0.1956066847612461 -1.734461136638071e-19)
(0.9009868157542066 -0.1420218107150368 1.50683143619894e-19)
(1.030321361079682 0.009974499026603321 -2.126693869112242e-20)
(1.02312739395842 -0.009274598772155244 -4.353928087420179e-20)
(0.8669937443291486 4.995650487125145e-05 -3.476267137643984e-22)
(1.502155827559962 -0.1936627507308218 0)
(1.301881933774672 0.1132716872450645 3.14165906310134e-20)
(1.243753168428355 -0.07949877268492828 -3.060796250675242e-21)
(1.095917651357034 -0.01876996964797571 -3.927059225819923e-20)
(1.043729384523315 -0.01692044529279226 2.829928577689588e-20)
(1.092801058531099 -0.0391925224835892 9.420892530196839e-20)
(1.032730997176434 0.01976108774529348 0)
(1.047870025085025 -0.03153988116241358 0)
(1.115852309803345 -0.009050272171607407 0)
(1.093868905817253 -0.02656238221112372 0)
(0.9979847082856956 0.0107713998720236 0)
(1.152967009612994 0.07524341665147959 9.342419350446113e-20)
(1.345637821593673 -0.1571172183336921 0)
(1.042556804884146 -0.02227856694125446 -2.144913538848951e-22)
(1.052886001457261 0.05441936761928324 0)
(1.009914804917607 0.01441811798570024 -3.86655737613841e-20)
(1.03353485076546 -0.008206086185905841 9.278324269265015e-21)
(1.088996361995003 0.0133039048437501 -3.190258441030217e-20)
(1.08434632808967 -0.0298112854947109 0)
(1.076701354163623 -0.005860604286702088 0)
(1.102344334093366 0.09325167985286593 -1.407123653145437e-18)
(0.9348910162161663 -0.1480630272412287 -7.103823799311276e-20)
(1.178671589508259 0.1065369258983161 1.110587054380777e-19)
(-0.4610726466811273 -0.008379646490623513 -2.924437432525771e-19)
(1.019499674322822 0.02941102253130873 -8.64746807234157e-20)
(1.006367480766621 -0.006256144295848401 0)
(-0.2711100919013321 0.02792711529971713 3.557595731548548e-19)
(-0.05032014108564463 0.3406643387403079 7.441990959164817e-21)
(0.9952211139847735 -0.006330649647810453 9.134417656702e-20)
(0.187285947768301 -0.04059160895437638 1.377593902930945e-19)
(1.097145077694967 0.08831460765196032 1.503614385065261e-20)
(0.0935093658146422 -0.1066681940141304 -5.374815080623985e-20)
(1.107905934221803 0.003159272564911221 0)
(1.095931270713346 0.2527574455158375 0)
(1.021575776169788 0.02201320825989016 -1.694334870034189e-20)
(1.070464840609487 0.06106594762833011 0)
(1.024330572851419 0.02651417970183689 -9.103490200579868e-21)
(1.260215652982406 -0.5474612523224116 7.991745638699484e-19)
(-0.08275360132511206 -0.2111686127332703 2.121694821299581e-19)
(1.295606096999913 0.1127896852506054 -6.168626657785068e-19)
(1.124798755312489 0.0002896005317145715 0)
(1.135327094714387 0.1017528037083425 0)
(0.5228597398909387 0.07932512180666512 2.482418873931837e-19)
(1.022911727991596 -0.02105235552813996 9.502616933936311e-20)
(1.005269147417728 -0.02363014058100787 0)
(1.213307344320495 0.2716997919863497 -9.775009922691293e-20)
(1.250265449031673 0.1315865390626922 -1.531336826566452e-19)
(1.026520156559999 0.002658713228341129 1.573748573086135e-20)
(1.296361914383813 -0.0847519202734531 -4.969116018002242e-19)
(0.3053927327515437 -0.02042350370850514 2.74583883419587e-19)
(0.8335275772344626 -0.1491756692562574 6.831329139494827e-19)
(1.058554124116955 0.070793089493024 1.076056380538411e-19)
(1.041026836268248 -0.006836736320589649 1.313768068890208e-21)
(1.00096633143515 0.02000922434948519 2.895048294476848e-20)
(1.066485127618249 -0.03687517746560019 0)
(1.034509241481096 -0.03844429675754402 -1.4640544933097e-19)
(1.01860671580764 0.03551496555554498 -4.67203531632737e-20)
(-0.06095425882279883 0.07965105791511165 -4.938331443404847e-19)
(1.010737164634009 -0.05781091491151371 0)
(0.896202535690904 0.01096996200145381 0)
(1.091653882026797 -0.001404404593292967 0)
(1.361954017848408 0.2578442280839899 3.764632725495093e-19)
(1.69395387389866 0.1034712366559326 1.326587731056173e-18)
(1.401488111072187 0.1485629700953661 0)
(1.029698945492707 0.02492370710421486 1.140821022225567e-20)
(0.3480461366674786 0.03338812507009524 3.423379589329138e-19)
(1.120829658491346 0.0002707236986487041 0)
(1.099920546709276 -0.01755154194514788 3.314984330888116e-21)
(1.096687216874909 -0.02251837699527587 2.226671852366167e-22)
(1.142451732507507 0.09689399285162238 0)
(1.298455739316713 0.05459015491558767 0)
(1.040129597499918 0.0007272705226033603 1.149994281824056e-20)
(-0.1478139950271222 -0.104583879240314 -4.043263737755203e-19)
(1.332786166638625 -0.1556153259327147 -2.186628798330005e-19)
(1.067888387631326 -0.007393481470069475 0)
(1.013953533863554 0.01522478235550919 3.048902685630428e-20)
(1.140897301395178 -0.09832436733624757 0)
(1.015792083744818 -0.01798896864747888 -1.135647500429598e-19)
(1.030718448399941 0.007699028610580057 0)
(1.509649218244603 0.08741673010659337 -2.825686546847216e-19)
(-0.0652036713867606 0.07089099063584829 7.523331993282837e-19)
(1.097992478882377 0.04938218512473829 2.084026113362471e-20)
(1.093120210778781 0.07889152557945726 2.119300287575959e-19)
(1.009718871636185 0.008386255688210028 -6.145823339641132e-21)
(0.006074245743970588 -0.1118947476183587 -5.144775075096236e-20)
(0.02649865691807084 0.1187794967062117 3.561429125942403e-19)
(1.235297214795781 0.1286200971762165 -1.526679387222846e-19)
(1.113582781581628 0.09413183846103881 0)
(1.08812978358804 0.02489502180231706 1.763580229770919e-19)
(1.007154128680753 0.02198680902342251 1.734670702119503e-19)
(1.029159165204406 0.001237984503642963 -3.693536213646291e-20)
(1.21386212211045 0.1291247291932612 2.48033703848169e-19)
(1.40054189629795 -0.1334591198912397 -2.07609770723415e-19)
(1.066197914449738 0.05005191522830914 -7.282919324623746e-20)
(0.9936969519038449 0.006527718736226869 0)
(1.089823838567836 0.07577195069876266 0)
(0.9785356377903708 0.006987813888139447 0)
(0.9976124486232072 0.007142744457940738 2.314336000058204e-20)
(0.4931146705930072 -0.07275831730018489 0)
(0.9894886343047138 0.004455011097461846 -3.517259806934911e-22)
(1.286919626228071 0.07642633571744506 0)
(1.009597811671676 0.007436544119300788 2.153244385804197e-20)
(0.8257927257532119 -0.1281740160454303 5.412658386435931e-20)
(1.104191855920663 -0.01732178906268293 -9.105738649942006e-21)
(0.9397665488034337 0.01664602011117171 -1.7683949692711e-20)
(1.444097569430584 -0.2850213973587795 -5.328299391357783e-19)
(1.137397141014602 -0.09202104754082216 4.728476958048293e-19)
(1.088887777055641 -0.02512343009277711 0)
(1.928965243142808 -0.4698175992828192 0)
(1.620006173594465 0.1889160156259631 0)
(0.9872278453868075 0.005829463000093228 -9.076236967750463e-21)
(0.8611884138499806 0.7762470280272418 2.426483773549681e-19)
(-0.02069466865401736 0.2254084663843731 5.353827237409275e-19)
(1.043666065108094 0.008250664917133912 0)
(-0.2070800810459064 -0.0879047637911215 2.154761590138738e-19)
(0.9835638425559403 -0.001795147831191714 4.056774753195763e-20)
(1.182222537989485 0.1619454280977514 -1.641322509925393e-20)
(1.04439979095113 -0.02237262788898013 5.488368051049005e-20)
(1.062038760087794 -0.146064908345582 1.485156238352767e-19)
(1.130379011532049 -0.002775675978476451 4.555040258887364e-21)
(1.112725167564902 -0.01754345391537963 0)
(1.312896781432545 0.5315420639296093 -6.054816411647927e-19)
(1.029633952963367 -0.004730238346226471 -2.239310470526884e-20)
(-0.2965439967637213 -0.05618429026439418 -1.947366670394382e-19)
(0.6796122665837041 0.01847339720585689 0)
(1.084860520335397 -0.6962777296377615 -4.797213132871168e-20)
(1.316695301838132 0.08559544126975521 -1.109432462664702e-18)
(1.113746553196186 -0.1080335174164092 0)
(1.088973473273623 0.2805151710140583 0)
(0.9725048708991764 0.003751448945781757 -6.168402335227799e-19)
(1.061859082571977 0.008170150096750397 -4.133886996685791e-21)
(0.9246804609170742 -0.01209311942710691 0)
(1.090544252590032 0.03088980577032516 -1.752636270119261e-20)
(1.366312061232571 0.2146429635467025 -1.866098849405153e-19)
(0.7325375614557761 0.1002274258989916 -1.050991083174753e-18)
(1.078542368529517 -0.0006067234222525294 0)
(1.265332317748861 -0.0610786022781008 7.056727010488707e-20)
(1.005783957576857 0.0006800307489867284 0)
(0.8469498145403478 -0.7727557285436276 -1.921763146275086e-22)
(1.081345538503985 -0.0521448131891684 -1.084860793722565e-19)
(0.8773485297761557 0.327352460701042 2.916356727847525e-19)
(0.8339119018294663 -0.1992139134477467 0)
(1.029903360024929 -0.03568981274958453 0)
(1.053621486790805 -0.02927888536759266 0)
(1.005155237054355 0.000919806767018506 0)
(0.9812094684194188 0.006236851590632288 0)
(1.349311129907883 -0.2379876093976502 0)
(-0.1042605009606983 0.1696531858383145 2.397282410515802e-19)
(-0.07176396129252977 0.0566217028276696 -5.77114166319444e-20)
(0.2514289287515327 -0.1234814405877274 -4.27648364411985e-19)
(1.51642753222763 -0.4373167331621788 0)
(1.033965784542305 -0.01660676640241881 0)
(1.76770814442651 -0.7565505637204066 -2.336084452191795e-19)
(1.130824256544321 0.004481773722628694 8.15921962373711e-21)
(1.327705690394251 -0.09233153334130663 2.827471806038061e-19)
(1.110399571187062 0.7108587904652574 1.479034811539311e-20)
(0.3398788040566229 0.5968497922464953 -2.1459412851251e-19)
(0.6772134647770002 0.4621751592098035 -4.744797157408007e-19)
(1.062475721849018 -0.1619351516284434 -2.137080005544744e-20)
(1.223744086490764 -0.3586496267623368 0)
(-0.07293235686786562 0.2143318060536716 -7.384956980263847e-19)
(1.047256772021994 0.02258589714546395 0)
(1.114184798467742 0.04591682862611367 -1.516258526372238e-19)
(0.8168933438285467 0.9008279816706634 0)
(1.069803099845019 0.0449630690094503 6.63845327142648e-21)
(0.2730578059131941 -0.05413958615979397 0)
(1.113901634584736 0.03893190933859683 2.294923445156447e-20)
(1.373883924122581 0.3252263285962892 -5.584358195645458e-19)
(1.074629023699049 -0.01313789144122903 -1.660246174142107e-19)
(1.473562522162561 0.1595290565830465 -2.545168100728887e-19)
(1.334236638768271 0.4199840684188864 0)
(1.175890421130023 -0.2699016371960795 0)
(1.307197566739317 -0.1385742150286383 -1.227240884354167e-19)
(1.06679697233755 0.01622433934868146 -3.317264232089432e-20)
(1.060722180261223 -0.01195441971082589 0)
(0.7402063997036594 0.1454973703950347 -1.182259749931255e-19)
(0.7722663524237677 -0.5735349707525933 -5.84086809509204e-20)
(0.6669022343822447 0.206729644389998 9.567772379479606e-19)
(0.9684243639769398 0.1157164902149817 3.310670846852138e-19)
(-0.001661506379790009 0.09657018992070165 0)
(0.5572221005899742 0.02390888925501217 -6.455760265142024e-19)
(1.057570109317842 -0.04023783827118057 -1.891037801143477e-21)
(0.6983592261695291 -0.1166509527268745 -2.768635363797803e-19)
(-0.003702308567062252 0.2523062779174302 -2.951568968314077e-19)
(1.181759092303808 -0.08014998757670357 0)
(0.4038663951943214 0.01824412410261964 0)
(0.1611953220739712 0.37625957054795 0)
(1.444865330990265 -0.2633671004487625 0)
(0.2332097991132623 -0.3542249207461844 -6.454528921948733e-19)
(1.592858932548764 0.03926728274084722 -3.877780493939681e-19)
(1.024654946958795 -0.2004718393900944 0)
(0.6692461430412814 0.02826846022723714 2.482114657735614e-19)
(1.024564348451963 -0.01137438707086396 3.528109515105135e-20)
(1.139513474352694 0.2368947040686149 0)
(1.737120095092533 -0.1123031299640587 0)
(0.5792562122602156 -0.7338734542097416 -6.673446223599728e-20)
(1.272921824820436 -0.1114300493837573 -1.011498590328259e-19)
(1.410453385700642 -0.0864551537412773 -4.319402640551499e-19)
(1.487304648025274 -0.06651832628823695 3.670984196503141e-19)
(0.09704568465116839 0.104565838464128 0)
(-0.1395085512204237 0.1029535119472951 2.80144765028904e-19)
(1.038157505519501 -0.06322464854840502 -4.600945702626204e-21)
(1.119300100365436 -0.1398003540679514 0)
(0.6396668006051659 -0.3530112883170295 5.238429403654337e-19)
(1.048771355607057 -0.0631346854639294 1.3873475126988e-20)
(0.8637461881879812 -0.1479418058579982 0)
(1.319782540828075 -0.1369107878005155 -1.040223489386669e-20)
(1.122469912532466 0.07914170766074223 -4.381708773184565e-20)
(1.091055040999369 -0.00503973579043604 0)
(1.130074373571778 0.5723645605573212 -1.129187512279179e-19)
(0.340958456836295 -0.5957308937545542 0)
(1.06099319405946 -0.00350357666367438 2.839087259094322e-20)
(1.097277565531307 -0.006270070114594132 2.666100687861341e-19)
(0.09204950178469298 0.1726423971558255 -1.660665343997052e-19)
(1.183899282568409 1.005314570671149 -2.262477355734486e-19)
(1.366379176244274 -0.1376075877925745 -8.791978976808717e-20)
(0.9106396578659935 0.1071281098224749 5.550243281016168e-20)
(0.9973810814374779 0.004066771181918007 1.060099889222606e-20)
(1.067343438447029 -0.1566932622306189 1.840348825729079e-20)
(1.504520065473669 -0.9460050034216168 -5.195029670192074e-19)
(1.536622284688014 0.9530776525752965 2.381076598298569e-20)
(1.428375918706959 0.2245539893700201 3.411281813770961e-19)
(1.028201720575173 -0.007700763369001537 2.072724551866095e-19)
(1.035289243467991 -0.03315048608637741 1.604150187917518e-19)
(0.992172937586169 0.02283846997652306 -1.918662896884871e-20)
(1.058055512019314 0.03832054575312849 -1.467976162852045e-19)
(1.078531232238687 -0.06535115305115216 2.865574576371247e-20)
(1.43920027138175 -0.1368025410293826 3.397744016779543e-19)
(1.82410133165417 0.7505175598255927 1.878035298100608e-19)
(1.033506696580787 0.03423872363922732 1.05595517449794e-20)
(1.072094955176479 0.01345620154667825 -1.062977379508609e-19)
(1.991932607232945 0.4790779713714433 5.383643104101771e-19)
(1.934540567859982 0.1605151039830561 9.377701281675322e-19)
(1.083873832972389 0.6411915958564997 -9.948540515241822e-20)
(1.110677193074715 0.1722927322203437 0)
(1.044130754438523 0.02297427013881289 0)
(0.511541925931677 0.4425587435303348 1.155808830717595e-18)
(1.373197370243251 -0.2977643761512222 1.864879950696936e-19)
(1.186825673945456 -0.1585856581795659 0)
(1.637414967339183 0.236405670986994 -6.227356367163622e-20)
(0.8089659244876771 -0.1521465539061561 -1.243516482917749e-19)
(1.324850091762771 -0.2086186224309491 -8.996110964395514e-20)
(1.252251804649844 0.3911553641819072 1.454972657167715e-19)
(0.4927124028725573 0.1994575767431937 -5.585585396003864e-19)
(1.692860136121533 -0.02053361082152223 3.307110711418925e-20)
(0.854282408868845 -0.5421574764671403 2.325169044442054e-19)
(0.9993382461710418 0.02417977296615557 0)
(1.623635465207473 -0.1874632873116279 -3.119466565852784e-19)
(1.090902887164076 0.1008429894471977 0)
(1.342369168809045 0.5829895722631301 0)
(0.9408362022102412 -0.4114939825044815 -2.839283791607517e-20)
(1.249343083629206 -0.02770944071988886 0)
(1.038105453545397 -0.004077650159106738 -1.253756043101825e-19)
(0.7261505046904504 0.113238297074377 3.067578398384068e-19)
(1.320914291235308 -0.5796194422169213 -5.533600056437622e-19)
(1.049453060589219 -0.6305952113191945 8.808653654466612e-21)
(0.350341411570172 -0.3728458200446778 -8.605487065820049e-20)
(1.006805921133106 -0.09505037337230382 0)
(0.4460873310168995 0.3063254007108168 1.676338177744809e-18)
(0.26315414934804 0.02955768839838634 0)
(1.316674459789388 -0.1388706822699295 8.092228875199664e-20)
(1.573398442521587 0.1903736716182747 0)
(1.168936338202854 0.448816555644257 1.358069823430818e-19)
(1.054041869445 0.1537549209785422 -6.302153873540885e-20)
(1.031726636683938 0.004278561195025244 -2.021710429635438e-19)
(0.9585166324422134 0.4116916284742996 0)
(1.159448037233075 -1.007128015238486 5.721424998606432e-20)
(0.8911562283636095 0.01111801057997312 0)
(1.070852682482194 0.3809785540715475 0)
(1.055243213783083 0.03633345209833744 -4.640116108294456e-21)
(1.4698391688563 -0.2985703401551507 0)
(1.242011543595421 -0.1843933050834343 -2.9346169142392e-19)
(0.02725491466399954 -0.001045653623084575 -1.825954117358779e-19)
(0.2403064373305829 0.02401666335162742 8.860813498867191e-19)
(0.9807259970393368 -0.09781554575084085 0)
(0.4735261779920445 0.652400653173274 -2.52208506391828e-19)
(0.9175849761203012 0.03142688211174074 0)
(1.541527168278954 0.4162215862168346 5.511736680827631e-19)
(0.4731740084443159 0.1452509875507129 -5.85515859195783e-19)
(0.04936055104222531 0.1887969966403885 0)
(-0.4076797711961573 -0.04043877160701162 0)
(1.032290206387165 -0.0004401419051954991 1.279788934702379e-20)
(1.65495178077697 -0.2257368941346904 -1.096892486180248e-18)
(1.107131116593091 -0.5611637275966371 2.339325967847642e-19)
(0.7826282112303146 0.3361776744033409 -8.710906572328992e-19)
(0.9032420037052538 0.1368473752823957 1.402204314550582e-19)
(1.044394904009411 -0.003679542405969372 0)
(-0.2796818652365476 -0.1032875983974729 4.031811633251599e-19)
(1.033622821542179 0.04670648052780783 0)
(1.2004517562621 -0.2423385949485988 0)
(1.565488418418816 -0.1901866881361862 5.160801281200781e-19)
(1.126780967665559 0.07250035238605668 -7.45201524034843e-20)
(1.078032928191212 -0.1418210024973335 7.723499056048106e-20)
(-0.008571829578736385 0.06611180078676604 3.306631092581733e-19)
(-0.06190304488661527 -0.1643626845850268 2.436503070942216e-19)
(1.070922526558023 0.2138527349629108 0)
(1.098461753651683 0.05755624734889585 2.104650602408624e-19)
(1.490827708050198 0.2861953556414428 -3.617984070961067e-19)
(1.320230950822826 -0.4861306272192095 2.345898210052957e-19)
(1.144388074680417 -0.1545436419335136 0)
(1.122191480721324 0.1508981472051656 0)
(0.5250482036949083 -0.6850448457102438 4.183458390891415e-19)
(1.315421842054969 -0.04057774514353883 -2.986855353188039e-19)
(1.000921920519745 0.1064377542922624 2.506983011091935e-19)
(0.3134627761543845 0.3617994438370532 -8.860753816397817e-19)
(1.025997990743824 0.1111437501196588 -4.168810765539665e-19)
(1.035600958574192 -0.3943905885890968 -5.269779746099792e-20)
(1.463007595466304 0.1079226666499056 -6.549657055805821e-19)
(0.7776247049692827 -0.8811037101637623 0)
(1.056430968331233 -0.03091121892617149 0)
(1.119040807017956 0.1620682725691929 0)
(1.620611107186833 -0.04137106978478112 0)
(0.8164164444417296 0.5965142325322846 -1.996606992506689e-20)
(1.489103484958168 -0.3565233732594978 4.529136035338488e-19)
(1.544577011972614 0.1468941143571016 0)
(1.13414413363817 -0.4573956779525027 -1.607515072241201e-19)
(1.464356710087707 0.3443147125335192 -3.570658566415652e-19)
(1.010697149450283 0.0285171109808965 0)
(0.2143318319400381 0.01057215043746075 -2.424100231362928e-19)
(1.339300789985679 0.5116376956024622 0)
(0.9743802287412443 0.008028710584670312 -3.995523074387913e-20)
(0.7625855655234967 -0.2987980250329887 -2.07675771519899e-19)
(0.5084931414270237 -0.07932939791444529 7.891912304063297e-19)
(0.2326142877922833 0.06689620154448976 3.577817740921259e-19)
(1.061351570042819 -0.1378651645221176 0)
(0.04654021289380007 -0.01248291751083834 0)
(0.3461810144941804 0.04360951131084013 -3.010949270865225e-19)
(1.006593063528975 0.01778683795777639 0)
(1.456125008669401 -0.009429470809711144 0)
(1.007999374957136 0.02942132655727072 0)
(0.4675041350781536 -0.2709150834340616 -1.009978369654351e-18)
(1.049484400989463 0.08884194176552182 0)
(1.527396288946486 0.03994448402209528 0)
(0.2445409078455274 0.1173642980842491 5.545668589219851e-19)
(0.8788159790466678 -0.3203968929693508 0)
(1.368679909465671 0.05190153180390587 2.703268043698185e-19)
(1.239712398554861 0.2050904734541928 2.080587203703922e-20)
(0.8999043966820749 0.5559761022327009 1.513805619311046e-20)
(1.034240748675295 0.09954939948164529 4.696811256154709e-20)
(1.031598507520161 -0.1481865380181913 0)
(1.369801353594977 -0.02399532705372163 0)
(1.292133314523723 -0.1259454146809533 0)
(0.6243899253715181 -0.03779753295691333 -1.364249976045884e-19)
)
;

boundaryField
{
    FrontBack
    {
        type            empty;
    }
    Top
    {
        type            noSlip;
    }
    In
    {
        type            fixedValue;
        value           uniform (1 0 0);
    }
    Bottom
    {
        type            noSlip;
    }
    Out
    {
        type            zeroGradient;
    }
    circle
    {
        type            noSlip;
    }
}


// ************************************************************************* //
