/*--------------------------------*- C++ -*----------------------------------*\
| =========                 |                                                 |
| \\      /  F ield         | OpenFOAM: The Open Source CFD Toolbox           |
|  \\    /   O peration     | Version:  2412                                  |
|   \\  /    A nd           | Website:  www.openfoam.com                      |
|    \\/     M anipulation  |                                                 |
\*---------------------------------------------------------------------------*/
FoamFile
{
    version     2.0;
    format      ascii;
    arch        "LSB;label=32;scalar=64";
    class       volVectorField;
    location    "1481.5";
    object      U;
}
// * * * * * * * * * * * * * * * * * * * * * * * * * * * * * * * * * * * * * //

dimensions      [0 1 -1 0 0 0 0];

internalField   nonuniform List<vector> 
808
(
(0.7562625051677557 -0.01750431703981186 0)
(1.031555028907427 -0.01262705533378127 0)
(1.11119776982858 -0.006357260638974686 -1.731871587558787e-20)
(1.085121048442798 0.01259909556693254 0)
(1.363986397959354 0.01399475782600799 -3.852426671252004e-19)
(1.038752810420003 -0.009384363812314306 -7.293319546332536e-20)
(1.014217724416796 -0.02111067495583552 -2.415312361514104e-20)
(1.079182100859013 -0.005397145012357722 9.062441847537877e-21)
(1.254673981155247 -0.02067531102865833 6.298656404256321e-20)
(1.085186263582967 0.01010435991358974 0)
(1.009075744644031 -0.008110646909290715 0)
(1.306204159588392 -0.05377802977933215 -3.5011320291436e-19)
(1.086305103803944 -0.002023319079777017 2.043965879020502e-20)
(0.6752048233158187 0.006361263696774045 0)
(1.277532743245769 -0.1153110321604227 0)
(1.08155852399451 -0.0003508397603810757 -3.861448827304767e-20)
(1.225154731915376 -0.1438119798466814 -9.490553767162024e-20)
(1.074007620578329 -0.0001958320830068577 3.202668972783135e-20)
(0.9902559708314334 0.003493001345992061 0)
(1.026410511709499 0.009704778644296884 0)
(1.033044072733469 -0.01122278846187694 0)
(0.9875366414573096 0.04477618494350406 0)
(1.051113468922515 -0.005947257010189667 5.711699602893505e-20)
(1.053673691027923 0.009183143294030447 0)
(0.9329027144271462 0.1975419676941194 4.585007264849432e-19)
(1.163940944229723 -0.08483072826276494 0)
(1.186045713220381 -0.01907852458071354 1.560243508970793e-19)
(1.07735583478458 0.009584748803355827 5.220458459786433e-20)
(1.083634318300537 0.002271451714615907 5.102968738521651e-21)
(1.071753081392864 0.03088576533990472 0)
(1.075284593069063 0.002821210438820964 -1.180138269953251e-20)
(1.033105267022872 0.006853279187768338 -1.911464101466414e-19)
(1.060020983285282 0.01462474507901026 -2.35859083886178e-20)
(1.088915123091455 0.005636102883853229 -2.937302645904995e-20)
(1.121220661251118 0.03890265802650703 0)
(0.7550247220327277 -0.123340859234123 -4.542156094598869e-19)
(0.954819387416897 -0.005860360275272185 0)
(1.068774300840508 0.02222439870065251 0)
(1.068800699268935 0.007279755147167797 0)
(1.073749022916549 0.008861538531727707 -2.826360533011807e-20)
(1.092867348396544 0.02448187475873915 1.095740105447151e-19)
(1.151065168858711 0.003278649030768925 2.147146965106923e-19)
(1.095977849886036 -0.00225171664066067 0)
(1.015344305200535 -0.009155845904046745 0)
(1.132550810242599 -0.09303030217230916 -1.624812900927766e-19)
(1.044089165174289 -0.01161648728071395 -8.224173503589333e-20)
(1.058110825932575 0.02662659165198046 -2.714613519985984e-20)
(1.231306893130314 -0.1124438487540044 -5.581553607997123e-20)
(1.067526231025073 0.01204219176572104 -4.138326031244767e-20)
(1.258392871174745 0.01666488067762844 0)
(0.9966045224278148 -0.01925349410297001 2.199414864989883e-21)
(1.0447335911289 -0.001950742406018335 0)
(1.087581550402136 -0.002066268024927028 0)
(0.9994255860674641 0.007294299765644521 -1.852457085572873e-20)
(1.250581378413687 0.03376961887857341 -2.364521747651226e-19)
(1.063464978332243 0.01806593274693047 5.969861377717919e-20)
(0.9918710410688308 0.01066521940850417 0)
(1.018123370148499 -0.006384078225980014 2.45822163426061e-20)
(1.107621214795307 -0.0005406782772665246 -1.175012217038505e-19)
(1.061078177532986 0.03110546220529898 0)
(-0.08962004086629483 0.006945736748944572 7.553813493357624e-20)
(1.154999570030907 -0.05200520106180093 -1.877882925291873e-19)
(1.006544521451497 -0.005848705086489397 -2.699710868169422e-20)
(1.187341974632099 0.06908180001932264 -1.222115525180411e-19)
(0.9975604886587401 -0.009364278683143702 3.086842518380972e-20)
(1.084318036561489 -0.005467865071069182 0)
(1.249242774022022 0.09634908093064877 0)
(0.6960851670625277 0.003178974410199233 -7.439119659350782e-20)
(0.9886143275244562 -0.01379286576399646 -3.216217020045539e-20)
(1.460248538941846 -0.01911491445910467 4.436870163136755e-19)
(1.060481070045057 0.007611988434987485 -6.61862374573593e-20)
(1.368356884527202 0.09498641672251459 2.868442669334295e-19)
(1.054813105882241 0.006865104355821971 -1.955930065895396e-22)
(1.081061828233851 -0.01387592033627434 -2.929030112093258e-22)
(1.16485739209392 -0.2363402943172969 0)
(1.021798014276565 -0.01496771747543867 0)
(1.0169950791742 0.01795595597383118 -3.048022313993514e-20)
(1.386005740427955 0.3484511231570439 4.194730727112383e-19)
(1.097340789374427 -0.04249008262552352 9.533934150029943e-20)
(1.045687826722452 0.2095833983801496 2.465662552844021e-19)
(1.124365251068688 -0.06021760147859807 1.168206995411261e-19)
(0.9219360827274999 0.00514560251084375 0)
(0.9753317520070831 0.0185090493021452 0)
(1.004070663949494 -0.04877095135091238 2.938412464494757e-21)
(1.009824926821382 -0.01339794238266253 7.7729231728824e-21)
(1.02999427393261 0.02681470551890943 1.371696214595575e-20)
(1.52944433849345 0.03478630993589878 3.238169925740298e-19)
(1.289154661815384 0.07085745903123776 5.577994905022586e-19)
(1.072332012502755 0.003121404167658881 -8.993490334400952e-20)
(1.196246608513049 -0.09298659596624323 0)
(1.033756343484918 0.001919349063908182 1.314049984029215e-19)
(1.165359485282084 0.02190310217445834 -3.174181913179445e-19)
(1.001460284170509 0.03241495517239702 0)
(0.9996262585293626 0.002026640027086546 0)
(1.044420027853063 5.878841288262281e-05 7.909812215168827e-20)
(1.215995579672389 0.1107006078295683 4.133424324527656e-19)
(1.011106305191036 0.006987357245242563 0)
(1.091646970480918 -0.06813045045022972 -1.060035082670887e-19)
(1.151217919013436 0.03749277577398036 0)
(1.215780120631076 0.09469018137298106 -1.93925136213491e-19)
(1.10823232123953 -0.02885190852642816 -7.782546348328729e-20)
(1.027264615316938 0.01187954620209379 0)
(1.085022875543804 -0.00459634943354904 0)
(1.018967591022547 0.02632151348107531 7.960204765023374e-20)
(1.072096356818358 0.05631619410423259 -9.620071751717106e-21)
(1.103805311839263 -0.004137988148926705 6.366504800555367e-20)
(1.110073495070511 -0.09246296996509372 1.496431328449376e-19)
(0.9640249867927636 0.004521244030616258 0)
(1.065949902236832 0.03116694791372177 3.75017437493532e-20)
(1.168934936150516 -0.07665306395615901 2.295073030903289e-19)
(1.051382330799819 0.04694136281718043 -2.877857239212021e-20)
(1.022735709482434 0.0675650595254343 3.686124075816152e-20)
(1.090184025792942 0.0260283304557212 0)
(1.017893914665756 0.01598395202669048 0)
(1.028998357226963 0.009377700427448753 7.855952099660835e-20)
(0.948594025774065 -0.0331517630448213 0)
(1.052738391595323 -0.005510129153401737 -7.602651080700184e-21)
(1.342554527089744 0.05740110483081127 -1.560318301059331e-19)
(1.079829326315486 -0.01312071384935467 2.658782356463315e-20)
(0.7439619364401875 -0.001723169074172152 0)
(0.5924603489997059 0.1943501034436323 -1.080981797404464e-19)
(0.7062003933578366 -0.002500979429934255 0)
(0.6987586562053284 0.01462450047588025 0)
(1.077657473696396 0.003669320875681376 -6.603854988490984e-22)
(0.9906513824129379 0.01450781748178257 0)
(1.278594533972483 0.1223538409915901 2.522562941061946e-19)
(1.012295399147024 -0.02782983811176541 -7.616029192363456e-21)
(1.045926573737439 0.01839672902045369 1.619392930958546e-21)
(1.05869438326111 -0.01184023152130416 0)
(1.126633191724502 -0.00911197316561527 -5.074565486847949e-20)
(1.271814491365219 0.1351003419592318 -2.292115662913957e-19)
(1.089308565248341 -0.01104564563105134 -8.627702960023899e-20)
(1.070415024998476 0.02676862428823507 -1.086218885897474e-19)
(1.040855569805999 0.04676992186493727 7.219957596509943e-20)
(1.022626589228804 -0.003738937767828839 -3.476068786874975e-20)
(1.06084520273281 0.0235964207857613 5.855905870782917e-21)
(1.134937076102576 0.002427074514931246 1.040153336708175e-20)
(1.03903947173885 -0.01524111725362105 -4.814215424487201e-22)
(1.087369179743121 0.03471613397670778 0)
(1.028085458783338 0.01372036745961992 0)
(0.7713373341678911 -0.07212646031250544 -1.81034745833074e-19)
(1.030235303956895 -0.001659473764207235 -6.708067390924789e-20)
(1.129768881794855 -0.004379972529652144 -1.2500974099004e-20)
(0.7034217537763898 0.00657033723213965 7.217635067622806e-20)
(1.1747946821638 0.01982001750825521 -1.950275199999728e-19)
(1.136934122103678 0.00722444198128163 5.020852467363165e-21)
(1.128982435332632 -0.01001991119311053 3.415134413225715e-20)
(1.000935132280474 -0.002943899370268684 -7.118638501209244e-20)
(1.10329204986983 -0.06217366747521928 0)
(0.9888172487250261 0.005216084118359718 0)
(1.05781970708155 0.00704225653327296 0)
(1.005538497097792 0.1882379902211313 -2.410670132598982e-19)
(0.7791722033724319 0.01242736656534692 0)
(0.856958368725922 0.1010553218361474 -8.31218930512373e-20)
(0.08268874531712408 0.03513087855119214 -2.977114191302892e-19)
(1.171841077964363 -0.03041431720184947 -2.268495658936812e-20)
(0.6712995029229419 -0.007309727025459273 2.449308949617405e-20)
(1.167539537022999 -0.09987928239792379 6.890823744082807e-20)
(1.123933012676913 -0.002473001520211228 -5.719374216373202e-21)
(1.154173208576452 -0.04836272268678087 2.204409424920301e-20)
(0.09464088539846313 -0.2174779383526581 0)
(0.23744146758858 0.07222300423982114 0)
(1.26150701537318 0.1088952100113223 1.894649579661774e-19)
(1.021079873982234 0.01979990553397788 0)
(0.7378178826219929 -0.006248669752758472 0)
(1.075227748690672 -0.01150234042077297 2.740570352450735e-20)
(0.9747586869503784 0.002843655403365847 0)
(1.29807237414298 0.1249299910162282 -1.538583096000198e-19)
(1.057397213582761 0.01101944550095275 0)
(0.9935065737928254 -0.006934371625241357 0)
(1.065050292944155 0.008338377590617001 0)
(1.00620359931261 0.02086551432729268 2.040697199158526e-20)
(0.9381041502450616 0.01483575592428299 1.196320538497178e-20)
(1.177071036919012 -0.199975925334791 0)
(1.005168375264544 -0.005182398933217452 8.002101529955111e-20)
(1.059148872030424 0.006400681827817818 0)
(0.7746450676834984 -0.003281396269301429 0)
(1.2183363925674 0.02777797205156373 1.642797785848608e-20)
(0.7049582903380172 0.001363314024346249 0)
(1.435348487283752 0.08567219214145054 -5.188090085570639e-20)
(0.9952487024854146 -0.005791629646780565 1.699972788054073e-20)
(1.273270049289882 -0.002462104061622657 -2.976968979391118e-19)
(1.059537850562354 0.009026507641298328 1.35327973478487e-19)
(1.000911826954097 -0.01354716724334664 0)
(1.211038876269335 -0.1408818314168862 2.054287241933348e-19)
(0.7331856158379527 0.01378577075064511 0)
(1.098498335081763 -0.004956107598378542 0)
(1.154935445811284 0.06892084419743461 1.939714653762828e-20)
(1.006731579544941 -0.006406405926253783 -3.048505336098759e-20)
(1.121908419237766 0.05293211875562816 -1.741295465483269e-19)
(0.1066310701067236 -0.09166195753439067 0)
(1.072599115285746 0.03928599455255275 0)
(0.6617713066279503 -0.002895605831783311 -5.431612941952102e-22)
(1.012145500313218 -0.01944658167055336 9.324720336906862e-20)
(1.061319590730975 0.0008464771440506471 0)
(1.075602421720052 -0.1322824320569111 3.740112917747487e-19)
(1.00280548235706 -0.006161358069980283 -3.336275713162126e-21)
(1.003302791529761 -0.004693009059130785 8.044802915052595e-22)
(1.093953425186058 -0.009264665918020843 0)
(1.020699556647334 0.02048344788631044 -6.521341650031757e-20)
(1.106561985345841 -0.0015677373989932 6.478932381662585e-22)
(1.074629461698129 -0.01109441354189667 6.660710263017099e-20)
(1.08570675474986 0.02220528471646015 0)
(1.329095035372923 0.1584833390892859 0)
(1.002039782831273 0.0003513492267283691 4.408346455131912e-20)
(1.318712480647885 -0.129302733085117 1.584397940493672e-19)
(0.02414615498673059 -0.1787343028712309 -2.38570746046229e-19)
(1.071162481825962 -0.005375070976064093 0)
(1.112599997719977 -0.005273395823465183 1.169175703469805e-20)
(0.7267388191196333 0.01779871996359219 0)
(1.059666701154086 0.01069350347444513 0)
(0.8649045889758151 0.1629833217938386 4.642682706938474e-19)
(1.280715511089834 0.130735215477753 1.930586113455477e-19)
(0.6543118153125145 -0.003097179958296115 -6.49370984899586e-20)
(1.039799205797911 0.00437608003550438 -5.92092432046832e-21)
(1.054741739874798 -0.0002281587372300602 6.502625004449985e-20)
(1.364106464401606 0.1192829368408814 6.647086621618424e-19)
(1.334915275820078 0.2518586884953029 0)
(1.059367119815133 0.006257665050710409 0)
(1.00052896180199 -0.004922861331786797 1.435960072785007e-20)
(0.9927596471086663 -0.004178908135579363 4.377348541322164e-21)
(1.382770784092624 0.1994474999382053 4.291743559246142e-19)
(0.6818442637712641 0.0004645552097358994 9.955591317827086e-20)
(1.005647971804132 -0.002200875473471417 -6.017966163385472e-20)
(1.098230842603864 0.01311287274434509 2.560284810823242e-20)
(0.6694575075392637 0.004960131720074235 0)
(1.066089024014169 -0.01201721046471347 0)
(1.017615295810145 0.1495949638893829 -1.399947702213866e-19)
(1.091733387686239 -0.004433277793489185 -2.554608345369705e-20)
(0.9820171542358679 9.106737906736406e-05 3.302741866954686e-20)
(0.9912115884660274 0.006019987611613114 0)
(0.6381745584429548 -0.001072859968224575 0)
(0.9767086317949925 -0.001201960520069781 0)
(0.6421068176893256 -0.001438254512369792 2.636406603702709e-21)
(1.089173184880571 -0.05522284353472812 1.207131751713369e-19)
(1.11149842927088 -0.00441350003527233 1.153652093205858e-21)
(0.957920577335502 -0.0008627275335613723 3.884912810208484e-20)
(1.016988921994618 0.01008295190538057 1.738175783628828e-20)
(1.066839142255446 0.003583355292947632 -2.537838415654175e-21)
(0.6347306478812036 0.00887659948016767 -3.620132219927846e-20)
(1.005805295342072 0.00889700851825646 -7.355330234678227e-22)
(1.037361422962432 0.006554006810356319 5.432700566453926e-21)
(0.9857722448504583 -0.008474159859650944 0)
(0.6099504497019314 -0.0004574214724041852 0)
(1.068881554467588 0.0224936157491553 0)
(1.01670636999967 -0.01675791078598527 1.032038849529164e-20)
(1.023702828345058 -0.009454184129735237 0)
(0.9924209493826704 0.01338749662813419 -9.915973132059425e-21)
(1.00915368365008 0.001503048154843517 0)
(1.132850454499925 0.003278388650495095 -1.165460710387399e-20)
(0.03465140585012232 -0.1433905755619822 -3.808044363219521e-20)
(1.034785263090094 -0.01859686754963796 -5.804666280415121e-22)
(1.041420495630385 0.005397787783134939 0)
(1.081833793145502 0.06983233687896072 8.458943291388252e-20)
(0.9671678583325672 -0.002007577248426464 3.108354139516688e-20)
(1.02016167583352 0.01666974780438755 -2.279897696416185e-20)
(1.00344338039358 -0.002791422454964788 2.436199726160347e-20)
(1.03902822066622 -0.008047525585898137 0)
(0.6408897803608107 -0.004069363540890906 0)
(1.02587188945537 0.02452978004167312 -7.710976880932455e-20)
(1.087951046474591 -0.005185222851656625 5.025981741680639e-20)
(1.014735547904853 0.007446194357772243 0)
(0.9796037156230097 -0.001064444598383826 -1.952835071307023e-21)
(0.8577755931890197 0.008998473084885876 -9.506316983690662e-21)
(1.014008527733061 0.002584712873427841 -9.631069722026558e-21)
(1.02235369269049 0.004975197676808233 1.886450579023656e-20)
(0.9843936484777293 0.00382704754068849 0)
(1.00581667869844 0.0119757031354808 3.304665285520047e-20)
(1.111079589914524 0.0004293603934087376 0)
(0.9307202842194916 0.009540340457287782 -3.093251399501093e-20)
(0.9545979850331835 -0.001075208470161514 0)
(0.9060479650070485 0.204472182108858 5.00906707106728e-20)
(1.01095441615243 0.06710014061217989 0)
(0.991710434869302 0.004994336673873133 -2.270952328262402e-20)
(1.059275025688196 -0.05098708494597214 -2.873492579384307e-20)
(0.9934132495105965 0.0008174407799878242 3.267574623620544e-20)
(1.008296171790088 0.007180981374042246 0)
(0.9792132443442378 0.0008795261160912656 -3.028884673366925e-20)
(1.175237625119373 0.1044790115010477 -3.428280187768268e-19)
(1.069442005613016 -0.2650467381006735 0)
(0.9935519900163428 0.0003645305940362226 -2.274790975230863e-20)
(0.9733931189732223 0.001063525090059598 4.864539480292993e-21)
(0.9623752933801929 0.001518295242681086 9.978166020783838e-22)
(0.7459469772418237 -0.001047084681932363 0)
(1.123599253776617 -0.07389236985582476 0)
(1.002675124080322 0.001671117728367915 -2.275023737644467e-20)
(0.9098062042141147 0.01277935604633006 -1.022109312144534e-20)
(0.8445043132637637 0.0006394654981878265 2.702691437627125e-21)
(1.013907680998162 -0.008904788717875606 0)
(0.9595787766054866 0.0137643453840978 1.42412666313079e-20)
(1.005555979999029 -0.0002219769830177625 -2.261601307264264e-20)
(1.024688861040105 -0.003534741796032302 -2.518277975923857e-20)
(1.11506524709565 -0.00187484408659285 -4.928711586694292e-21)
(1.118594494270619 -0.002285765495941757 0)
(1.01163533048601 -0.006166536817995763 0)
(1.02050990602677 -0.001369573577918509 0)
(0.9420407960512773 0.001787806043056282 -1.974146650634336e-20)
(1.017852773158362 0.01355576626572708 5.52969457110233e-20)
(1.087311976713899 -0.006328026655709412 -2.32507362842516e-20)
(1.040084814022572 -0.008153907245095836 0)
(1.108361293300116 -0.002547310736884952 1.85086063670529e-21)
(0.9941197855160999 0.001755924591126345 -2.243398691248741e-20)
(0.9829591163658391 0.0009658160121914398 0)
(1.010256913514518 0.003018818326158435 4.678052717133264e-20)
(1.36563260189616 -0.3144831451218891 -1.125542448193912e-18)
(1.121406339423757 -0.04341760435212402 -1.100104112791135e-19)
(0.9673261225113131 0.007154009131167384 4.420718048770933e-20)
(0.7644234682772236 0.002168148430374477 -3.363214314848164e-20)
(1.223999766681139 0.05173346535945876 0)
(1.22095390173276 -0.1263044047202463 -1.477249632248664e-19)
(1.083003934242409 -0.003726368821263769 0)
(1.008190755129041 0.0005963415428806453 2.299565010255268e-20)
(-0.1950391157370281 -0.1330174711524614 0)
(0.9939671897449834 -0.004658407264564178 0)
(1.012377241665353 -0.02308031988631022 4.189417164480016e-20)
(0.7064345144676 -0.01945061059177272 0)
(1.096787839208298 -0.01480677328068942 2.236646147965578e-21)
(1.040826653604699 -0.003178147555874664 1.703450003077339e-20)
(0.6332296076470757 0.00412069055350787 0)
(1.448424666754919 -0.1237777953643102 0)
(0.9859663606789516 0.001621301857003955 -1.070601785939488e-20)
(1.069756595569794 -0.01509455423792373 0)
(1.037776024162111 0.0004392733321855977 2.069218096075076e-20)
(1.081705413061183 0.003103393004463747 0)
(1.012209028133704 -0.002046863934964145 -1.127903701008432e-21)
(1.005826591121065 0.003203737096977446 0)
(1.00816541533915 0.0008627502695660211 -1.030659987020767e-21)
(1.004462792658058 -0.02065028229373709 0)
(1.03641513385431 -0.005929351770937146 1.729518496497902e-20)
(-0.1791290181471971 0.03165019904783956 2.745825518013579e-19)
(0.7978300327901433 0.02216079504929359 5.654328050195296e-20)
(1.005305987833163 0.00189597797503721 0)
(1.12538868714315 0.01026667486816747 -1.162955801083968e-20)
(1.11536226546954 0.006287384740963946 8.854381970757835e-21)
(1.054500315089391 -0.01277332466998177 -1.313277179123464e-19)
(0.9987761891095933 0.01038218479561856 2.210824063540519e-22)
(1.080762294806825 -0.002282807629750369 0)
(1.188672465021085 0.05262611060696018 0)
(0.8352385922851181 -0.07602015712511447 4.5982942280561e-19)
(1.089981043384578 0.0005750106801154742 0)
(1.033894957809209 0.007563235223391871 -7.60123643921574e-21)
(1.042439361029157 0.005264104996052111 5.778240539289807e-21)
(1.055367794886483 -0.05909236661671408 -7.610245949923704e-21)
(1.139245995262837 -0.001233464967198325 1.703321956410613e-19)
(1.085322534041174 -0.001712667050744621 0)
(0.9941576396662472 0.001737048183499414 0)
(0.9972180250325225 -0.02681481195736641 -2.430928848699803e-21)
(0.9901349515694903 0.003514598152524754 0)
(1.031392748873019 -0.0373271869962203 6.481717482836875e-20)
(1.290615520566253 -0.09542557921705769 0)
(1.040634510301774 0.002157292502264003 -4.600625603119032e-21)
(0.9861802503607118 0.01698373609311906 -8.878462749712786e-20)
(1.032807213005758 0.04251760747545615 -2.355083616515191e-21)
(-0.07417038614224145 0.1680877271166427 -1.720076965593459e-19)
(-0.07118996086590047 -0.2959045792217637 -1.306486965298388e-19)
(0.8939450474549903 0.1307312679735536 0)
(0.2827618492591977 -0.03588721033449344 -3.192832626048446e-19)
(1.00552294694656 0.0003845164439297717 -1.12117208304963e-20)
(1.063869685309603 0.002725940903757441 -2.079759327245526e-20)
(0.9914221463086998 -0.02078749631497075 3.100462962871267e-20)
(1.024735892778393 -0.03169061017978983 2.684549675175387e-21)
(1.010218088876756 -0.03136764851339287 -6.666522465873338e-20)
(0.9888756989914308 0.004836584486884813 -3.483351749470395e-20)
(0.9932493688516044 0.005222634504599252 0)
(1.024842985637882 -0.00236164725459924 -3.471174087094657e-21)
(1.935163436092446 -0.1563529943253547 1.071331097591521e-18)
(1.043881698496476 -0.002956086260012702 0)
(0.9961502197206363 0.00844345313548849 1.512380266861474e-20)
(1.003590917020737 -0.0004587357857187511 4.006212975928289e-20)
(1.1625968351861 0.1566212755359857 0)
(1.001633606678404 -0.01082700854774084 7.864408797098738e-21)
(0.9515122007172317 0.002817506950632581 0)
(1.037838843074355 0.04174892447985317 0)
(1.308049417537059 0.1551479480166647 2.305820313978657e-19)
(1.079675238634648 0.0006306786218310065 2.329002478274397e-20)
(1.016439779047914 0.02982010420266882 4.510036713819206e-20)
(1.083004787679407 0.002043709124468565 -2.24360461806139e-20)
(1.052554199883656 -0.01723188057726358 -8.498734366065369e-21)
(-0.3871630353106793 -0.05098812196458041 0)
(0.9997958506481618 0.01318693139643716 0)
(0.1168699857861155 0.05350654143096351 -9.330794695432562e-20)
(1.006657496039803 0.020280532415056 -4.043250153157905e-20)
(1.004217345347662 -0.02559026129386151 0)
(1.001450526089231 0.005369856593379869 -4.899442737378034e-21)
(1.082020486039653 -0.04248253790232016 0)
(0.9938894009421386 -0.01775421828627661 -8.084682893597815e-21)
(1.101940652233012 -0.05659372579592272 0)
(1.444968725650102 0.1722092489217088 0)
(1.054902585780994 -0.01213043571443011 0)
(0.9908575649504807 -0.02494181978687138 -4.16510546081131e-20)
(0.9991596037546787 -0.03586473249517858 -3.482274960059489e-21)
(1.014588450578465 -0.02113181408213077 -2.06012290490553e-20)
(0.9966219451832951 0.01666682045245244 -5.490146048944449e-20)
(0.9960634040593649 0.01008685479538805 -1.473922219853377e-20)
(0.9951691002083275 -0.02846623179324268 0)
(1.002120597986252 0.02367757590244092 1.900761943398299e-20)
(1.05267811721206 -0.03121047225949775 0)
(1.111292235947396 -0.03601987214201483 2.572090168861288e-19)
(0.9955748964636065 0.01659748052700433 4.526181481523989e-20)
(0.6150356396196086 -0.008692805442392898 0)
(1.147950117834984 0.1623940003401473 -4.202549037934829e-22)
(0.8390503802976684 -0.08205762362837554 0)
(1.137993788467503 0.07283758577203393 -2.757018527427187e-19)
(1.316371199872538 -0.3894011897306821 1.289623883336437e-19)
(1.068882269645234 0.06508537604674992 -1.238721900050427e-20)
(1.011694219540547 -0.03167078605325507 0)
(0.9559102923026058 -0.2160286047501059 0)
(0.5373229118788894 0.1715618734014696 0)
(1.016438209498244 0.01121099824632805 1.196486092391865e-21)
(0.6990950369738018 -0.02325520782339121 0)
(0.9994051325889514 0.01650860619494829 3.481296387368599e-20)
(1.027487654147752 -0.003190935019023021 -2.733158669824092e-20)
(1.078965694541884 -0.008058223093320289 2.68356763734353e-21)
(1.053071595039082 -0.02790916237916702 2.725333801110976e-20)
(1.042661735868377 0.01176477402786602 0)
(1.061414699649424 0.0207522613181844 -8.641007352892216e-21)
(1.049861484013746 0.03633359825880606 -1.791415248946203e-20)
(0.9836991382744643 -0.02269918018245778 0)
(0.6248915233231649 0.005100275884996545 9.169097275870122e-20)
(0.8941516362486046 -0.005933905911807014 -8.844630096992969e-20)
(0.909374243091813 0.005248878757086871 1.451737992280776e-20)
(0.6296232089698103 -0.006440481450295745 1.408908528373346e-20)
(0.9809161058991824 0.0006465484358974921 2.472503693409967e-20)
(1.004419324062803 -0.01748096666661939 -3.432695499980498e-20)
(0.9844365560471193 -0.03661431047696469 -2.938588668037747e-20)
(1.08561676761844 0.001645063534468475 0)
(1.019826200433779 0.005222276718112147 1.022664159911626e-20)
(1.132340346376418 0.0486335083525009 1.331484764178736e-19)
(1.031027257941845 0.04147314911833117 0)
(1.022665172742705 0.002568242421447802 0)
(1.584682125107248 -0.1680567282407322 4.38645708361301e-19)
(1.059167071198689 -0.04498422792116549 0)
(1.018675540526438 0.01041511557189419 -3.700227814323733e-20)
(1.082248814389595 0.006507914436424141 0)
(0.4903959418586882 -0.003400381700171948 0)
(0.01003386385018808 0.01878202528863105 0)
(0.9913712804169603 -0.02394550765569546 1.243958032487793e-20)
(1.301956578042107 -0.0963896037838896 3.708074117418532e-19)
(1.031759467987489 0.03514592142401527 0)
(1.022370559599201 0.003567539141156025 -2.201387551990034e-20)
(0.9398650576907974 -0.1604198275565612 -4.004582333652808e-21)
(1.257018473171412 0.07622416452469624 0)
(0.5970900050476415 0.7287041833378672 0)
(1.311025826580015 0.1433738871306353 1.058928214822232e-19)
(1.677684618283385 -0.02612596005212754 0)
(1.054794097109258 0.125244624750618 0)
(0.7167637443667467 -0.01460113044467406 4.091364677008417e-21)
(1.046755227061698 0.04473294316874526 0)
(0.7591178551304318 0.1237674565883009 1.361265420409341e-19)
(0.9967889468248688 -0.01641357581754095 3.576127742277566e-19)
(1.038981068555657 -0.04097083748486328 2.778422175119533e-20)
(-0.37994554745673 -0.03952966249138856 0)
(1.072316337964123 -0.01633023289244954 0)
(1.084088588754165 -0.006356555023534465 0)
(0.6490257228514219 -0.5049368697582354 -2.472170206426461e-19)
(0.9895109817264012 -0.0007687760485916333 0)
(1.092446238094768 -0.02159544009705773 5.845969074094938e-22)
(1.187369786703744 0.1208827671346159 -2.023761745489924e-19)
(1.098282939971056 -0.04805406023327333 0)
(1.006154686716115 -0.02093867664625685 0)
(0.7725215950562386 -0.1839585819847687 -1.626208060991891e-19)
(0.8805735824710414 -0.1352166144064108 1.47275045779913e-19)
(1.033095272162609 0.01433412785338392 -2.109931945970487e-20)
(1.023124750980367 -0.008967930493426285 -4.426073708532145e-20)
(0.8779232757636565 0.007675391572459129 2.933653561836918e-22)
(1.50594758706549 -0.1946564851410134 0)
(1.308936687183182 0.113749376698765 2.972427470787155e-20)
(1.241456803086775 -0.07518891877960809 -3.294277583498203e-21)
(1.095728079439795 -0.01859752491461309 -3.988335498659615e-20)
(1.035024957946867 -0.01572455111842141 2.923996595027613e-20)
(1.09282959734127 -0.0390772223493921 9.391340181357531e-20)
(1.031918786388605 0.02064670249121891 0)
(1.050073626753104 -0.03698669504716913 0)
(1.115935840300535 -0.008954850784704017 0)
(1.098215456035199 -0.04174176257000808 0)
(0.998276736565439 0.01100856875810102 0)
(1.151489759091664 0.08178772049805773 9.510788347432586e-20)
(1.339006696898805 -0.1559501799483835 0)
(1.037551657395577 -0.02747819430526273 -2.549281119228348e-22)
(1.047689477471339 0.05257300450021291 0)
(1.010230787177586 0.01427773962824101 -3.853174005003058e-20)
(1.033747647661584 -0.007397517177577023 9.271348967543586e-21)
(1.088939276367286 0.01345486294174063 -3.212600820690887e-20)
(1.084878571665741 -0.02806374140106806 0)
(1.070863438374908 0.004495523666898629 0)
(1.104245873190666 0.09321167278517847 -1.407513849845714e-18)
(0.9354342384323664 -0.1500259361809917 -7.082504087648359e-20)
(1.173373707166866 0.117614366340271 1.149518713350521e-19)
(-0.465089923727188 -0.0224733983946348 -2.905050159890684e-19)
(1.017864579453721 0.02926547524922297 -8.686640519741131e-20)
(1.006124992693542 0.003767105443526739 0)
(-0.2498486334457492 -0.00458214979568078 3.565868804694168e-19)
(-0.03356763145529522 0.2955001706527168 7.439122755346976e-21)
(0.9952099356949446 -0.006266313989775479 9.34709763638326e-20)
(0.1840357593215467 -0.0449731655642274 1.301212740505421e-19)
(1.084710369965021 0.08789692713309191 1.410240341235973e-20)
(0.0936912841631666 -0.1110130357605841 -5.473283691740734e-20)
(1.108424169383533 0.003019277799598518 0)
(1.098364132541167 0.251812081253689 0)
(1.021091758283348 0.02147330172318288 -1.700198952649242e-20)
(1.062999305152537 0.05287366119820525 0)
(1.025930996923437 0.0234664261251138 -8.40322706990515e-21)
(1.263525780093922 -0.5492030830073306 8.030247762104193e-19)
(-0.112747760721971 -0.2402716281431864 2.120128382097332e-19)
(1.301011773380011 0.113435962020964 -6.211509034195119e-19)
(1.12237850189411 -0.001828989744838495 0)
(1.122684702059628 0.1055500908163523 0)
(0.5230099702553254 0.07753670349012715 2.435332025321626e-19)
(1.023605987895984 -0.02024012411772717 9.501901352288201e-20)
(1.006457235196078 -0.02325106092047669 0)
(1.210868020631633 0.2703442556602342 -9.667861984415772e-20)
(1.260867543301954 0.1285831051117832 -1.530040737992981e-19)
(1.026556967740688 0.003267125422458664 1.571170304912397e-20)
(1.299125271221257 -0.08511795844432392 -4.978453015739048e-19)
(0.3034984392734685 -0.02091323133480852 2.872398859547131e-19)
(0.8306897300451296 -0.1484455825525441 6.846005054603385e-19)
(1.040023932884544 0.0535257777256949 1.095762933352997e-19)
(1.038199150700051 0.003587989263514334 1.670512599692833e-21)
(1.000975481713646 0.01916779528726369 2.894517355890118e-20)
(1.066494642977735 -0.0368255160379362 0)
(1.034680991498768 -0.03848380869450302 -1.489899261082733e-19)
(1.01673792103183 0.03384918998294547 -4.598221234195917e-20)
(-0.05646492795296389 0.07344335531859934 -5.022236308216172e-19)
(1.010978751621381 -0.05814125718383141 0)
(0.9059338557245352 0.01245915268476514 0)
(1.091216209836853 0.0001674942798289949 0)
(1.364244332442223 0.257516891209589 3.761725884481669e-19)
(1.697474357004284 0.1033357636810243 1.327931003779142e-18)
(1.409448940663957 0.1492388476676284 0)
(1.035760695108321 0.02110034715600607 9.964402374873426e-21)
(0.3464232274844439 0.03010553387017375 3.267142238908517e-19)
(1.132294645400529 0.006948766072957283 0)
(1.092569788571231 -0.02491559630110504 3.292162608710823e-21)
(1.09236615193788 -0.03331788629943856 2.646090482838583e-22)
(1.134415378134296 0.1056209732896429 0)
(1.30218721336622 0.05551560721536616 0)
(1.03961771714563 0.001255232835906846 1.175302223751878e-20)
(-0.1519501228335277 -0.1157248805408991 -3.865559827485914e-19)
(1.325157476598457 -0.1487452943120506 -2.159225731330725e-19)
(1.067837447011317 -0.007390908988870598 0)
(1.013062436667068 0.01509887024691294 3.060160909181534e-20)
(1.156908284690045 -0.09403097487929081 0)
(1.016586824535356 -0.01738062831248371 -1.135328424725052e-19)
(1.030669152926923 0.008295042083345744 0)
(1.513701491684467 0.0873077512542824 -2.825068106961861e-19)
(-0.02318390313158073 0.04045584592081484 8.257364354020369e-19)
(1.096927194426436 0.05249875350819367 2.116870826794623e-20)
(1.092332293768075 0.07873427982589419 2.107917455328612e-19)
(1.009838990015361 0.008683618074616716 -6.127492683904764e-21)
(0.006558321934780281 -0.1160305263886876 -4.799188098125201e-20)
(0.02150601146323093 0.1035147914938097 3.697158993815713e-19)
(1.228751771813505 0.145090190484963 -1.630819306301723e-19)
(1.099120150538539 0.08470088818406289 0)
(1.087638484806587 0.02546961414622255 1.75858885523546e-19)
(1.00710507626583 0.02214679034802989 1.727609663272629e-19)
(1.028809452925971 0.0007326545949765124 -3.686937211205345e-20)
(1.220086023244333 0.1496539899714329 2.621492578006898e-19)
(1.395649119810956 -0.1308143318210516 -2.076072227421281e-19)
(1.065785648024738 0.05016749000983751 -7.239053559479058e-20)
(0.9935300085418821 0.006880814028779691 0)
(1.077586700030023 0.06903064779433547 0)
(0.9811379014300605 0.005630977646233711 0)
(0.9925287450143069 0.007984321398675111 2.372489741089315e-20)
(0.491443688754021 -0.07319798480073489 0)
(0.9930094279236118 0.005196567006602526 3.605064977894577e-22)
(1.291341155495086 0.07797449922089564 0)
(1.00450404526111 0.005429008716001132 2.224076926536784e-20)
(0.7942028041589567 -0.120016576316832 5.802545582917961e-20)
(1.092236735339769 -0.01783108076572456 -8.985633228896984e-21)
(0.9398492550999543 0.01655241788120695 -1.767921684129623e-20)
(1.439006693034351 -0.2832790196213523 -5.32974850915669e-19)
(1.133868414291879 -0.09148067479226779 4.717288726288854e-19)
(1.088702342124254 -0.0252431033883824 0)
(1.933878622260218 -0.4713417255585456 0)
(1.624102379108727 0.1889989940727184 0)
(0.9846101747361037 0.003625635427410053 -9.79630904732422e-21)
(0.8584129545292503 0.7729671967725892 2.396663793642724e-19)
(-0.008057341983292044 0.1900603328753347 5.445045248684579e-19)
(1.040336729139003 0.00662817415698753 0)
(-0.2198835942883421 -0.1043994642221402 2.06838570407536e-19)
(0.9841847798385707 -0.003476348589190524 4.134046372419419e-20)
(1.180279040601915 0.1613139826739021 -1.630392196051773e-20)
(1.044655118334872 -0.0220897587884166 5.552376140165382e-20)
(1.041477561098202 -0.1369013353859282 1.372397498393247e-19)
(1.138188133591666 0.006179478998751082 4.411351278764919e-21)
(1.099362228383745 -0.008951439588313162 0)
(1.309265143235145 0.5298209316700768 -6.025245742615951e-19)
(1.029891930112917 0.002551222174407535 -2.083324867014227e-20)
(-0.3077985164979874 -0.05283656735829111 -2.04425299498415e-19)
(0.6794485142873189 0.0184480989610589 0)
(1.088027374693793 -0.6987614514579913 -4.832118567608496e-20)
(1.31296782662175 0.08542288827778957 -1.105386846129559e-18)
(1.114830919702554 -0.1085983025540754 0)
(1.087080760265915 0.2786260465714263 0)
(0.9723890506967878 0.003241750633608362 -6.157974590091077e-19)
(1.065150277750501 0.00816770597530716 -4.317707978993647e-21)
(0.9245594658349612 -0.01214460986452261 0)
(1.090711041940542 0.03086672803444742 -1.761965962888872e-20)
(1.370083381497076 0.2142122153388996 -1.85147846501078e-19)
(0.7323640123528602 0.09686057006368573 -1.051192238763281e-18)
(1.079079499299789 -0.0006319929324758681 0)
(1.262453164514233 -0.05836993055276397 7.032396434364398e-20)
(1.005850150082858 -0.0008272085961655605 0)
(0.8497932051197081 -0.7760388621158875 -8.131291391304468e-22)
(1.081969462212247 -0.05211682116737937 -1.095360631865807e-19)
(0.8759053127690839 0.324121126545068 2.932749316407434e-19)
(0.830153160592776 -0.1986742374152941 0)
(1.031675571210608 -0.03474197870525905 0)
(1.054567599173906 -0.02787540643679451 0)
(1.007614860471697 -0.002815033716517375 0)
(0.9811680661439166 0.006172500123035246 0)
(1.344363775588532 -0.2368628980052644 0)
(-0.07486558648715499 0.1480904277780648 2.501050882983939e-19)
(-0.01215944648228831 0.08131140926181195 -6.926900948694786e-20)
(0.2104723509343358 -0.1003974866859968 -4.335676878341449e-19)
(1.52070106544599 -0.4390541914687995 0)
(1.03482511577522 -0.01662915804849866 0)
(1.772634086048233 -0.7591341405403764 -2.348131344761504e-19)
(1.138768759818089 0.005044546843351497 5.7668350841142e-21)
(1.323928139968827 -0.0904325197490851 2.822828333420903e-19)
(1.107160902673161 0.7083350965442707 1.435492343646881e-20)
(0.3383465142723886 0.5919149074712536 -2.227673053801286e-19)
(0.6760016616575353 0.4579304313127233 -4.785343133273954e-19)
(1.045605796623487 -0.1499897207165524 -2.263529507623342e-20)
(1.226505078641164 -0.3607387741603172 0)
(-0.07302809298210113 0.1887863444627905 -7.324368096373908e-19)
(1.046649580090625 0.02377264226995165 0)
(1.102715146232243 0.02816068144752768 -1.561779232767408e-19)
(0.8137712879328941 0.8948138138337627 0)
(1.066635943010148 0.03347751022728433 7.661494502893991e-21)
(0.2792827265712711 -0.07237414859776251 0)
(1.101833924291632 0.020237367405367 2.464949672638967e-20)
(1.370131752875597 0.3242424072504663 -5.560310613480564e-19)
(1.074684840583418 -0.01189408594675045 -1.658881763131437e-19)
(1.469581260311848 0.1592698564717646 -2.533140771430176e-19)
(1.330672428394808 0.4179755495458574 0)
(1.170870973456072 -0.2680824450457894 0)
(1.302859402787613 -0.1344205518282133 -1.219694055127703e-19)
(1.066908733991189 0.01621322933507057 -3.333405211424161e-20)
(1.060586218469464 -0.01206826710620903 0)
(0.7416273984511466 0.143000593664924 -1.115601276913209e-19)
(0.7749040815464922 -0.5777253238702833 -5.683115160700361e-20)
(0.6667693625473997 0.2028561650500647 9.595773427066979e-19)
(0.9916821404827746 0.1146397984007231 3.484632034608693e-19)
(-0.004539189413551693 0.08270303878088683 0)
(0.5804268681046717 0.01488410017961911 -6.74624432253538e-19)
(1.059309906566444 -0.03880973460082939 -1.888867939090493e-21)
(0.6929752484656244 -0.1207872070998731 -2.798725102437191e-19)
(-6.914812496714058e-05 0.2115593767555831 -3.113863192326818e-19)
(1.180574270008995 -0.07633433709502792 0)
(0.4015814468467896 0.01523022941843025 0)
(0.1603473664561114 0.3701778622771441 0)
(1.439596032035604 -0.2615754119391426 0)
(0.2345033081470277 -0.3586568830882794 -6.393105309771828e-19)
(1.597037914050359 0.03902222278872314 -3.882891139512963e-19)
(1.025967862986832 -0.2022178612708721 0)
(0.6789415827736869 0.01327918770640827 2.524430048844189e-19)
(1.024932973317235 -0.01063361801310224 3.525851468076282e-20)
(1.137658237995821 0.2355045437650603 0)
(1.731602662024143 -0.1115896869132283 0)
(0.5815479769176163 -0.7377723004125359 -6.831496063270078e-20)
(1.270545334288427 -0.1065052124162467 -1.005004295111609e-19)
(1.406363266581347 -0.08480038620671852 -4.317229579819361e-19)
(1.482909650939313 -0.06527887838995881 3.666407631234313e-19)
(0.0940371871108964 0.09890914164608691 0)
(-0.1199654920211111 0.08148620554642028 2.774136771228513e-19)
(1.03849010259967 -0.06356028080571663 -4.412728048176327e-21)
(1.120590840310993 -0.1407167550060163 0)
(0.6411928115709524 -0.3573893873148516 5.197383537149196e-19)
(1.049069278089458 -0.06337356576181295 1.427660759888004e-20)
(0.8346884264375138 -0.1364521652518043 0)
(1.31265422309372 -0.132127173074456 -1.04431064738649e-20)
(1.116553697172677 0.08446490509242927 -4.354008327347449e-20)
(1.090977794305162 -0.004964110369713334 0)
(1.126760846789927 0.5695619105316148 -1.114301947245597e-19)
(0.3426574109868816 -0.6001088269978143 0)
(1.060414575940027 -0.003204446727588822 2.815420466552786e-20)
(1.097006021597836 -0.00507685658643819 2.662936634755742e-19)
(0.07945105779348162 0.1428966456465884 -1.68835165497245e-19)
(1.179862297520134 1.000515823952635 -2.234352936082411e-19)
(1.369550597397871 -0.1382859937172763 -8.839065672962634e-20)
(0.9494333368365666 0.1339736702365342 6.731454432749979e-20)
(0.9981792644512608 0.003495619371345389 1.031961284565605e-20)
(1.048774026206933 -0.1409122211380705 1.779102064121667e-20)
(1.509209633043977 -0.9496987688050004 -5.247529078143365e-19)
(1.531845465754124 0.9494124428442345 2.363896954590999e-20)
(1.432298037427705 0.224400619853969 3.388356001853532e-19)
(1.028802023075084 -0.007284319511874878 2.075286501325885e-19)
(1.035469021037829 -0.03313028448861048 1.63095578952111e-19)
(0.9919347648838589 0.02160386827377034 -1.907776533716972e-20)
(1.057760884809587 0.0385980433639829 -1.463796272771121e-19)
(1.079174399235429 -0.06551828652265262 2.916056083216841e-20)
(1.43441540125671 -0.1351335063943125 3.399092048470157e-19)
(1.818809540060709 0.7480169124120357 1.864419076090019e-19)
(1.034637948859265 0.02935182290779708 9.756478477398202e-21)
(1.071826221261543 0.01411375022982871 -1.061469884068025e-19)
(1.986304631840792 0.477668718355382 5.360119347510425e-19)
(1.928916054692459 0.1602415544415622 9.342404714804547e-19)
(1.080412345886193 0.6378784362457793 -9.718468226427944e-20)
(1.10918294498572 0.1713424569712322 0)
(1.044107951155428 0.02311171691810521 0)
(0.5103882757203601 0.4382141158106603 1.167644798470095e-18)
(1.376446811175501 -0.2992785916905412 1.876825265792862e-19)
(1.193133314219236 -0.1445856757541261 0)
(1.632669750725443 0.2356025789797264 -6.195709370327391e-20)
(0.8043169619948171 -0.1512358461042522 -1.302812869295159e-19)
(1.327788210859731 -0.2096270887523246 -9.067418660831946e-20)
(1.249189203250686 0.3890856485320164 1.43955777256947e-19)
(0.4925876712929791 0.1951332943016102 -5.61086383623743e-19)
(1.687757375325895 -0.02022490365940126 3.294758834656077e-20)
(0.8565919227055662 -0.5457737455363421 2.222593003235443e-19)
(0.9985604634240172 0.02312103260554324 0)
(1.618487595262882 -0.1863207818259583 -3.114158427528859e-19)
(1.089937969902589 0.1004793400788073 0)
(1.338176369041925 0.5804794697089749 0)
(0.9427778123647691 -0.4147675126434703 -2.751122831615309e-20)
(1.247159128470781 -0.02549376920325539 0)
(1.038503771545788 -0.003591386694938579 -1.253570898294766e-19)
(0.7281869067398521 0.1084646625111992 2.988452091940242e-19)
(1.32482906007505 -0.5821705300755321 -5.588300633255966e-19)
(1.052829501004419 -0.6340150438243264 1.126443417051713e-20)
(0.3518593458973608 -0.3792775963952321 -8.711371460477756e-20)
(1.007262745607854 -0.0959491171811569 0)
(0.4460178094447977 0.3009007119153365 1.68402348506209e-18)
(0.3115444183501288 0.04615001334345639 0)
(1.307719602115716 -0.1357980136147568 8.107327811536703e-20)
(1.577418398632754 0.190424502063514 0)
(1.165971292588585 0.4462009196265931 1.333797653797532e-19)
(1.053055289901073 0.1526932285964692 -6.428212152882163e-20)
(1.031753532101837 0.004620462013568471 -2.016661616263874e-19)
(0.9563681796658324 0.4084790760795545 0)
(1.163582747869347 -1.0119682733113 5.86048264684121e-20)
(0.8910543194279348 0.009303203490558637 0)
(1.068512974490138 0.378370736377875 0)
(1.057427404667001 0.02684437242830271 -4.020028633027402e-21)
(1.473560148548665 -0.2999270858834538 0)
(1.244374861089393 -0.1853762872743251 -2.955643354791411e-19)
(-0.004244000663100487 0.02549867503617406 -1.986758719789851e-19)
(0.238529085319901 0.01642661335285895 8.85714603371078e-19)
(0.9812197129463744 -0.09905018680782522 0)
(0.4716806259329909 0.6453832601445159 -2.552861046929985e-19)
(0.9174059336621236 0.02974333470599108 0)
(1.53681374544214 0.4146380377518274 5.479136555242852e-19)
(0.4881742901863798 0.1509463155545305 -6.400650652860837e-19)
(0.02827814680705562 0.1763098605539355 0)
(-0.4321294547664222 -0.05698762751742575 0)
(1.032390418824161 1.571564272702874e-05 1.276098140400179e-20)
(1.659523271680767 -0.2266945734187431 -1.101580513154519e-18)
(1.110216787460941 -0.5640378865156261 2.383448649602209e-19)
(0.7813881315255194 0.3322248072341565 -8.752564979729157e-19)
(0.9334387257661343 0.1408310310963451 1.531278352538311e-19)
(1.043555384724022 -0.003587773973224508 0)
(-0.3011028408321632 -0.1269293150811012 3.991595584999113e-19)
(1.033377337807927 0.04670219245351392 0)
(1.194206868413598 -0.2419626593849816 0)
(1.560579222007793 -0.1887714047564075 5.157905967657397e-19)
(1.123625092082658 0.07829380758644741 -7.569690538023032e-20)
(1.066340136322477 -0.1432659823318899 8.367785872356819e-20)
(-0.04987004287923306 0.1067566665376668 3.482858847865227e-19)
(-0.0835829374809513 -0.1553177750893884 2.690199486766429e-19)
(1.07391545685414 0.2119783790810079 0)
(1.095903856806852 0.0612311432076906 2.129731075166513e-19)
(1.494689598415582 0.2861306339157621 -3.601957212533818e-19)
(1.323870216381664 -0.488205829537899 2.370937321571328e-19)
(1.154589723745229 -0.1426201134033166 0)
(1.120755034641774 0.1502421639779177 0)
(0.527420730138858 -0.6914327682857422 4.122935898746445e-19)
(1.312078569428229 -0.03903912870648522 -2.980640576487837e-19)
(1.008188761431051 0.100195198171549 2.526429873754108e-19)
(0.3127664129260883 0.3534520920841632 -8.926411825864959e-19)
(1.030550851044205 0.1068773259871295 -4.077696991933725e-19)
(1.037675932016774 -0.3971390642951985 -4.793014712878191e-20)
(1.45906211279957 0.1080320293462812 -6.528627212742566e-19)
(0.7808286970993996 -0.8866720078981194 0)
(1.056788099695072 -0.03074167594736522 0)
(1.144782844523534 0.1734959703696677 0)
(1.615730396513351 -0.04079442990257909 0)
(0.8139568958913821 0.5923070809115092 -2.060018275518189e-20)
(1.493184684216063 -0.3579265233336841 4.549915175043188e-19)
(1.540068263181615 0.1465281035761347 0)
(1.13682855039523 -0.4601257363331259 -1.654560823734965e-19)
(1.460091179955904 0.3429937205167155 -3.549970611507493e-19)
(1.0092406820447 0.02801519910164295 0)
(0.2138021840175361 0.000462286539036939 -2.492101801077883e-19)
(1.335294030189207 0.5095301287789257 0)
(0.9777987081597593 0.007164122810442077 -3.910448843763889e-20)
(0.7635621944287689 -0.3024523209068605 -2.060241440231778e-19)
(0.508469319222192 -0.08397424846711619 7.878323974084528e-19)
(0.2169633997521857 0.0563483357771583 3.693898635602568e-19)
(1.062173808146392 -0.1387710738625943 0)
(0.04283927752673098 0.004430199881854378 0)
(0.3442778741890787 0.03851572608841709 -3.02342936724878e-19)
(1.005589665416587 0.01737645597242484 0)
(1.452034680267696 -0.008535951572928333 0)
(1.006734418553229 0.02830522732985799 0)
(0.46930659713776 -0.2761153619658016 -1.004116998920203e-18)
(1.048940338064072 0.08847670146435864 0)
(1.522961457897764 0.04044232845393396 0)
(0.2198141742893825 0.123583116702529 5.440758381835509e-19)
(0.880092681180084 -0.3235263428205705 0)
(1.365256780028418 0.05243868494867675 2.694689687166668e-19)
(1.237299366577807 0.2042128326097766 2.067183778958063e-20)
(0.897502423309663 0.5524674349028227 1.560993389248871e-20)
(1.033620164030198 0.09894413752515339 4.789829810145088e-20)
(1.032480330837054 -0.149324089076403 0)
(1.366221622414031 -0.02301296993929088 0)
(1.287924488919822 -0.1197264959477675 0)
(0.6246687706413959 -0.04183272290089188 -1.363240219020589e-19)
)
;

boundaryField
{
    FrontBack
    {
        type            empty;
    }
    Top
    {
        type            noSlip;
    }
    In
    {
        type            fixedValue;
        value           uniform (1 0 0);
    }
    Bottom
    {
        type            noSlip;
    }
    Out
    {
        type            zeroGradient;
    }
    circle
    {
        type            noSlip;
    }
}


// ************************************************************************* //
