/*--------------------------------*- C++ -*----------------------------------*\
| =========                 |                                                 |
| \\      /  F ield         | OpenFOAM: The Open Source CFD Toolbox           |
|  \\    /   O peration     | Version:  2412                                  |
|   \\  /    A nd           | Website:  www.openfoam.com                      |
|    \\/     M anipulation  |                                                 |
\*---------------------------------------------------------------------------*/
FoamFile
{
    version     2.0;
    format      ascii;
    arch        "LSB;label=32;scalar=64";
    class       volVectorField;
    location    "1652.5";
    object      U;
}
// * * * * * * * * * * * * * * * * * * * * * * * * * * * * * * * * * * * * * //

dimensions      [0 1 -1 0 0 0 0];

internalField   nonuniform List<vector> 
808
(
(0.7562524141140217 -0.0175088252080143 0)
(1.031222669279611 -0.01251119357714906 0)
(1.116344180092195 -0.001353250114671884 -1.813473336940816e-20)
(1.085123628302053 0.01259401359844295 0)
(1.362932980814052 0.01637724061461409 -3.910883123217805e-19)
(1.038648799205284 -0.009329901633202404 -7.146726089925276e-20)
(1.01353460312686 -0.02043852509123211 -2.318037941432265e-20)
(1.078522382096413 -0.004902207812113472 8.938755977443855e-21)
(1.253120317928063 -0.01921487323664735 6.367045482985578e-20)
(1.084371305301157 0.00970454741372697 0)
(1.013765776650427 -0.01053671038220168 0)
(1.304989850994002 -0.05199173205426281 -3.559211529337821e-19)
(1.085926606036555 -0.001593040814104929 2.029772136221643e-20)
(0.6750386147069615 0.006420626838078129 0)
(1.285937221081687 -0.1178714610296771 0)
(1.081592369550361 0.0001839757476594926 -3.804948120371409e-20)
(1.233940703485875 -0.1501989940296926 -1.003320895376845e-19)
(1.074171270823688 1.33712513077701e-05 3.153730480297489e-20)
(0.9929250925800031 0.006375067413914581 0)
(1.026619315394383 0.009145154204588711 0)
(1.04109724296914 -0.01253374577147023 0)
(0.9874634854674329 0.04460422360117219 0)
(1.051097664479328 -0.0060980847995629 5.522038994245806e-20)
(1.053368777398468 0.008659183926465449 0)
(0.9330032772035222 0.1981744306533422 4.608112828698068e-19)
(1.166420952002393 -0.08898481326579241 0)
(1.184954637956543 -0.01820400358934953 1.588407019920543e-19)
(1.07735025882734 0.009395083150425575 5.194961907939751e-20)
(1.084200787067434 0.002033494639471607 5.049058206310048e-21)
(1.072059818156747 0.03095371739102491 0)
(1.075648624435059 0.002534474739092924 -1.17258645652449e-20)
(1.03313503313086 0.006376878910373064 -1.960937047077032e-19)
(1.05982794318191 0.0148735858669773 -2.401210577839926e-20)
(1.089095493025278 0.005191910821594617 -2.926043022170317e-20)
(1.119413600748387 0.03792999013976305 0)
(0.755145087738856 -0.1223654284495144 -4.537156074520064e-19)
(0.9544046846456787 -0.00579552130993009 0)
(1.069003389456537 0.02248179108667845 0)
(1.068843263959128 0.007331278384030776 0)
(1.073592452588713 0.008889879118799163 -2.834739432650696e-20)
(1.091928869833772 0.02347185115994206 1.114361171971351e-19)
(1.149796047407247 0.003594295249780681 2.184557469306853e-19)
(1.095741290800433 -0.002467713976679299 0)
(1.015947437039598 -0.009078540278362354 0)
(1.131389947057805 -0.0986225404699361 -1.65967414662825e-19)
(1.044085142413874 -0.01170013189556429 -7.930311768414541e-20)
(1.058411691190611 0.02666248988817201 -2.844394621554853e-20)
(1.230554536881923 -0.1113457453612581 -5.634535143434919e-20)
(1.067779872343279 0.01228456593964513 -4.25968010926491e-20)
(1.256057627608215 0.01838779135760464 0)
(0.9965782899354008 -0.01805833432594432 2.064336443850741e-21)
(1.044528679418131 -0.002192528092353262 0)
(1.087466635147442 -0.00232007650251253 0)
(0.9980314213873966 0.006783303872195619 -1.869971223879579e-20)
(1.251777751999599 0.03458896003245308 -2.318493000204996e-19)
(1.063869453175472 0.01840176601085296 6.144953634378085e-20)
(0.9896703586087878 0.008372972923474473 0)
(1.019308720244714 -0.0109647107102972 2.390810604734475e-20)
(1.10677560214553 -0.0005461936200045971 -1.200033933450812e-19)
(1.061681793060727 0.03108848975786788 0)
(-0.06664565180940919 -0.01107146939530743 7.001915283926072e-20)
(1.154427995050499 -0.05135337953084152 -1.918989458083508e-19)
(1.003975649753001 -0.008766089068254945 -2.627880290617646e-20)
(1.182996183765499 0.06772203032431549 -1.227902518281401e-19)
(0.9982714094024902 -0.0102573692718717 2.984652015310502e-20)
(1.083941423726052 -0.005555117833570425 0)
(1.242949791439249 0.0978267282182398 0)
(0.6960191500899288 0.003200537163209093 -7.50271978732068e-20)
(0.9901702590287574 -0.01465751246551405 -3.109189348199462e-20)
(1.459834120081441 -0.01661451561349215 4.503735431769979e-19)
(1.060614626937975 0.007558480714607839 -6.80966592735161e-20)
(1.366782339926496 0.0991785445313056 2.930618792327206e-19)
(1.054730229937017 0.006810152141171893 -1.848670794025881e-22)
(1.081248560780065 -0.01403252402360568 -5.325696599505259e-22)
(1.164350825609126 -0.2355544762472759 0)
(1.022305670389341 -0.014307602547869 0)
(1.017707212961602 0.01751218972105674 -3.142238170839454e-20)
(1.386682855762928 0.3498034818794526 4.154808461732424e-19)
(1.09696244736039 -0.04203318216824777 9.286364907161689e-20)
(1.045719047771136 0.2100014630050282 2.538045332896985e-19)
(1.125455624239122 -0.06264931416796875 1.150786797762695e-19)
(0.9221233608823106 0.005154898977949794 0)
(0.9755221420978589 0.01857412314384931 0)
(1.004105585752776 -0.04890009930346175 2.689220678318447e-21)
(1.010848274922432 -0.01301346842770965 7.391500838516765e-21)
(1.03055264171272 0.02570354611977129 1.403505438057686e-20)
(1.529120922666983 0.03768280583423865 3.283542139326392e-19)
(1.290070714608351 0.07203278472984266 5.473002384492353e-19)
(1.072560911665593 0.002905314854659751 -9.252712309023003e-20)
(1.20024824383414 -0.09598429822962003 0)
(1.033792517345093 0.001595737892217943 1.348078013127551e-19)
(1.163491308299369 0.02223737879902023 -3.23020267848801e-19)
(1.001456579008264 0.0323231965851683 0)
(0.9996285583650242 0.002008285141472047 0)
(1.044366708891827 -0.000254963132189553 7.690428801361602e-20)
(1.208019033604 0.1060113937634134 4.060545062604643e-19)
(1.01107065148911 0.006962595850183474 0)
(1.090210778808947 -0.07176418967818482 -1.054400748070212e-19)
(1.149034533327156 0.03706489641290789 0)
(1.208847288619412 0.09464411185515706 -1.921516793873078e-19)
(1.108028873548045 -0.02852549537851626 -7.611563611989866e-20)
(1.027735188280761 0.0115286671154235 0)
(1.085352155887021 -0.004682770915953411 0)
(1.019741314608014 0.025479523930902 8.15825729034305e-20)
(1.073483972166165 0.05319732671538745 -9.229288027224689e-21)
(1.103731946477275 -0.004316469034495153 6.21200755783655e-20)
(1.108564117993652 -0.09754608339506618 1.544379247875734e-19)
(0.9594901144150888 -0.001242405179454639 0)
(1.066516613730921 0.03130694225105423 3.866358371891665e-20)
(1.168412739140947 -0.07577714550894109 2.345147661113489e-19)
(1.052940203903684 0.04454450625233938 -2.921506623947851e-20)
(1.02260013618546 0.06739986014054593 3.749717722127806e-20)
(1.090687555440716 0.02619319371187049 0)
(1.012219020953044 0.01731371304064496 0)
(1.028982030730948 0.009444217534539018 7.923118451102936e-20)
(0.9487254612289439 -0.03328407024734386 0)
(1.053205613055841 -0.005700256220607835 -7.922529119639823e-21)
(1.340944985624949 0.06062548325325882 -1.596193002466218e-19)
(1.079979696664757 -0.01331244572292434 2.57082663533386e-20)
(0.7441079671002999 -0.001782780648414069 0)
(0.5327942363186663 0.1549620371195167 -8.174860763319537e-20)
(0.705910370310198 -0.002539447311964938 0)
(0.6991000725617658 0.0146663671315808 0)
(1.077741563419891 0.003514845375950236 -6.802662325219593e-22)
(0.9906325441861664 0.014487072967274 0)
(1.279311234659373 0.1232861177878289 2.475172173628345e-19)
(1.012326147372182 -0.02789127282160182 -7.906300106408866e-21)
(1.040483861135382 0.02202626971051178 1.485220379676201e-21)
(1.058445491850452 -0.01193908642800766 0)
(1.126472992832743 -0.009226044747589191 -4.95145329034796e-20)
(1.255716143895204 0.135622558601816 -2.192336132723037e-19)
(1.089011877091956 -0.01118865889867081 -8.474891927922835e-20)
(1.069929597477421 0.02553925015827537 -1.104679208608962e-19)
(1.040813238509325 0.04671655898573981 6.856410487738034e-20)
(1.022332485889992 -0.003644366384074841 -3.440735810937083e-20)
(1.061329431274354 0.02353866158659689 6.102331018408389e-21)
(1.130896897129706 -0.005971054204001615 1.079485397546021e-20)
(1.041109602518825 -0.01406813068100991 -4.713497175851526e-22)
(1.087779857355282 0.03482600935028019 0)
(1.028471190795774 0.01327164811242836 0)
(0.776463227393533 -0.05917564489177569 -1.841303966065315e-19)
(1.0301729134278 -0.001927607130152885 -6.930816679076014e-20)
(1.135303080344362 -0.002667784799757276 -1.316490565917934e-20)
(0.7035134387754112 0.006566603601358816 7.425974854057156e-20)
(1.17566497704112 0.02025333358496717 -1.908303187187127e-19)
(1.126350084394058 -0.001595423468795747 5.671203586877267e-21)
(1.129005883669872 -0.01006568618475854 3.479766923951033e-20)
(1.000941546425622 -0.002959866160157228 -7.611049002299974e-20)
(1.095300315824334 -0.06740814920456638 0)
(0.9846396400532376 -0.001028380981038346 0)
(1.058009118921985 0.007085799414960114 0)
(1.005562203780657 0.1884935353240999 -2.473592237572821e-19)
(0.779459681077446 0.01240724117795026 0)
(0.8568735835727646 0.1015562031434678 -8.448937096810091e-20)
(0.08507035438022678 0.04215040890560561 -3.071919123300196e-19)
(1.173515266859308 -0.03044198180375714 -2.221909749172638e-20)
(0.6713084263363259 -0.007332542407288489 2.43315875168833e-20)
(1.168634334566358 -0.1056559885474839 6.977804224780042e-20)
(1.125508652298433 -0.005607184931125761 -6.101297512616222e-21)
(1.156045016619246 -0.04921212139172996 2.159162546269341e-20)
(0.09840818527244881 -0.2062510411873243 0)
(0.2653134496520219 0.08738464168445981 0)
(1.252196801171653 0.1123656779711558 1.925889121172233e-19)
(1.021553563711575 0.01983878662693186 0)
(0.7376744565887855 -0.006332315331125894 0)
(1.0752107176312 -0.0119313256869112 2.690512613024746e-20)
(0.9751589757599449 0.002791713709053877 0)
(1.286618809595668 0.1305477594662759 -1.539135055812439e-19)
(1.057472485006761 0.01126744267994681 0)
(0.9932001567070676 -0.008127210465376464 0)
(1.065174960773015 0.008078147441847761 0)
(1.006179905290399 0.02082093608655483 1.769578028490191e-20)
(0.9257750788837618 0.00915154108950253 1.09863322236791e-20)
(1.176603203487777 -0.1992807067519307 0)
(1.005109428358658 -0.005216140599365686 7.759273574047224e-20)
(1.059175842433443 0.006251517294499594 0)
(0.7746252617192454 -0.003329603168699417 0)
(1.215640476994313 0.02890018573401246 1.670437037925703e-20)
(0.7050583445999092 0.001317890822850394 0)
(1.434640045260184 0.09008914922687523 -5.335905442667007e-20)
(0.9938048095839167 -0.00685594049900301 1.687090401620055e-20)
(1.275072794184507 -0.001225346721932887 -2.922079593800581e-19)
(1.05986648738794 0.008750463072779803 1.392296961319092e-19)
(1.000900433409017 -0.01361345363445909 0)
(1.218636231181019 -0.1522661414862553 2.034347667346804e-19)
(0.733186032720469 0.013792769752577 0)
(1.098161164872112 -0.005158128612983275 0)
(1.15141012716275 0.06648383032243295 2.028880829866376e-20)
(1.006946683158366 -0.00728536075044783 -3.019213573604025e-20)
(1.119916021018156 0.0507655267282001 -1.755292503875404e-19)
(0.1279664120271431 -0.08281536201402956 0)
(1.072480231501044 0.03713786820263169 0)
(0.661577771133229 -0.002922394656032003 -6.826570841923326e-22)
(1.012116482559068 -0.01955497015244321 9.706899357915347e-20)
(1.061701427239622 0.0006612406057551871 0)
(1.083861454679027 -0.1279672118092139 3.750156186219062e-19)
(1.002619981311322 -0.006213528637951305 -3.482360205631676e-21)
(1.001926696174902 -0.005038866589878102 1.01497122956543e-21)
(1.093957287536419 -0.00929889109934787 0)
(1.020713458965001 0.02040373158963831 -6.265440191568899e-20)
(1.106714395803134 -0.001657690171719811 6.673952860371675e-22)
(1.073865787016247 -0.01114985455600427 6.540806645934479e-20)
(1.085803696801307 0.02238865082189182 0)
(1.329575156249485 0.1662282922396963 0)
(1.002017659079093 0.000176438213881718 4.416421541243482e-20)
(1.323520918720521 -0.1254903865206507 1.540011582781229e-19)
(0.04755494070455441 -0.1703825927834655 -2.555573607129764e-19)
(1.071341479358496 -0.005579790674202189 0)
(1.11798767429644 0.001767411547801011 1.229590640777117e-20)
(0.7269642200774287 0.01787518029341508 0)
(1.062768262939381 0.002353254741505885 0)
(0.871008835987413 0.1671426122917758 4.789538579448209e-19)
(1.268721986320894 0.1265601090537712 1.847423175102432e-19)
(0.6542418523458582 -0.003111389249257765 -6.282627070433481e-20)
(1.04244946218729 -0.005512124111810581 -5.417703674363376e-21)
(1.054885118793861 -0.0002898208764173166 6.638056323842302e-20)
(1.361034381559252 0.1256908470863716 6.808817099032794e-19)
(1.335508461539822 0.2529388690066155 0)
(1.059315088104024 0.001155768042233656 0)
(0.9965711428172471 -0.007468447266223613 1.523232703538144e-20)
(0.99440665155451 -0.01174756480951242 3.855525126814307e-21)
(1.383428416071503 0.2006120528825287 4.243868691869724e-19)
(0.6816581774140644 0.0006234990225582687 9.828113359883896e-20)
(1.00559706646678 -0.002031203763388518 -5.96103503734132e-20)
(1.098038802676022 0.01301335998523838 2.539127151949681e-20)
(0.6694716803420431 0.005014891712753619 0)
(1.06608663437519 -0.01202035228114073 0)
(0.9924797330646783 0.1360115046803808 -1.189833971078253e-19)
(1.084866091290294 -0.004111932569199516 -2.438049415860413e-20)
(0.9820797731226573 -3.337171214729237e-05 3.279062944645635e-20)
(0.9912102188256594 0.006025574502635573 0)
(0.6383114622089506 -0.001137125112277629 0)
(0.9768901488975074 -0.001228829676669893 0)
(0.6420641210168199 -0.001501443946128099 2.717593123604007e-21)
(1.089504105846007 -0.05752436322422735 1.199536911145611e-19)
(1.112621066709316 -0.0003596542364803948 1.244317644085445e-21)
(0.9580109611671921 -0.0009267137337314985 3.915804791427941e-20)
(1.015617137103434 0.01050402184919068 1.66380358241242e-20)
(1.065029329168781 0.004605594727814123 -2.26606677024908e-21)
(0.6347469089297594 0.008852972921949028 -3.648919370622471e-20)
(1.001716403142021 0.01067383621962397 -8.962542585939204e-22)
(1.035131041359604 0.01147089908746891 5.055613221693909e-21)
(0.9881810520836941 -0.01074267904584324 0)
(0.6100557749652634 -0.0004930026402114821 0)
(1.068656245545211 0.02275249081015613 0)
(1.016439643526746 -0.01547310451005291 1.059402606239986e-20)
(1.022371148617771 -0.004889474457424711 0)
(0.9914844953962291 0.01497942387520265 -9.365873709356073e-21)
(1.012200305595044 0.004396340067221445 0)
(1.127032029531606 -0.005688881437008137 -1.203097549980252e-20)
(0.03800004431418912 -0.1398684375460597 -4.495620425915093e-20)
(1.036616211600601 -0.01604644752855097 -7.506256845337695e-22)
(1.044151848373932 0.006468007060981099 0)
(1.084798331974588 0.06447374812427421 8.404312594213339e-20)
(0.9696929746323784 -0.001752648867389166 3.116646446968396e-20)
(1.020689121193871 0.01709049053229629 -2.369967512729126e-20)
(1.003142722622809 0.001632500453195088 2.491532000869852e-20)
(1.040970284312494 -0.004847351468686106 0)
(0.6409424774323298 -0.003995967095156379 0)
(1.025865995689987 0.02451168965548906 -7.288082831195964e-20)
(1.079365488942664 0.001450257859953692 4.793384475511157e-20)
(1.015767575600932 0.002219019471185938 0)
(0.9802239858681978 -0.003082385967844815 -1.923890763777378e-21)
(0.8755353384662214 0.02488271813752954 -1.308443026007922e-20)
(1.013996328616173 0.002920590736081812 -1.022549650782939e-20)
(1.027505086795757 0.002050835712488849 1.784087495814883e-20)
(0.9798736553217187 0.001879720556087809 0)
(1.002812906609444 0.009342735722730972 3.493241694634863e-20)
(1.106473810797072 -0.003824836345310421 0)
(0.9257373571228451 -0.001266904679150718 -3.371260519451161e-20)
(0.9608166251078862 0.008315901073164239 0)
(0.9157416590706463 0.2115946630226049 5.20831902965313e-20)
(1.010842156349522 0.06696887868689866 0)
(0.9926591592020135 0.003726459110024839 -2.300721226266281e-20)
(1.054100455003146 -0.05371188162784194 -2.821016485549698e-20)
(0.9910644264181093 -0.0007906387582769822 3.426885794411819e-20)
(1.011995690161102 0.002782184092684424 0)
(0.9784468951316203 -0.0007165549806371261 -3.199108852149908e-20)
(1.169285482797468 0.09800734020382484 -3.34225310138528e-19)
(1.069124884005773 -0.264302113352801 0)
(0.9937395632288523 0.002024478146396192 -2.199069402120852e-20)
(0.9819687696509724 0.007814353980512551 5.036403330586883e-21)
(0.9615058566602762 0.00444061430671415 1.039287257082786e-21)
(0.7459633894169986 -0.001084906974274334 0)
(1.116707679520817 -0.08127089345357083 0)
(1.007280109994673 0.003342256365147634 -2.155093494418265e-20)
(0.8982912668586919 0.001240475481358575 -9.972853789417639e-21)
(0.8555129862401639 0.01910925223532658 4.920809109668971e-21)
(1.011897647755397 0.004185514091279837 0)
(0.9489501422131779 0.002961753548287912 1.529472357141176e-20)
(1.005752115858868 -0.0002560083283747051 -2.309122293065173e-20)
(1.020650367792054 0.001310212017141744 -2.57715261675004e-20)
(1.112018436106861 -0.003768887965799108 -4.91946947097154e-21)
(1.117095299633669 -0.0005185463367217127 0)
(1.013854453968063 -0.004968420722333063 0)
(1.022626963026678 0.003247097099147389 0)
(0.9477231491374801 0.00412855185835664 -2.175099655496484e-20)
(1.017875188874254 0.01339434794364488 5.337389859972888e-20)
(1.079160560908886 0.005633735672184126 -2.21142979475184e-20)
(1.038437414804997 0.001963069385945467 0)
(1.105857311882255 -0.006738415437811598 1.824035107219365e-21)
(0.9962098263545244 0.002390360791305817 -2.205057298917736e-20)
(0.9855843969814266 0.006667232225185669 0)
(1.012040070579116 0.002612650199495066 4.667522369897487e-20)
(1.36623876367079 -0.3141526778851157 -1.132268526558653e-18)
(1.122760395930069 -0.04472651202859691 -1.083722534068904e-19)
(0.9695864308854767 0.004483484231772584 4.85313953109268e-20)
(0.7810797525387926 0.01888936160967835 -3.192237423047638e-20)
(1.220369155452785 0.05270188332004698 0)
(1.222171589317519 -0.1366893041437601 -1.465961974543518e-19)
(1.078738596836276 0.006680503456771053 0)
(1.009042667602307 0.001800097799475539 2.222973686825661e-20)
(-0.1611409109455691 -0.0987594233416928 0)
(0.9939690971148392 -0.004655056255783379 0)
(1.012437361509501 -0.02317318426241194 4.534408600272156e-20)
(0.7061269085438026 -0.01943640574117098 0)
(1.096801073575743 -0.01493148669845231 2.166853786047962e-21)
(1.043432473837733 -0.009663915570057646 1.671371745200922e-20)
(0.6331126083424455 0.004163726058803448 0)
(1.448064189254341 -0.1221627474145022 0)
(0.9869096053633013 0.001538007170376 -1.085014262940477e-20)
(1.069741102546655 -0.01494944926216991 0)
(1.038074493631931 0.0004517798622619544 2.162521993582562e-20)
(1.085083431955196 0.003288250788946943 0)
(1.00864484311999 0.004620492521144538 -1.068395985721753e-21)
(1.006054791269637 0.002967546078811529 0)
(1.014494232338447 -0.01480403840625161 6.246303518688464e-22)
(1.003212697216071 -0.02057387296746843 0)
(1.033617395465853 0.005962348556012525 1.762052285808165e-20)
(-0.2009708177851597 0.04127672611912324 2.653085330277156e-19)
(0.8164362775227465 0.03249040430958314 5.34108704726178e-20)
(1.005676645061763 0.002090527709279279 0)
(1.13200532555653 0.02471204819975229 -1.253844994663966e-20)
(1.120209492999567 0.02002733133049207 8.758980203954758e-21)
(1.05412748142135 -0.01313310703506127 -1.277032822070025e-19)
(0.9987852360509322 0.01035260685439327 1.199693607872434e-21)
(1.079096247868854 0.006505173093316247 0)
(1.185130729236994 0.0526935579628564 0)
(0.8353835975183727 -0.07558052702724373 4.592202663482438e-19)
(1.101926688901123 -0.01108821341825871 0)
(1.032469602453611 0.007566374031228854 -7.410825559367866e-21)
(1.04267728463731 0.005208637363772113 6.120878232469924e-21)
(1.052672469370474 -0.06178634441598113 -7.491547914938097e-21)
(1.140174878247958 -0.001271267519911481 1.666555167179164e-19)
(1.08161985396219 -0.00741838698492924 0)
(0.9951097684482515 0.001262503688344505 0)
(0.9962140923906778 -0.02420337122436785 -2.257793423005851e-21)
(0.9911194814646394 0.002556247455562054 0)
(1.029629435824744 -0.03863427940096857 6.35911876234678e-20)
(1.294119875760496 -0.09320887999076977 0)
(1.047499785671958 -0.01516213004071212 -8.539702898133647e-22)
(0.9861538246045904 0.01692263351550604 -8.495745934936008e-20)
(1.034825537896536 0.040845675574025 -2.420914595911102e-21)
(-0.08998842154554856 0.158196733951262 -1.627696738846076e-19)
(-0.06326260094888048 -0.2957067892278393 -1.403245586260257e-19)
(0.8715375307603213 0.1318267114670189 0)
(0.2949787840297392 -0.009246684130396574 -3.179249447705198e-19)
(1.011267464332347 -0.01373081334517207 -1.61241562765473e-20)
(1.063893524319898 0.002622772856393995 -2.117861344353756e-20)
(0.9927497580173115 -0.0185534340161219 2.874983740741265e-20)
(1.021601205017834 -0.02801581645449988 2.494267437687952e-21)
(1.008552958489811 -0.03199116407686717 -6.530888699667003e-20)
(0.9887297363060797 0.004844327488785076 -3.468187125147486e-20)
(0.9931349427915304 0.004422908822796182 0)
(1.025163460347458 -0.00193562659026293 -3.587996575469316e-21)
(1.93710437591357 -0.1551865124167133 1.077746271204262e-18)
(1.049428407395555 -0.01016834758267576 0)
(0.995372762539212 0.007780458342793445 1.548136949347988e-20)
(1.0028076262457 -0.0001261905005308867 4.085244241712141e-20)
(1.169442271201542 0.1323773121730335 0)
(0.9999364479873322 -0.004344129330869747 1.774252688347159e-21)
(0.9491246776325545 -0.003351230283295972 0)
(1.037841893308723 0.04175404276085558 0)
(1.301377347344773 0.1655267494057369 2.296220625547875e-19)
(1.085932407122405 -0.01054041860644175 2.255932955806718e-20)
(1.018700451414863 0.03150612936054172 4.720463176398483e-20)
(1.085781398223213 -0.01091879519870491 -2.177219248102972e-20)
(1.048409725935794 -0.004401966602618572 -1.62736511839764e-21)
(-0.3840958309474558 -0.04223898993558395 0)
(0.9981973127317144 0.01440860650630956 0)
(0.109393250334109 0.05928701021567462 -8.492321052322231e-20)
(1.00661644047139 0.02285375000849135 -4.167451929594397e-20)
(0.9926951161497969 -0.002150318279777476 0)
(1.00061111666345 0.005877497075187827 -5.07490220601739e-21)
(1.081512093578848 -0.04219217439452923 0)
(0.9958229345335211 -0.01716813999235865 -7.686517236555156e-21)
(1.09112596441386 -0.05430142280943616 0)
(1.442834606955223 0.1794111183871625 0)
(1.054172106603448 -0.01192077127273306 0)
(0.9906574492448004 -0.0225198854758855 -3.86329764096576e-20)
(0.986762967657292 -0.04369513276342011 -2.221018386280706e-21)
(1.017866084400828 -0.01676180543053084 -1.689107286685403e-20)
(0.9975460019174621 0.01693360550488042 -5.678938221655792e-20)
(0.9950142373699437 0.010354658275149 -1.508763853626611e-20)
(0.9935693514456435 -0.02716489088934674 0)
(1.003198884138625 0.02534114909064156 1.972882664419402e-20)
(1.046685818183055 -0.04244803063285413 0)
(1.110895260220624 -0.03567283501238089 2.634540852581807e-19)
(0.9955304360863121 0.01736553831510711 4.685442433726817e-20)
(0.6151151756024316 -0.008667374305151273 0)
(1.135847775993443 0.1337456933861061 -5.280672535108483e-21)
(0.8559460130739147 -0.1049777578869685 0)
(1.138421922497685 0.0732631854131551 -2.681209217376316e-19)
(1.31584564507088 -0.3882749957618898 1.299398919436387e-19)
(1.07475744969864 0.06086950412139276 -1.324759216727535e-20)
(1.009421171091415 -0.03094237320868025 0)
(0.9557105757496773 -0.2154743230697513 0)
(0.4999960173439965 0.1411721882767956 0)
(1.0130490804737 0.00985356208760216 1.227989761101756e-21)
(0.6924336329696409 -0.02595265883702366 0)
(0.9987015754518167 0.01832376904312867 3.587627766189343e-20)
(1.02177529029876 -0.003963004641396941 -2.783262635553335e-20)
(1.079131923732357 -0.008089559186541277 2.810559298871434e-21)
(1.038603385342932 -0.007724987959023048 3.388906294964811e-20)
(1.042479141995961 0.01113566740970803 0)
(1.061158083171905 0.02993223947539032 -1.002986031052009e-20)
(1.05047701076883 0.03443520547531567 -1.83308272814199e-20)
(0.9825364403571759 -0.02211531307773042 0)
(0.6249443572579737 0.005125900317858123 9.182822611528214e-20)
(0.8941656930924706 -0.005870312039385863 -8.857923239736936e-20)
(0.9093712922047781 0.005337736798911191 1.442290621718609e-20)
(0.6295547014772914 -0.006381528352267347 1.404773289354818e-20)
(0.9782583654986358 0.0009771601856017028 2.633499053728002e-20)
(1.004461545708633 -0.01754358637786822 -3.599099746291448e-20)
(0.9684450808200532 -0.02011131600209055 -3.642299545741217e-20)
(1.085489326779458 0.00151586852238127 0)
(1.019621251561919 0.004325219671289265 1.051069715926411e-20)
(1.132756146483319 0.04888040827133313 1.297523783943541e-19)
(1.033943899429249 0.04078409613546502 0)
(1.022188125001843 0.002566213178491608 0)
(1.584401788890844 -0.1665832989190417 4.420387039465856e-19)
(1.043195336926525 -0.0372913125046019 0)
(1.018328212217945 0.006446863049712103 -3.787408833983354e-20)
(1.08846703460607 -0.002808149761496632 0)
(0.4793439177927996 -0.03559461136304891 0)
(-0.02940371166826905 0.01846954675482963 0)
(0.9901730002461516 -0.02426398495766668 1.211996903166641e-20)
(1.301057432982923 -0.09496498171975203 3.767491379380776e-19)
(1.035894690587504 0.03778311015809865 0)
(1.022348220313705 0.003302991388691484 -2.258978334468598e-20)
(0.9622132337872233 -0.1640769118033154 3.263254472115118e-21)
(1.25285647526814 0.07827868352446454 0)
(0.5977857574067924 0.7304472256864666 0)
(1.311836733851184 0.1522674304757246 1.122798907697581e-19)
(1.678001964912319 -0.02433318362412358 0)
(1.058395337687971 0.1078536355443216 0)
(0.7137310146366971 -0.017211900877734 2.606638079638026e-21)
(1.053011228346482 0.04601819929188726 0)
(0.7233938604671466 0.1079598597125982 1.160049891686339e-19)
(0.9967747251312895 -0.01650758741021195 3.56942720439516e-19)
(1.033470266738468 -0.04150165705139911 2.729199111361147e-20)
(-0.377824867689049 -0.003864541004656556 0)
(1.071694140394904 -0.01640304213435907 0)
(1.095378572892314 -0.009413083877291393 0)
(0.64840109153433 -0.5030011456039465 -2.475478322126211e-19)
(0.9916557321957437 -0.001398780792824331 0)
(1.091964298257458 -0.02148284439713978 3.888491134795779e-22)
(1.187892741002831 0.1215282041823494 -1.985928448857689e-19)
(1.088779966413251 -0.04260268942274453 0)
(1.005349604545798 -0.02140022949629732 0)
(0.8120897525856527 -0.1834500864910561 -1.718174046329935e-19)
(0.8946823594774298 -0.1298891991846075 1.563199888192121e-19)
(1.027346626482929 0.01199740589222504 -2.266018906768966e-20)
(1.02311141770586 -0.009131293713798425 -4.618088671477504e-20)
(0.8747000085612447 0.01151666356558854 -2.182202357742005e-22)
(1.505658415391848 -0.1929376706910959 0)
(1.302237601395512 0.1212830097907856 3.175551865402274e-20)
(1.24568644515979 -0.07524571978234258 -3.023874340228618e-21)
(1.095800490380899 -0.01849927006857588 -3.826133522296331e-20)
(1.04197004998986 -0.01189924449335002 2.415399729904747e-20)
(1.092825376450532 -0.039120131117812 9.055760822126004e-20)
(1.032112946289727 0.01969865600328083 0)
(1.044259039726924 -0.0347925900939699 0)
(1.115911355275058 -0.00899437536057612 0)
(1.087553621794471 -0.02849067706162876 0)
(0.9978877462378479 0.01113193891906019 0)
(1.1482923626418 0.07681020018396682 9.502579445263486e-20)
(1.341188591562338 -0.1486665799800747 0)
(1.037518796265851 -0.02139321274184175 -1.828260700336186e-22)
(1.053120375115898 0.05101861798619951 0)
(1.010088080381178 0.01472141548133636 -3.98905627160209e-20)
(1.033835910785136 -0.007896045093330153 9.046702706562873e-21)
(1.088954473588536 0.0133850519874907 -3.273401546679289e-20)
(1.085284324121053 -0.02917449931129642 0)
(1.074827515320737 1.616612059217391e-05 0)
(1.108283370768655 0.09490309574408688 -1.42856633866219e-18)
(0.9354300382967101 -0.1497074267626438 -7.064005857306073e-20)
(1.169941082641258 0.1058834761848295 1.104014476258715e-19)
(-0.4839170511722526 0.01182130798066191 -2.922404716898423e-19)
(1.019177879867041 0.02861730009886743 -8.902847444197505e-20)
(1.004191590229023 -0.00176954586653596 0)
(-0.2968114220019092 0.03827107110655587 3.558186073775656e-19)
(-0.05233733045109847 0.3102773210905254 7.666257688439474e-21)
(0.995229655801898 -0.006291960183361638 9.864345415426031e-20)
(0.1911976961771173 -0.03942268811692114 1.440526301465066e-19)
(1.094745194726523 0.08098931708894677 1.506640858523189e-20)
(0.0941079736817801 -0.1094907015614941 -5.5046757749586e-20)
(1.107942345315702 0.003042964185336594 0)
(1.103912364634236 0.2591899810642395 0)
(1.021796603815306 0.02182070789588679 -1.743185857876683e-20)
(1.07454773576333 0.05511367772752401 0)
(1.026302824217985 0.02692562171499181 -9.64453851693262e-21)
(1.263281166962896 -0.5487724731935251 8.057158170758874e-19)
(-0.102670292134649 -0.1960545893814747 2.217755728417368e-19)
(1.2964036764829 0.1183503094871405 -6.353109828114072e-19)
(1.122649076288105 -0.002680421060240076 0)
(1.129101416005813 0.09466088828639559 0)
(0.5293103218883495 0.08354683841125438 2.571569319614803e-19)
(1.023463803592733 -0.02099066362681619 9.275514345899682e-20)
(1.005851838439728 -0.02401240814627782 0)
(1.211282269899914 0.2711231476929071 -9.522769451934046e-20)
(1.259000781599903 0.1400885067273244 -1.612524566463358e-19)
(1.026639168569637 0.00296580838453623 1.524965977211163e-20)
(1.301147049463521 -0.08448889543701353 -5.02914806681212e-19)
(0.2929302353103241 -0.01345747630907219 2.591213183096423e-19)
(0.8258151685539601 -0.1449391034217662 6.635731385360293e-19)
(1.053203789424247 0.05745070107509719 1.049602936144895e-19)
(1.040834890625945 -0.006681475234020376 1.707853488374769e-21)
(1.001492210551738 0.02000628579394434 3.00715260493113e-20)
(1.066501088677797 -0.03682580465260113 0)
(1.034719191717229 -0.03848582343716959 -1.551344354059755e-19)
(1.019165106752553 0.03417876877500403 -4.812720603668591e-20)
(-0.04477352064866015 0.05417052248013109 -5.089638920803252e-19)
(1.010975779811693 -0.05833577478639721 0)
(0.908099860344908 0.02036722315146889 0)
(1.088956380961807 -0.004159603748067503 0)
(1.371603489595509 0.2624774906308953 3.831819478542593e-19)
(1.701748658825246 0.1057296330609355 1.34532032778513e-18)
(1.404025606266851 0.1575249481525228 0)
(1.033492171498209 0.02719816843976575 1.195160420388816e-20)
(0.3571718052993295 0.03772647564078966 3.600873553597484e-19)
(1.125899543037447 0.009133007347663716 0)
(1.090968594950653 -0.01009053076673309 3.095603087127342e-21)
(1.088437974407154 -0.02089403843547065 1.899309353107897e-22)
(1.135062432963495 0.09402882535547008 0)
(1.299821277128735 0.05820134119236972 0)
(1.039735640948481 0.0008850037721876625 1.153209060261796e-20)
(-0.1485479340092982 -0.1254655077310639 -4.197526551294246e-19)
(1.334943903076028 -0.1470357030686136 -2.173547955895607e-19)
(1.067784485917439 -0.007454199118444521 0)
(1.013873472157937 0.01488763277693949 3.154750355592933e-20)
(1.150450772607486 -0.1080169261007443 0)
(1.016343551355526 -0.01807278944079637 -1.108040016346824e-19)
(1.030753028107838 0.008071075188862813 0)
(1.5135274688933 0.09070726487600639 -2.882251899432255e-19)
(-0.003528167470030151 0.08799921087302814 8.041447201459156e-19)
(1.095820641703028 0.04992509321258233 2.170479904894396e-20)
(1.092411127213202 0.07890890298068813 2.039312908867907e-19)
(1.009496896432216 0.008609166324688836 -6.292703130460731e-21)
(0.0118123466556882 -0.1118685893057487 -5.408036452541576e-20)
(0.02892754727099789 0.1194608197137731 3.406615220451499e-19)
(1.222849445081678 0.1302533444365422 -1.499068234274318e-19)
(1.109529126781427 0.07995135403614712 0)
(1.087900711308327 0.02547952420926926 1.704457634049253e-19)
(1.007068198378635 0.02208405929873675 1.655558345454565e-19)
(1.029725401395418 0.0009131656685102875 -3.694862465697447e-20)
(1.203427977001171 0.1351929940617546 2.393854330543202e-19)
(1.399331097397546 -0.1258206716392181 -2.019767341508788e-19)
(1.065835072425391 0.05019631816008936 -6.977307456781077e-20)
(0.9933416456781764 0.006546924906532474 0)
(1.090709056875166 0.06759380374186104 0)
(0.980820319604833 0.00742073616434367 0)
(0.9953585892245104 0.005387750919540521 2.421279563274409e-20)
(0.4857614272097985 -0.0666443710655425 0)
(0.9901684322838846 0.006277475553247842 -3.433838545558068e-22)
(1.287717114628556 0.08107034724431843 0)
(1.009385476653588 0.004948470498652545 2.16310397221112e-20)
(0.8210156663705411 -0.1251282033779367 4.9976316061167e-20)
(1.098062543995757 -0.008093266582535877 -8.137716384796355e-21)
(0.9397181089676886 0.01665220904910563 -1.762750169098149e-20)
(1.437175017386064 -0.2789541205424713 -5.182501032684243e-19)
(1.130662305452784 -0.08989900614733842 4.647481427262497e-19)
(1.088826152478527 -0.02514598507222245 0)
(1.934157417039682 -0.4705319753444437 0)
(1.625526340753987 0.1918967818527786 0)
(0.9888220374791901 0.004244802595042636 -9.080579877236294e-21)
(0.8591962553033621 0.7742087601523072 2.392057163737595e-19)
(-0.02342112221266903 0.2097862117694541 5.082718719864037e-19)
(1.040898961584969 0.004714162467548725 0)
(-0.2014099538007953 -0.1154806072276884 2.257618071557143e-19)
(0.982616089379065 -0.002903763273221781 4.055008472376606e-20)
(1.18069884975922 0.1619274121137436 -1.597012611591274e-20)
(1.044536374556821 -0.02210293879054641 5.724756155081877e-20)
(1.062271353223663 -0.1453772557848788 1.412246753470639e-19)
(1.130435999004984 0.002507967919270296 4.344379203082287e-21)
(1.108314883537306 -0.005657042483980313 0)
(1.309600712104643 0.5302929537295119 -6.006186574382761e-19)
(1.027949588721904 0.002704461877903215 -2.136658326554068e-20)
(-0.3321596047843362 -0.01804870893343495 -1.935108331781809e-19)
(0.67959932481626 0.01845813241734872 0)
(1.087362392042673 -0.6980214263592409 -4.843429034118253e-20)
(1.311375138490833 0.08604615183055608 -1.096754777532631e-18)
(1.114701399016866 -0.1081117439198783 0)
(1.087417656740279 0.2792968420174562 0)
(0.9724366481105309 0.002970570768988326 -6.148915156712376e-19)
(1.064881881061325 0.003269495722928194 -3.965774526005904e-21)
(0.9246900682946348 -0.01212630296435182 0)
(1.090602016095168 0.03090250725209685 -1.750522824412944e-20)
(1.371345148460292 0.2201337273404829 -1.928249008488427e-19)
(0.7324388939428789 0.09785126969600756 -1.053369376249887e-18)
(1.078650393059656 -0.0007105646230196211 0)
(1.265784368635672 -0.05717326000252579 6.92479852964996e-20)
(1.004870663139092 0.0002344270309286236 0)
(0.8489705832142304 -0.7749015559060148 -3.073291004338569e-22)
(1.081862242077746 -0.0519209721500216 -1.123529425393862e-19)
(0.8761800563381386 0.3252606546078132 2.944483567942362e-19)
(0.8215337699679272 -0.1916656706874503 0)
(1.030805995941847 -0.03622783623975954 0)
(1.054563226252307 -0.02904909188538924 0)
(1.002772841954384 -0.001620992558948229 0)
(0.981261564553921 0.006255784381887711 0)
(1.338427756050885 -0.2326438349312232 0)
(-0.09851138967870812 0.1298645929983801 2.439575033840061e-19)
(-0.06139215401828932 0.06741224902237283 -4.032971455228499e-20)
(0.2594809397109678 -0.1136500312943341 -4.412547231189124e-19)
(1.519983605300844 -0.4381837366442785 0)
(1.034209585712603 -0.01691232874440116 0)
(1.771924926698229 -0.758199859844284 -2.356119382276814e-19)
(1.13609700114658 0.0125218468311556 7.900984286694311e-21)
(1.326469733550795 -0.08773477405003312 2.760052387159413e-19)
(1.10782554086929 0.7091335777808617 1.499002651605973e-20)
(0.3388913546949604 0.5942376391118276 -2.216330217448391e-19)
(0.676160062389547 0.4594787661104476 -4.789983870555443e-19)
(1.06019036946804 -0.1521161737858521 -2.453336211486277e-20)
(1.225982301127116 -0.3596381618001825 0)
(-0.1144554039628406 0.2148324264123225 -6.938977064675204e-19)
(1.046607822509412 0.02273362444145642 0)
(1.116232709446502 0.03831869360688039 -1.46946728341218e-19)
(0.8148543147517306 0.8975155857451808 0)
(1.076595596437949 0.04143070765631311 6.391223877309539e-21)
(0.2893293455555108 -0.05558301365170162 0)
(1.119364953587025 0.03650659223706829 2.254566054851785e-20)
(1.369786402166129 0.3245950885716632 -5.533293667786486e-19)
(1.075145624796505 -0.01241742802116526 -1.619365469522385e-19)
(1.470284969108838 0.160679698975197 -2.506317101482022e-19)
(1.331429975263886 0.4190908564985847 0)
(1.167318295028648 -0.2613383149330918 0)
(1.309499135873766 -0.1315853572791512 -1.199762378579087e-19)
(1.066837607967516 0.01622172669269708 -3.305870927527205e-20)
(1.060656032707745 -0.01201915726667553 0)
(0.7501609973604799 0.1517219844092425 -1.250030332770579e-19)
(0.7740090378839378 -0.5761189656853313 -5.663222941495978e-20)
(0.6666790469977619 0.2041490593009816 9.610281481336408e-19)
(0.9866795267351953 0.1318851783764946 3.530208092392787e-19)
(-0.003906660628107698 0.09501543937390305 0)
(0.5863344196433484 0.0376297893073875 -6.868121762516462e-19)
(1.058789766417549 -0.04056135373115334 -1.859493865479788e-21)
(0.6836517994185709 -0.1060835509275532 -2.666207178327744e-19)
(-0.00634270144889308 0.2481928906551411 -2.844803364966615e-19)
(1.183786172353839 -0.07708884207749377 0)
(0.4131291734390237 0.02168679049326965 0)
(0.1608253039488306 0.3732058331427757 0)
(1.438952166959194 -0.2561633469871598 0)
(0.2340009262032172 -0.3570185951768191 -6.4076704667744e-19)
(1.597167379078883 0.04117110934805543 -3.939787634147399e-19)
(1.025727711140737 -0.2017052211855995 0)
(0.6870713045405336 0.03060768364855571 2.630322580434315e-19)
(1.024956490981617 -0.01116831386014167 3.43865413457491e-20)
(1.1378944967486 0.2361786769565785 0)
(1.728142161664379 -0.1094136111092939 0)
(0.5807877070767475 -0.7363391690916594 -6.837976936599306e-20)
(1.276550053192229 -0.105985798463015 -9.923733633207347e-20)
(1.408419035874481 -0.08132952099456078 -4.224357288009506e-19)
(1.484057131605265 -0.06215894936906372 3.592224905480751e-19)
(0.09605990393396943 0.1013827842323947 0)
(-0.1773524875206433 0.1081122407708618 2.644830489726912e-19)
(1.038549819052365 -0.06355366114882917 -4.038408674019222e-21)
(1.120389824061299 -0.1401994818907992 0)
(0.6406461425465915 -0.3556978019291364 5.198391587390688e-19)
(1.049185910005917 -0.06333392969806385 1.515257487626666e-20)
(0.8601295813339629 -0.1417292689302008 0)
(1.320323975636531 -0.127057458110518 -9.37293218647745e-21)
(1.117566243945969 0.07708392661576295 -4.37782393736303e-20)
(1.090942696893727 -0.005092071855617632 0)
(1.12752542414845 0.5706398235180763 -1.099973261403299e-19)
(0.3420173183819504 -0.5984228537693816 0)
(1.060753083892283 -0.003530140977193353 2.853558321403011e-20)
(1.097514450162996 -0.005341860347947417 2.598036356540733e-19)
(0.0750298876354417 0.1894163142692171 -1.564300412043244e-19)
(1.181117185810081 1.002504927850646 -2.230164087805025e-19)
(1.368854027644344 -0.1367165393490404 -8.962823042750266e-20)
(0.9044500683372206 0.1047078758818422 4.442368719883916e-20)
(0.9979400494199113 0.00383509296089549 1.095563553571671e-20)
(1.060858559806926 -0.154470307396159 1.78746645531369e-20)
(1.508016137842863 -0.948378799307556 -5.256199760423135e-19)
(1.533054621653483 0.9508041486720469 2.357948869799956e-20)
(1.43271404036765 0.2296486175696293 3.514853928136204e-19)
(1.028558716596979 -0.007774589938863988 2.01798961125531e-19)
(1.035490482248195 -0.03312892858734805 1.695170683150107e-19)
(0.9928336330296206 0.02259736642867138 -1.980291276077363e-20)
(1.05777963481765 0.03856510999040724 -1.418744355418925e-19)
(1.079132621822383 -0.06526343558914882 3.042711472641259e-20)
(1.43627763925672 -0.1302114909519071 3.320349168112385e-19)
(1.81965334733181 0.748969601955632 1.871634968241117e-19)
(1.037288751463225 0.03369560364513988 1.118630066812104e-20)
(1.07207371743322 0.01397186511841552 -1.034176417631874e-19)
(1.986368844645806 0.4784590479574877 5.334050519750078e-19)
(1.927540718671649 0.1613615412036616 9.26377151367771e-19)
(1.081379675704437 0.6390840459859578 -9.592399876930967e-20)
(1.109390103960558 0.171822599842934 0)
(1.044113232872079 0.02307417415112915 0)
(0.5106202844977688 0.4397007685836972 1.167885025001034e-18)
(1.375968475714126 -0.2979892539338297 1.899006388283105e-19)
(1.194825375153402 -0.1576425672008675 0)
(1.633099743317626 0.2365072322035599 -6.140190689724589e-20)
(0.7977495901580355 -0.1428317723727656 -1.172858167456447e-19)
(1.32724869797134 -0.2085127664352255 -9.154667444856613e-20)
(1.249895386593755 0.3902160497186484 1.417764361711195e-19)
(0.4926932141046522 0.1965754407643038 -5.614279030997424e-19)
(1.687750051740526 -0.01880157873934879 3.263319024345554e-20)
(0.8559857537855681 -0.5444141082114594 2.195444962393494e-19)
(0.9998122583450252 0.02370836258145905 0)
(1.617711131221296 -0.1838191659267808 -3.050354400306784e-19)
(1.090044304769455 0.1006775495302008 0)
(1.339216714588155 0.5814376429218373 0)
(0.9423833377751354 -0.4136044133528446 -2.796710793379976e-20)
(1.249431407286212 -0.02492379669583263 0)
(1.038417448460746 -0.004013837310468601 -1.218873221437648e-19)
(0.7387659733836494 0.118510074896615 3.205298563001954e-19)
(1.323909456507287 -0.5811824145053532 -5.626885688087808e-19)
(1.051825067008959 -0.6327446047028279 1.193326480193507e-20)
(0.3511841453009336 -0.3767568426953374 -8.730461725333807e-20)
(1.007239536192333 -0.09602213556650051 0)
(0.4458085837149529 0.3030588355182373 1.684507733924736e-18)
(0.2938557856405713 0.06227837694427051 0)
(1.311920357173592 -0.128589953116133 7.996404740373615e-20)
(1.578376211871046 0.1937754302778989 0)
(1.166677006054182 0.4473691227639353 1.316706046029381e-19)
(1.053085913985393 0.1530055718166572 -6.908105687447296e-20)
(1.031753921389585 0.00444091634284748 -1.948920365058594e-19)
(0.9568175640122819 0.4097397041701054 0)
(1.162266294915618 -1.010139715378891 5.864241148380091e-20)
(0.8912120478024914 0.009364184488359501 0)
(1.069050197426604 0.3794138515953716 0)
(1.062898338572488 0.03554494207302682 -5.156084937647479e-21)
(1.473175814504035 -0.2987209751120222 0)
(1.243831660734808 -0.1844263676937962 -3.005854911885832e-19)
(0.0423514894501982 0.004963732400318496 -1.705253878288362e-19)
(0.2398775630118982 0.01988500000917127 8.858006284182333e-19)
(0.9811516279202629 -0.09906174394650637 0)
(0.4723260545127645 0.6487405986617116 -2.549936981098321e-19)
(0.9174985974925428 0.02977519095519757 0)
(1.537752075553803 0.4153950607411772 5.453389188547324e-19)
(0.4892182702252447 0.1752512028269915 -6.148641451858188e-19)
(0.01170538584611442 0.2134446508088006 0)
(-0.4219242072435385 -0.03098712597278628 0)
(1.032414970923672 -0.0002411443359972249 1.228877034626088e-20)
(1.65906895234843 -0.2257371022018777 -1.110469821155733e-18)
(1.109520644625432 -0.5629029630081567 2.407695737815344e-19)
(0.7816920731387429 0.3336569027434828 -8.781283736425822e-19)
(0.9229657190964885 0.1548965181996308 1.448611955314516e-19)
(1.044393843640759 -0.003786832567854938 0)
(-0.2920262980931682 -0.1266974786330287 4.222293457327852e-19)
(1.033351393459902 0.04661744506953074 0)
(1.191231433335434 -0.2329392104925877 0)
(1.560729259441969 -0.1855765171997951 5.016030520854609e-19)
(1.122117347700148 0.07280417193742661 -7.482486409215768e-20)
(1.064808400208056 -0.1307549831834713 7.382920145169689e-20)
(-0.005718896991589067 0.07370472768257648 3.349384729808728e-19)
(-0.06932483119785282 -0.1436219076603883 2.256046054129431e-19)
(1.080143160146257 0.2203900622646334 0)
(1.095476368312306 0.05719457133271806 2.141773137086849e-19)
(1.496808185840871 0.29109782775362 -3.718208955623139e-19)
(1.323214347760142 -0.4872620136535133 2.38467297221579e-19)
(1.153750784980345 -0.1533249685554139 0)
(1.120988456939028 0.1506258437746909 0)
(0.5264888053322997 -0.6889034545687277 4.12953025842342e-19)
(1.313806014733703 -0.03736106940763168 -2.915469765887249e-19)
(1.016267514486263 0.1136431032304221 2.637842537244358e-19)
(0.3132828282056063 0.3573957656523781 -8.91456048422241e-19)
(1.037177281500276 0.1165636304107538 -4.351812088179679e-19)
(1.03726413622378 -0.3961211799364577 -4.521596229940275e-20)
(1.459743205345043 0.1096159317896299 -6.445399124971996e-19)
(0.7796915940192208 -0.8844784516528592 0)
(1.05668347593908 -0.03065620896781301 0)
(1.124558414057614 0.1760861932785813 0)
(1.616021965869733 -0.03892708934628997 0)
(0.8146825576597498 0.5938555204419516 -2.077605597129357e-20)
(1.492673559226856 -0.357014938301881 4.584654288925621e-19)
(1.540554809444725 0.1476612214869544 0)
(1.136289229503387 -0.458985235533121 -1.682229124164539e-19)
(1.460745012988687 0.3439753300136725 -3.516678782301589e-19)
(1.010661520380657 0.0277953266445792 0)
(0.2035274351893802 0.01386813940260742 -2.332275513771807e-19)
(1.336132927218138 0.5104519072598945 0)
(0.9762786202735669 0.008870824418741876 -4.069773915809458e-20)
(0.7634315536497884 -0.3012399587660487 -2.05988293511877e-19)
(0.5086210552276607 -0.08219411479748609 7.878575606585909e-19)
(0.2221973650121405 0.08853135391413067 3.408793746228811e-19)
(1.062124413401576 -0.1386013512839969 0)
(0.05786621322980016 -0.02196172813997731 0)
(0.3454000495161469 0.04040597743369324 -3.020953834245255e-19)
(1.006647223838548 0.01729471071626311 0)
(1.453057357081165 -0.006185102300977012 0)
(1.008335441397998 0.02867020395393766 0)
(0.4684603158202953 -0.2740079384817198 -1.005470756482626e-18)
(1.048875585980918 0.08848418494331288 0)
(1.523722785114771 0.04261014098460542 0)
(0.233543056753831 0.1378889390439156 5.587858086417676e-19)
(0.8798860275655136 -0.3225759321310359 0)
(1.366166900824901 0.05391183420679417 2.657683983825971e-19)
(1.237722865416959 0.2050081085904471 2.024860946973422e-20)
(0.8980364160410474 0.5537595077127573 1.574715781608631e-20)
(1.033578335960167 0.09898548969006127 5.147806291886402e-20)
(1.032352264107802 -0.1491338680359389 0)
(1.367486064591882 -0.02107151999031868 0)
(1.29636163771323 -0.1199033467468705 0)
(0.6245154127732662 -0.04043942791415144 -1.3633998476032e-19)
)
;

boundaryField
{
    FrontBack
    {
        type            empty;
    }
    Top
    {
        type            noSlip;
    }
    In
    {
        type            fixedValue;
        value           uniform (1 0 0);
    }
    Bottom
    {
        type            noSlip;
    }
    Out
    {
        type            zeroGradient;
    }
    circle
    {
        type            noSlip;
    }
}


// ************************************************************************* //
