/*--------------------------------*- C++ -*----------------------------------*\
| =========                 |                                                 |
| \\      /  F ield         | OpenFOAM: The Open Source CFD Toolbox           |
|  \\    /   O peration     | Version:  2412                                  |
|   \\  /    A nd           | Website:  www.openfoam.com                      |
|    \\/     M anipulation  |                                                 |
\*---------------------------------------------------------------------------*/
FoamFile
{
    version     2.0;
    format      ascii;
    arch        "LSB;label=32;scalar=64";
    class       volVectorField;
    location    "959.5";
    object      U;
}
// * * * * * * * * * * * * * * * * * * * * * * * * * * * * * * * * * * * * * //

dimensions      [0 1 -1 0 0 0 0];

internalField   nonuniform List<vector> 
808
(
(0.7562749269847822 -0.01751874732045157 0)
(1.031519112643099 -0.01258127436100975 0)
(1.111830395892179 -0.003556247695238665 -1.721446839069494e-20)
(1.08512797964159 0.01257802976526214 0)
(1.361615208240227 0.01265815459472562 -3.810677041542782e-19)
(1.038736509639463 -0.00943430048562334 -7.320424604326756e-20)
(1.01456252032144 -0.02078150242339014 -2.436345274500071e-20)
(1.079206799708192 -0.005092258564173991 9.032197449018373e-21)
(1.253328767418341 -0.02188068858172772 6.250764920555797e-20)
(1.085298679681168 0.0092022133802388 0)
(1.00751162000896 -0.01059591219742863 0)
(1.304403338492062 -0.054707815077328 -3.455127271906101e-19)
(1.086420278623739 -0.001915745196566515 2.04278139382731e-20)
(0.6751910512825974 0.006359611775583135 0)
(1.275088402421859 -0.1205291456845179 0)
(1.0818431208434 -0.0004401107163185635 -3.865349073506192e-20)
(1.224259882870645 -0.1486121764640789 -9.558011605852597e-20)
(1.074274173420467 -0.0003854054458878709 3.204290335996919e-20)
(0.9887122890530387 0.004398937306763454 0)
(1.026779549517913 0.009568563603845896 0)
(1.033329709525709 -0.01453977185708105 0)
(0.9875950387700315 0.04533169894937632 0)
(1.051057395802349 -0.006099604828003306 5.817398713722473e-20)
(1.053840008335629 0.008636634766280491 0)
(0.9336160584717117 0.199185309353847 4.564767173055068e-19)
(1.161041778258 -0.08794043015465365 0)
(1.185122944118686 -0.02005984850747905 1.536869102420648e-19)
(1.077210174557415 0.00968091613485786 5.236900562188453e-20)
(1.083722888980994 0.002007861272029823 5.123777309801645e-21)
(1.071783181283047 0.03093236127341285 0)
(1.075274386938272 0.00273177855422992 -1.183861395803355e-20)
(1.033368315742622 0.00660385737120571 -1.870542988154884e-19)
(1.060074126567817 0.01450165025828565 -2.353354916613643e-20)
(1.088726920735894 0.005603203103211697 -2.938175761333183e-20)
(1.121700856522785 0.03723910876505521 0)
(0.7548613555394432 -0.1210635264110797 -4.551255537075674e-19)
(0.9547220288508843 -0.005786558586256343 0)
(1.068776720451241 0.02225038915348758 0)
(1.068803746296045 0.007210496718338801 0)
(1.073794481747268 0.008666331989927107 -2.818403552207509e-20)
(1.093323063906379 0.02338262874067096 1.076615658836163e-19)
(1.150562786181065 0.002097455923121219 2.11037192893774e-19)
(1.095746118767955 -0.002297925357979951 0)
(1.015166075315351 -0.009388422816471112 0)
(1.128492666495785 -0.093517827475552 -1.634141013754529e-19)
(1.044065226664555 -0.01172986397507242 -8.39030509632189e-20)
(1.058182829033732 0.02666344180219477 -2.68268900077124e-20)
(1.229826113441411 -0.1126416339557008 -5.557711585299746e-20)
(1.067493188594326 0.01203795670273106 -4.067974750824802e-20)
(1.257142204301678 0.01477650801589657 0)
(0.9971874542789051 -0.01907183882471349 2.205608839032861e-21)
(1.04474137957676 -0.002352505927118184 0)
(1.087398509075494 -0.002176997945826434 0)
(0.9986445057828858 0.007943490625786908 -1.895886182116355e-20)
(1.251806748670386 0.03257587210865481 -2.394277079935833e-19)
(1.063447329454543 0.01814742016793272 5.868374966057856e-20)
(0.9899571491764555 0.01150929082700487 0)
(1.014876270040624 -0.007155546122834939 2.540834310821169e-20)
(1.107436238616672 -0.001477715795927697 -1.152525725736232e-19)
(1.061287545354332 0.03127714046332863 0)
(-0.08302019253151388 -0.01384762630559487 7.763254576802611e-20)
(1.154112313934416 -0.05248079991799268 -1.842839772901747e-19)
(1.003816903769045 -0.005876996617464576 -2.790740526782876e-20)
(1.188110693485258 0.06570797861863273 -1.201626527655335e-19)
(0.9970279955721663 -0.01000957996543841 3.095402908688229e-20)
(1.084103189774336 -0.005458991895166936 0)
(1.248424386863598 0.09181712261470776 0)
(0.6960743781407128 0.003159808681193153 -7.427069722086442e-20)
(0.9883181601277049 -0.01522129836769063 -3.224600190141571e-20)
(1.457363616157268 -0.02015880963948453 4.38919480249431e-19)
(1.060575086058368 0.007600106340271901 -6.528962064103156e-20)
(1.365711591790984 0.09268772170542643 2.834589692217472e-19)
(1.054878249377252 0.006779427181100893 -1.942136840660309e-22)
(1.080927748918461 -0.01403111404737052 -2.461539699180443e-22)
(1.163229190490368 -0.2355031031812752 0)
(1.022297234880324 -0.0151090304453364 0)
(1.017455131333503 0.0180903364831625 -2.988365182464219e-20)
(1.38871515945301 0.3490081432993414 4.236027181912266e-19)
(1.097440536583501 -0.04239356330334188 9.587247880153789e-20)
(1.046623822979999 0.2107668440160671 2.403042364495587e-19)
(1.122624802268233 -0.06158007052421181 1.181140188542408e-19)
(0.9219945378036668 0.005186575389111717 0)
(0.9753617128740741 0.0185426549477678 0)
(1.003984807784345 -0.04846930012507428 3.187083369314375e-21)
(1.010077717041749 -0.01377331306266327 7.799121669735895e-21)
(1.030781933229468 0.02675006554080707 1.349828865460694e-20)
(1.526207231120154 0.03348295642230659 3.209176402703128e-19)
(1.290956129615541 0.06991722253791711 5.642994544603156e-19)
(1.072544391708353 0.003062766716382472 -8.798298264454848e-20)
(1.194052660008441 -0.09693039522207736 0)
(1.033920510512992 0.001727793145320519 1.285953962070382e-19)
(1.164954108635593 0.02031117403900959 -3.119116175833339e-19)
(1.001514777230885 0.03254607554461607 0)
(0.9996283048154025 0.001993191415051354 0)
(1.044226897707875 -0.0001322667434329464 8.017787586632834e-20)
(1.218353785499805 0.1049936079196531 4.048650731930223e-19)
(1.011153033191032 0.00696028185113633 0)
(1.088863822803779 -0.06824984832235441 -1.06803061972261e-19)
(1.151318152485432 0.03558969230265858 0)
(1.215899074339283 0.08997165679508132 -1.896637207185386e-19)
(1.108318088545167 -0.02889516556036614 -7.81896592163654e-20)
(1.027662021227571 0.01190921291292591 0)
(1.085232984036467 -0.004596632261899186 0)
(1.019665036054983 0.02644718667548803 7.825261994489955e-20)
(1.074313542596585 0.05641692898152057 -9.458332488572869e-21)
(1.103689767299034 -0.004252172597586153 6.446946983328286e-20)
(1.105406912783391 -0.09207561995276321 1.506827723959418e-19)
(0.9631965535044001 0.0008739341167282276 0)
(1.066100681043676 0.03134470405617135 3.681948842099498e-20)
(1.167858912766625 -0.07690177348000107 2.252197631368704e-19)
(1.052857531025691 0.04719514456213637 -2.846097490792631e-20)
(1.023019324186331 0.06808380888570213 3.639597558235467e-20)
(1.090279286848253 0.02613495802356115 0)
(1.016791257750071 0.01387194915438251 0)
(1.028976542501689 0.009363534373292955 7.843227125407313e-20)
(0.9485322724939161 -0.03224236893131101 0)
(1.053001141031959 -0.00543079016850199 -7.381642866998533e-21)
(1.340198880749139 0.05549195458091501 -1.538620425080535e-19)
(1.07964918081043 -0.01319540880326274 2.659790303547318e-20)
(0.7440967115464759 -0.001742679881462916 0)
(0.5812160068393237 0.1849399678327827 -1.127691298488245e-19)
(0.7060415149433175 -0.002478181323490956 0)
(0.6988725932603292 0.01464483199418076 0)
(1.077767940150668 0.003577503511065059 -6.437140725619346e-22)
(0.9906514110780809 0.01445759569219662 0)
(1.280408479642645 0.1219582454451077 2.555710647006305e-19)
(1.012221573154686 -0.02791879513833001 -7.354655494059804e-21)
(1.042861360234192 0.01629110028113987 1.423548340835862e-21)
(1.058563621076195 -0.01224957805807461 0)
(1.126483006801346 -0.009173072473952895 -5.138685309706963e-20)
(1.269774763713534 0.1251801864988699 -2.230022865219939e-19)
(1.089017877776826 -0.01087304310434577 -8.601045121977421e-20)
(1.071090568119336 0.02597061563225486 -1.067146006269193e-19)
(1.04107077914443 0.04680005743019055 7.454128465125508e-20)
(1.022533977738745 -0.003613328849109045 -3.475316363779739e-20)
(1.061046997637115 0.0236992100037968 5.685635604830698e-21)
(1.139139565391018 0.004036425103469955 1.0400065671499e-20)
(1.039581761994937 -0.01352874167443899 -4.747883246508031e-22)
(1.087442213836084 0.03475019273938203 0)
(1.028467550571044 0.01366505226170174 0)
(0.7851022178939723 -0.08066573423815324 -1.823374904361799e-19)
(1.030307953817073 -0.001924303036511686 -6.51749060247629e-20)
(1.133451476869713 0.000431276016175746 -1.255475377577715e-20)
(0.703479186661915 0.006551187956702369 7.119886549080188e-20)
(1.175542479600667 0.01880933019534789 -1.97509443198982e-19)
(1.135755974267454 0.002370082290683609 5.33416573253281e-21)
(1.129030135857947 -0.01007093040027514 3.359065346386171e-20)
(1.000933358172525 -0.002974658875077335 -6.659400936573491e-20)
(1.100045326601969 -0.05678279111224445 0)
(0.9898308430004079 0.004177099063448046 0)
(1.057854799117692 0.007019992917524259 0)
(1.006102934547043 0.1893991173339669 -2.357795344733746e-19)
(0.7793163619229018 0.01243875665657553 0)
(0.8570556406957383 0.1029124774175571 -8.195799115848053e-20)
(0.09843714319733757 0.03146789109036343 -2.977599063705826e-19)
(1.171965982915258 -0.03212992071355592 -2.295337787610506e-20)
(0.6712482092985628 -0.007350395462071418 2.454019926698724e-20)
(1.163126604346022 -0.1021943203214166 6.950130168729146e-20)
(1.127466035055414 0.001069119684235362 -5.920704843453449e-21)
(1.153596891763855 -0.05019624529863213 2.230491967001387e-20)
(0.07655102260630305 -0.1999900324197023 0)
(0.2444100850735803 0.06194883985899056 0)
(1.2606232772796 0.1038505855402472 1.846398454568807e-19)
(1.021241538316179 0.01985141225755643 0)
(0.7376661810031161 -0.00626301625458936 0)
(1.074902238529563 -0.01143893448424034 2.736523227391702e-20)
(0.9749485872115549 0.002887326030538366 0)
(1.295359983694578 0.11801541530876 -1.459998138647261e-19)
(1.057349473627524 0.01095739617928554 0)
(0.9926910153470668 -0.007327881701425631 0)
(1.065225430434441 0.008221982104012962 0)
(1.006253301268693 0.02091623691974199 2.209664174398688e-20)
(0.9319473237608535 0.007900000499388703 1.302219089713694e-20)
(1.175629415778791 -0.1993873667403828 0)
(1.005040471933606 -0.005204370312800126 8.040374956495585e-20)
(1.059208857973731 0.00626488680733371 0)
(0.774567932696924 -0.003316266147620672 0)
(1.217588487718208 0.02577560115249663 1.614863101815226e-20)
(0.7050528970300292 0.001366514894219774 0)
(1.432304210132868 0.08365512102235603 -5.093301188793717e-20)
(0.9946212854098906 -0.005225706744906601 1.664865540574388e-20)
(1.274558043225725 -0.004322138323408617 -3.010216382169048e-19)
(1.059802640199945 0.009005878986405496 1.323897376357421e-19)
(1.000905723527323 -0.01353512512150898 0)
(1.209503133008655 -0.1468283722182439 2.052207201577882e-19)
(0.7331699481430334 0.01378514728943318 0)
(1.098232925259412 -0.004920604921942802 0)
(1.156564014695842 0.06602405947266841 1.880622947304184e-20)
(1.006328641149392 -0.006587102725407508 -3.042841799086584e-20)
(1.123129079478922 0.05108546559543699 -1.713387147559869e-19)
(0.1391932452750254 -0.09400289862636386 0)
(1.073762030557712 0.03859675061606427 0)
(0.6616505659588535 -0.00287077952927394 -4.947145512277241e-22)
(1.012091727402586 -0.01963147829617489 8.994468962787719e-20)
(1.061547685533881 0.0008693701655534457 0)
(1.081480686359477 -0.1399910082237313 3.778171863161478e-19)
(1.002625435984778 -0.006128139354127393 -3.290246162079914e-21)
(1.00301222229029 -0.003960871315504492 1.107219516490332e-21)
(1.094017322497125 -0.009183883725252319 0)
(1.020778889749102 0.02024610173643288 -6.667583600291287e-20)
(1.106705318848754 -0.001612206494815391 6.315375402009441e-22)
(1.074373302276095 -0.01070790594789431 6.634383580696508e-20)
(1.085623570010123 0.02217370985306406 0)
(1.325008605930894 0.1553442861109635 0)
(1.002088018148331 0.0005661636492501263 4.407564392496666e-20)
(1.319775164545101 -0.1339036573727205 1.607179829934916e-19)
(0.005626729287286313 -0.1505678402143932 -2.30020177372012e-19)
(1.071102125118412 -0.005368219626476443 0)
(1.111299055796375 -0.004375938130417555 1.170323999929188e-20)
(0.7267755206462201 0.0178030603687989 0)
(1.057975186181732 0.01050506390146522 0)
(0.8609046256946032 0.16116662829263 4.589045236545141e-19)
(1.284756473056417 0.1217903521968888 1.877535530216799e-19)
(0.654181608837459 -0.003106037868028837 -6.521987150300253e-20)
(1.039851703134557 0.004962032588615538 -3.382462526944315e-21)
(1.054849817929369 -0.0002043054114452979 6.446333354050297e-20)
(1.361561720531606 0.1163565516781256 6.544125436555412e-19)
(1.337234360922658 0.2520772259017512 0)
(1.057611501750715 0.01010897313928742 0)
(0.9982603469317911 -0.004085405525952612 1.368195107215086e-20)
(0.9935010339044609 -0.002094818180455407 2.168464811852036e-21)
(1.385188326045157 0.1992790097435649 4.331541205683156e-19)
(0.6818481300656192 0.0005246810852189332 9.955465773948486e-20)
(1.005716019736022 -0.002180816316729027 -6.015781113897658e-20)
(1.098126620147732 0.01315642448421006 2.560100577871483e-20)
(0.6694506331245631 0.004953081918350255 0)
(1.066083892822266 -0.01202954065137999 0)
(1.007631079974538 0.1344419491858213 -1.409443553132344e-19)
(1.087106657127933 0.003371722410779073 -2.585718803040349e-20)
(0.9818987206599947 8.190715710233713e-05 3.310785022216338e-20)
(0.9912117761815131 0.005994400754142953 0)
(0.6381224134729475 -0.001108846012069049 0)
(0.9767285049882316 -0.001275583028458969 0)
(0.6420053054159264 -0.001415330339690859 2.652813253422686e-21)
(1.087276343065815 -0.05581906304473756 1.216164607199023e-19)
(1.109370829098317 -0.005821093909093488 1.146699514790117e-21)
(0.9580085933785457 -0.0008570910292265979 3.880245462576913e-20)
(1.01717793597904 0.01048200429149711 1.733731421594998e-20)
(1.065197921128165 0.008743453586642157 -2.36129315795443e-21)
(0.6348004429410345 0.008864417928427867 -3.615784955136146e-20)
(1.00546969636967 0.01130458707637948 -6.129019954277256e-22)
(1.037813429350837 0.008881955730138443 5.281626777713918e-21)
(0.9858285321732817 -0.003991082567300262 0)
(0.6100031668954397 -0.0004401897803503907 0)
(1.069026779468325 0.02252897090707099 0)
(1.015992741782773 -0.0167993245989896 1.034753926405353e-20)
(1.022715892308702 -0.005372891662663716 0)
(0.9932831150444938 0.0138124751481735 -9.757075756526708e-21)
(1.00945711082771 0.004607256031012685 0)
(1.13477174569397 0.001769336105403586 -1.24072221498055e-20)
(0.03069707236473554 -0.140374364647401 -3.976123248156451e-20)
(1.034324114540576 -0.0176072599761587 -6.205349755496882e-22)
(1.043753076386797 0.008131209548575137 0)
(1.085369602914398 0.07020850870869884 8.42587800812134e-20)
(0.9675993881648045 -0.001106865512871944 3.111416363389415e-20)
(1.020089388375701 0.01683920837159029 -2.235992098986292e-20)
(1.006354326328087 -0.002106591879126508 2.393608199224582e-20)
(1.039047659268348 -0.007501533026283978 0)
(0.6409471770132903 -0.004086925369009838 0)
(1.025992492737041 0.02449547627386469 -7.981447944878035e-20)
(1.086501357144255 0.0005824505286682377 5.098598512745241e-20)
(1.012010118417999 0.007234852186208997 0)
(0.9811166244878331 -0.0003830663770216256 -1.929766354393961e-21)
(0.8553194955032963 0.01040370244279082 -1.150791177374458e-20)
(1.0139598394697 0.002800254608776096 -9.54052516328496e-21)
(1.022839223263385 0.001225436524586631 1.853045573817767e-20)
(0.9815705015878046 0.0002961228780050981 0)
(1.007943243361603 0.01047809047007336 3.218416678182897e-20)
(1.110299668051427 -0.001972939642002416 0)
(0.9349464953548787 0.01191709457468724 -3.237949070204443e-20)
(0.9535443531647575 0.0005334169293355331 0)
(0.9004470325092243 0.2019425872174272 4.945094030948745e-20)
(1.011193675319684 0.06753898122579213 0)
(0.9906516524039234 0.004724323602565078 -2.290438438740887e-20)
(1.057071939054705 -0.04883190014550091 -2.767237690065592e-20)
(0.9939952073070072 -0.0002062016555874743 3.256195003093962e-20)
(1.006662022944275 0.005399481633294012 0)
(0.9805289610725414 0.0004620905622234736 -3.018389793245679e-20)
(1.178932552521972 0.09974391921930463 -3.36711835372096e-19)
(1.068124100840452 -0.2637835906597984 0)
(0.9946221145439069 0.0006608496035189858 -2.259793362457484e-20)
(0.9747165217014293 0.004414872334023341 4.748728953819933e-21)
(0.9590840512022034 -0.002269365602415307 1.032244971983454e-21)
(0.7460124629128075 -0.001070340922122443 0)
(1.117973932421958 -0.06876727896144119 0)
(1.004534060249276 -0.0006739037780801468 -2.235443996456702e-20)
(0.9072161151643972 0.006265577322254199 -1.090319524035321e-20)
(0.840428714329914 -0.0002712973232592611 3.973379292799128e-21)
(1.011700748326625 -0.005249949275421732 0)
(0.9621419488177231 0.01289501317773072 1.5245898664253e-20)
(1.005667786167762 -0.0001907581720067809 -2.242103604005115e-20)
(1.026634508413996 -0.001323900285977834 -2.475179064571351e-20)
(1.113628842047164 -0.004538756247309111 -4.905938015388145e-21)
(1.115623133844729 -0.005340157847579292 0)
(1.009471652285412 0.002586272361858422 0)
(1.023650693334276 -0.003050850625214379 0)
(0.9462631461109112 0.008020523620310865 -2.004179377598672e-20)
(1.01786934921326 0.01329693643663642 5.636971555107281e-20)
(1.087679425024883 -0.002002411723732059 -2.361524647911303e-20)
(1.03812513031193 -0.001175266407068439 0)
(1.109048431146191 -0.002803060459316095 1.828997415999751e-21)
(0.9945090927743452 0.0009349492481176054 -2.243243996832827e-20)
(0.9795555903163741 -0.0008691556956508059 0)
(1.00998151700401 0.002253530855905508 4.697035884207323e-20)
(1.362585507196878 -0.3138381134270226 -1.118805342048079e-18)
(1.120592171670413 -0.04488932655734414 -1.112276940046541e-19)
(0.9733957661291611 0.0119153428144618 4.520287938267614e-20)
(0.7692734379723076 0.01192652398042396 -3.614285438191544e-20)
(1.223493382772363 0.04893028968978209 0)
(1.214922203246973 -0.1302235670896676 -1.482353658192226e-19)
(1.085905817740682 -0.004096627700177924 0)
(1.008915056157019 0.0004829432952928359 2.284359570172979e-20)
(-0.1998665493374845 -0.09902527311287161 0)
(0.9939700348265277 -0.004673765834555894 0)
(1.012322343416814 -0.02303223008353779 3.86226625733173e-20)
(0.706365216334828 -0.01942486802866755 0)
(1.096793255095721 -0.01494548713659163 2.356107352170914e-21)
(1.03880825619772 0.004232284881869242 1.481716614643466e-20)
(0.6332135206607268 0.004148977256192306 0)
(1.445673339182482 -0.1241534952112959 0)
(0.9857933713302602 0.002106818710959709 -1.069038256296568e-20)
(1.069638832559149 -0.01506558128426823 0)
(1.037858800132281 0.0005487355834527317 2.049799582508066e-20)
(1.085116170010397 -0.002444332177816921 0)
(1.011799687194289 -0.006531614099941083 -1.235835562153625e-21)
(1.006064551169581 0.00331720152934207 0)
(1.008463428198868 0.003169888279328894 -1.190016694048728e-21)
(1.004223819762549 -0.02019140284199984 0)
(1.035940041478598 -0.007468116627167189 1.819986957088557e-20)
(-0.1995846842416913 0.04447102053361618 2.821295322826458e-19)
(0.8079329097265391 0.03178497825791624 5.998304841435234e-20)
(1.00503440821775 0.002207955464768158 0)
(1.121344291710737 0.01212984243252655 -1.222354424788066e-20)
(1.109085967722319 0.004283033810464976 9.405225469907946e-21)
(1.054123255316437 -0.01278095980344655 -1.329492416964742e-19)
(0.9987716154581227 0.01040459940938763 -3.82826167744127e-22)
(1.084632393287937 -0.006173690276166197 0)
(1.188740142160368 0.05000235381976134 0)
(0.8350309157704593 -0.07429911962512337 4.609062908928844e-19)
(1.090243383909354 -0.006235129168449221 0)
(1.033705757078133 0.00794298088646719 -7.724433055797249e-21)
(1.042601421184427 0.005384897986312528 5.652083217121726e-21)
(1.052611375789702 -0.05835634274646088 -7.58469476935838e-21)
(1.13950581056611 -0.002305358789035232 1.72534647645179e-19)
(1.079949703956789 0.003055617469208949 0)
(0.9944269736842439 0.001975743367591842 0)
(0.9982454567983529 -0.02601156976270251 -2.423092190136911e-21)
(0.9908613199394276 0.003566645874028959 0)
(1.030222329064701 -0.03647494542979 6.519251015838879e-20)
(1.29188191404618 -0.09879150463401044 0)
(1.041328371059995 -0.0001247808576430341 -3.77549274538075e-21)
(0.9861870627566333 0.01686237235722428 -9.100129685190768e-20)
(1.034018633788195 0.04321020365005253 -2.318999937631282e-21)
(-0.07846036515286214 0.1933123515576265 -1.738277347526709e-19)
(-0.06900161542928669 -0.2833998991545992 -1.30120369169662e-19)
(0.8746978504407209 0.1145231728531744 0)
(0.2759336154614124 -0.02336122964484227 -2.961848146846599e-19)
(1.00925943831332 -0.008412934407561285 -9.44872344400742e-21)
(1.063980805957999 0.002705295917075849 -2.063315119923556e-20)
(0.9924568455894568 -0.02184731439467468 3.07747831182498e-20)
(1.02719738349427 -0.02948138215004075 2.675188104449815e-21)
(1.009630108388974 -0.03035097975847893 -6.714200750825428e-20)
(0.9888041383652829 0.004898689160756355 -3.492810694333456e-20)
(0.9937981011521051 0.004883653061934409 0)
(1.024369964594096 -0.002121813291558782 -3.487085922960602e-21)
(1.930361125066352 -0.156436653696445 1.064845762593978e-18)
(1.048868036048377 -0.01305565916164785 0)
(0.9967775032662348 0.00772692470111852 1.487942685450424e-20)
(1.003577742633423 -0.0005499024741157527 3.9968040839202e-20)
(1.172113917676036 0.15813469768484 0)
(1.007305141718501 -0.02130375768259733 3.125144212170136e-21)
(0.9535906167852174 0.003542475882851741 0)
(1.037846994002715 0.04171765352887029 0)
(1.298140108064198 0.14882257418329 2.191557562466963e-19)
(1.076103203353238 -0.001811301857985538 2.328900452549529e-20)
(1.016063093487456 0.03102815732095198 4.46647503102393e-20)
(1.077885392201548 0.003797454508335159 -2.24236863490259e-20)
(1.058536323474649 -0.02407553812504978 -3.242111377161539e-21)
(-0.389808296378631 -0.04228087024382813 0)
(0.9993715836153702 0.01244962709236901 0)
(0.1259249453180566 0.05403849838010191 -9.456209089952349e-20)
(1.00574520272071 0.02058031912930025 -3.99472822667472e-20)
(1.006994869021307 -0.02502793674808511 0)
(1.000895652863688 0.005330762183850447 -4.879527132094665e-21)
(1.081990998822269 -0.04231344116091439 0)
(0.9942329992361625 -0.01905840539898251 -8.111944453782199e-21)
(1.098768971388109 -0.04878235839930906 0)
(1.442120247947428 0.1690994513426222 0)
(1.054754028460087 -0.011847056841625 0)
(0.9917503659005351 -0.0246639676247282 -4.137365209977358e-20)
(0.9897912381852385 -0.02152003053637394 -3.350603098208188e-21)
(1.017603811218926 -0.02171339410543485 -2.159968658939332e-20)
(0.9967086186295099 0.01704858348578746 -5.383735279763964e-20)
(0.9960340787414604 0.00942161219825855 -1.450105914309101e-20)
(0.9954114120769111 -0.02726146705463717 0)
(1.001553276652194 0.02444860329993259 1.874738411220484e-20)
(1.040903099958784 -0.02262471959448096 0)
(1.110738210547154 -0.03647565899788296 2.517423137406788e-19)
(0.9952255810661222 0.0166140765612342 4.460347364000915e-20)
(0.6150469568435823 -0.00869370619623416 0)
(1.156690647311965 0.1586400855624157 7.64078889434748e-22)
(0.8234680487381666 -0.08070107010868685 0)
(1.13884109315551 0.07252157772948054 -2.804487213761875e-19)
(1.313964596893312 -0.3883107674915269 1.274927405998128e-19)
(1.072031080411751 0.06720022798147007 -1.268061161936128e-20)
(1.011607331413667 -0.03008944703343311 0)
(0.9550340340438972 -0.2144186568412714 0)
(0.550178464292771 0.1775691572955817 0)
(1.014635396887103 0.01369789209015608 1.036742089079913e-21)
(0.7124304728038986 -0.01282445717363079 0)
(0.9985829639733093 0.01629980785960507 3.439522631751941e-20)
(1.02578268487274 -0.0003296244451887527 -2.656284980824385e-20)
(1.079050422898063 -0.008009504177806116 2.634411177230474e-21)
(1.054007503662404 -0.02347889665588691 2.528300354287034e-20)
(1.042962321139676 0.01132223894208104 0)
(1.055034306108292 0.02148951403184347 -8.97016005343731e-21)
(1.051053533689284 0.03604942434526108 -1.76265772087894e-20)
(0.9838336233920506 -0.0221130612099228 0)
(0.6248805849417221 0.005119533832278575 9.17271444864359e-20)
(0.8941648387245587 -0.00595013742822487 -8.848112666792429e-20)
(0.9093569266599105 0.005225295389582384 1.450056649275786e-20)
(0.6296508699796887 -0.006435606282606131 1.411080234903713e-20)
(0.9806888823902159 -0.0003095450876915291 2.483618010384751e-20)
(1.004408717178551 -0.01757107074295715 -3.283656285140769e-20)
(0.9791140809272735 -0.02442664781963945 -2.727939853901247e-20)
(1.085638461948245 0.001546502115530478 0)
(1.018970324006953 0.005285802714910519 1.061953793327246e-20)
(1.132976569489615 0.04815027115505064 1.352193102888819e-19)
(1.031899295098307 0.04282401988150773 0)
(1.022495418933115 0.002622281988004853 0)
(1.581242424330284 -0.168106948900299 4.352634301042801e-19)
(1.051846190489594 -0.03375829791268745 0)
(1.021869249349723 0.01031951742110229 -3.594072984517098e-20)
(1.083634922172326 0.002911493631421786 0)
(0.4930922923594691 0.002895193083522686 0)
(-0.01482524026919275 0.004113877841403337 0)
(0.9909086852762916 -0.02345558102745597 1.254053591559131e-20)
(1.300120907563461 -0.09681542428138887 3.657568841921559e-19)
(1.030937367460183 0.03745520638240336 0)
(1.02260047565512 0.003546382711711132 -2.178764453977952e-20)
(0.9295165054014257 -0.1621988588253516 -6.247240392978832e-21)
(1.255618467371544 0.07317976803404178 0)
(0.5985364364139394 0.7312102936305366 0)
(1.305891967825058 0.1406361671143776 1.036511542589186e-19)
(1.673852319876836 -0.02668115532678982 0)
(1.067235691375869 0.1341224927524267 0)
(0.7296348673677505 -9.387011780415556e-05 3.924999204376722e-21)
(1.046742269558622 0.0480388727654441 0)
(0.7414138246708794 0.1106193948324319 1.374470674700069e-19)
(0.9968217886350129 -0.0162648024941029 3.587283188275282e-19)
(1.038282806385857 -0.03864764818389739 2.675013122290747e-20)
(-0.3719187762246887 -0.0565863660693499 0)
(1.072049303665856 -0.01614658241887536 0)
(1.086612290996693 -0.01362539722460053 0)
(0.6476989730787199 -0.5018714610894821 -2.500082987474263e-19)
(0.9907104058036359 5.467644495611879e-05 0)
(1.092108410869743 -0.02210854983311655 6.963814431228367e-22)
(1.188729873104961 0.1207106182536424 -2.050825041218206e-19)
(1.099138654616467 -0.04174030927278562 0)
(1.005557652447449 -0.02070832750338044 0)
(0.7820988848933506 -0.1942042179668859 -1.671115750898038e-19)
(0.890658355437337 -0.1431335702521971 1.457582625440426e-19)
(1.03377969839233 0.0118591924658461 -2.054014376362237e-20)
(1.023134066554161 -0.009141973655967826 -4.257639800389864e-20)
(0.8703596474630813 -0.0009960848472346517 -1.530679815610767e-23)
(1.502914309084163 -0.1947166687589912 0)
(1.306535700806479 0.1093226487963212 3.01824219297144e-20)
(1.241238324933024 -0.07878308035822808 -3.237590033917375e-21)
(1.095854356604563 -0.01880099023159239 -4.007723402911098e-20)
(1.038680416474433 -0.01867592436678038 3.068591013721778e-20)
(1.092807894428078 -0.03915157423970852 9.581029468891512e-20)
(1.032507240192302 0.02039470797410527 0)
(1.051350410936617 -0.0335918238711328 0)
(1.115878350721163 -0.009014331532457199 0)
(1.100514300906069 -0.03611677163824548 0)
(0.9982366736756503 0.01074313284555799 0)
(1.154423326497052 0.0788167129157718 9.363281714350918e-20)
(1.343399281868336 -0.1607043972215173 0)
(1.041759811777981 -0.02630655924573605 -2.542666811225527e-22)
(1.049246938126253 0.05499473819988786 0)
(1.010038939119712 0.01416079602310555 -3.797089597030336e-20)
(1.033522010915753 -0.007820773642514826 9.38947871874488e-21)
(1.088979747088581 0.01336380282910947 -3.159857110585974e-20)
(1.08421732176304 -0.0289694185460836 0)
(1.07370837755078 -0.001906094989986295 0)
(1.100546962847868 0.09236305611206025 -1.395926533027825e-18)
(0.934979747436247 -0.1485399081582242 -7.112858550510118e-20)
(1.179719609720633 0.1142626642390653 1.139338177165719e-19)
(-0.4534626740568483 -0.03002052162318417 -2.922435436875919e-19)
(1.018561496699807 0.02973582622020154 -8.538684335198885e-20)
(1.007356817372909 -0.001798447805983672 0)
(-0.2439116303855526 0.0002361346574693878 3.579657136189852e-19)
(-0.03554208816176423 0.3253934197181804 7.783622947188175e-21)
(0.9952092464531668 -0.00630774638483787 8.876498076166835e-20)
(0.1831892083022699 -0.0441821926561057 1.289536362913401e-19)
(1.090112084059088 0.09188522995854378 1.44268205212672e-20)
(0.09333445538039351 -0.1081402000962416 -5.373689658597861e-20)
(1.108241601641483 0.003125885451885465 0)
(1.093428828229904 0.2487653924418124 0)
(1.021129028203781 0.02174808267583678 -1.672491667534002e-20)
(1.063089091464165 0.0587399134966547 0)
(1.024362021998609 0.02422101229355437 -8.392316372716894e-21)
(1.260871742012321 -0.547964137087973 7.983040291880736e-19)
(-0.09426853676677811 -0.2355818411567246 2.069392291343452e-19)
(1.298966312475201 0.1103965812584108 -6.10027068822988e-19)
(1.124285405240244 0.0004316953024996357 0)
(1.130214463874557 0.1079549828110282 0)
(0.5196030477076334 0.07591721394761521 2.401974490679962e-19)
(1.023091290130489 -0.02053302849360888 9.612996905061404e-20)
(1.005768674186817 -0.02316061387996062 0)
(1.212700913215999 0.2710830647706279 -9.829965740476394e-20)
(1.253012146330991 0.1254260448833244 -1.488026110225084e-19)
(1.026483687088654 0.002910652122040552 1.596192764686939e-20)
(1.295750471559517 -0.08513923839476129 -4.943442701258872e-19)
(0.3105190935083028 -0.02438411979174606 2.912385580544162e-19)
(0.8355731696523411 -0.1508607854349219 6.941599687768085e-19)
(1.04857228528346 0.06630626700552253 1.099589769455695e-19)
(1.039209243484239 0.0001859582271693414 1.350570137539154e-21)
(1.000691671576104 0.01943986461325114 2.837918639720328e-20)
(1.066483163984606 -0.03686723630993425 0)
(1.034517037198509 -0.03844877441137313 -1.43344369847213e-19)
(1.017031652055641 0.0350994729671374 -4.55379922748315e-20)
(-0.06889711851854079 0.08751527969837546 -4.90796538689033e-19)
(1.010777822864129 -0.05776476915984202 0)
(0.8966185384064792 0.007045930032020035 0)
(1.092795131126482 0.001138721705427779 0)
(1.358489536755579 0.2552122334863005 3.726786127447755e-19)
(1.692291897480272 0.1022034830500814 1.317514974331514e-18)
(1.405468614049076 0.1442639093440828 0)
(1.031838403318903 0.02110171800023234 1.023331686806364e-20)
(0.3422137532194603 0.02887131925555906 3.218666162235543e-19)
(1.125878251747552 0.0002395040283617821 0)
(1.099561553230362 -0.02664181606292226 3.141961130179059e-21)
(1.098193572034949 -0.03092494127810018 2.638313131445551e-22)
(1.141030947407993 0.1042387283765581 0)
(1.30028112746641 0.05333353173839104 0)
(1.039989502890569 0.001003833904655456 1.165547021758415e-20)
(-0.1497609560909501 -0.1021672656645442 -3.824823619872868e-19)
(1.32657598097107 -0.1552932310821498 -2.175145512808781e-19)
(1.067908231576011 -0.007359325969260978 0)
(1.013390544492695 0.01531833592958905 3.000265587682195e-20)
(1.146296532357417 -0.08983520475929463 0)
(1.016037722498135 -0.01752680203205166 -1.148956607021348e-19)
(1.030668262436598 0.007907684682893563 0)
(1.510387153476168 0.08562726285655771 -2.794841572463057e-19)
(-0.06422845495907965 0.03999348800792617 7.67011283757796e-19)
(1.098412280652113 0.05120158691662696 2.057555710909285e-20)
(1.092955309269585 0.07877925944491077 2.151745327219165e-19)
(1.00991585689661 0.008472697031018476 -6.061123070818433e-21)
(0.003275759689629406 -0.114777760103334 -4.76002917855693e-20)
(0.02071763538348089 0.1076051914375081 3.73418341559172e-19)
(1.237593080806714 0.1386709141935095 -1.603881917921358e-19)
(1.105808754310551 0.09572404083216518 0)
(1.08791821931637 0.02498062194288973 1.789853992928479e-19)
(1.007166312450367 0.02204632646777161 1.769133650369137e-19)
(1.028617964028359 0.001067824745507899 -3.68792056964972e-20)
(1.223440890761953 0.139452876927162 2.613274699169094e-19)
(1.397849875637443 -0.1355721832966804 -2.104970099003596e-19)
(1.066107500105001 0.05005799403390896 -7.40628219260653e-20)
(0.9937692878105278 0.006757241757883888 0)
(1.081041536457263 0.07564404401657106 0)
(0.9790956502848159 0.005833067737441203 0)
(0.9953585507688141 0.00865181526506603 2.299676981023072e-20)
(0.4958041766453498 -0.07617588383333324 0)
(0.9915284220345882 0.003987822276304774 1.320915904731005e-22)
(1.289507661569145 0.07512387684113976 0)
(1.006232745092092 0.007385096507357718 2.198766904032842e-20)
(0.8082091349815702 -0.1258277905042758 6.005286694797973e-20)
(1.099142627939653 -0.02254719482637487 -9.063991767991046e-21)
(0.9398505185572169 0.01657807205633405 -1.770652185798514e-20)
(1.444195979070723 -0.2869551707768248 -5.404044523069973e-19)
(1.138465790298866 -0.09274521758858503 4.76239838666911e-19)
(1.088793200104329 -0.02519304153206665 0)
(1.929606458873588 -0.4704831423283056 0)
(1.619916492162672 0.1874208336906894 0)
(0.984581453143217 0.005169378614212581 -9.582180707823383e-21)
(0.860328514768562 0.7750667902109147 2.423766681436128e-19)
(-0.008852135187233441 0.207722025275456 5.552611205612173e-19)
(1.042868299917839 0.009023155350758748 0)
(-0.2186348739067285 -0.08563552940886418 2.031639898991149e-19)
(0.984501702027251 -0.002361435116877651 4.104354429701488e-20)
(1.181694736808801 0.1615312845703988 -1.656320853786667e-20)
(1.044501007346342 -0.02232217383330893 5.401879669775562e-20)
(1.048527972182661 -0.1415223180381384 1.449128854196445e-19)
(1.135594857579477 0.0005027964265075303 4.596910362143049e-21)
(1.105862710081242 -0.01776465722559957 0)
(1.312126716041805 0.5310148434208077 -6.059628520817453e-19)
(1.03069691424648 -0.003717261979616685 -2.184483857929801e-20)
(-0.2869225138476906 -0.07435806000111254 -2.016064261732281e-19)
(0.6795070502762538 0.01846441505057576 0)
(1.085712558715478 -0.6970601710344609 -4.796238510904091e-20)
(1.316900270888085 0.08524644631046932 -1.113180185827374e-18)
(1.113985238650932 -0.1083751381231759 0)
(1.088495835395557 0.2798698331279418 0)
(0.972461086497092 0.003808813001342169 -6.174907144332892e-19)
(1.06248696919539 0.01077403644943667 -4.340131391880949e-21)
(0.9245917599425104 -0.01211068940018269 0)
(1.090628878833057 0.03086626477985813 -1.759934438010393e-20)
(1.366239951000018 0.2114957702046262 -1.822610566100753e-19)
(0.7324700355624985 0.09917213714453793 -1.050128568191007e-18)
(1.078852374861953 -0.0005681679227388403 0)
(1.263175764927278 -0.06125731687171194 7.108872998522808e-20)
(1.006320384209224 -0.0001200581404160401 0)
(0.8478320380154896 -0.7738730233296257 -5.563115662172578e-22)
(1.081499337195937 -0.05224208094557607 -1.070742284182293e-19)
(0.8769719185883219 0.3262446433228604 2.913668027354711e-19)
(0.8377236993652263 -0.2027345485374747 0)
(1.030608398402876 -0.03474714083498832 0)
(1.05376348261516 -0.0284544027818687 0)
(1.008111509311552 -0.0002634645729760735 0)
(0.9811527285908371 0.006183021147673873 0)
(1.351545962418062 -0.2399746967936178 0)
(-0.08819268172198437 0.1765233093528248 2.439647230615111e-19)
(-0.03801033090113891 0.0692021709417877 -7.413756690548107e-20)
(0.2204642765677873 -0.1129823523001551 -4.245749726750938e-19)
(1.51748331640405 -0.4380463426512189 0)
(1.034424074895778 -0.01645805292917839 0)
(1.768865446767337 -0.7574502801706021 -2.333581187701661e-19)
(1.133466508644071 0.0007262645254101596 6.504673996150718e-21)
(1.325791570908551 -0.09340949913730702 2.858865256332973e-19)
(1.109524506860235 0.7100313026559777 1.439105734883893e-20)
(0.3393446882980301 0.5948454237224268 -2.165795937740905e-19)
(0.6769322863377881 0.4606950381542779 -4.749851348337234e-19)
(1.052769389022586 -0.1587282318129047 -2.057498154428184e-20)
(1.22445817261782 -0.3595543445340438 0)
(-0.04747396656337254 0.1998171465010728 -7.544168223400831e-19)
(1.047186030962273 0.02331149072626487 0)
(1.105066023934046 0.03777200385833995 -1.567504245051553e-19)
(0.815822221153242 0.8984505533476954 0)
(1.06389560557031 0.03904702533640554 7.424469060157436e-21)
(0.268923542438113 -0.06620077393677862 0)
(1.102685538266518 0.02714720626631489 2.423405972576668e-20)
(1.373443616288611 0.3248821883726573 -5.594181458683243e-19)
(1.074400032348845 -0.01267086493402713 -1.67992360525418e-19)
(1.472554334288953 0.1587632531312226 -2.55679029269291e-19)
(1.333268596100941 0.4190846427097996 0)
(1.176880373191651 -0.2730598341144609 0)
(1.303106515947254 -0.1393435606862156 -1.236264873024569e-19)
(1.066854082733623 0.01621700832947429 -3.333123507866877e-20)
(1.060663858052687 -0.01199717025177726 0)
(0.736000168734531 0.1405912579616662 -1.099076608044252e-19)
(0.7731508005506346 -0.5750353797133947 -5.83020118226879e-20)
(0.6669254346168232 0.2054423139922564 9.56668238500638e-19)
(0.9745691565717332 0.107496064046267 3.313579891671726e-19)
(-0.003411680043477526 0.08819713127235308 0)
(0.5588001601250897 0.01158794680056376 -6.437467701222579e-19)
(1.058092525598227 -0.03909716681747293 -1.905141402243526e-21)
(0.7023136750492358 -0.1249537971394105 -2.840048424402149e-19)
(0.001124026636436919 0.2244597402963017 -3.119835917030097e-19)
(1.179937504885581 -0.07916910345741719 0)
(0.3975607361568413 0.01438767902490179 0)
(0.1607979973438771 0.3737199565432746 0)
(1.444323637538405 -0.2658554036486599 0)
(0.233681070000595 -0.3557837429210569 -6.43840240090159e-19)
(1.593458712664349 0.03810867142966663 -3.847993336103311e-19)
(1.024990100271999 -0.2010147761470934 0)
(0.6669462561761706 0.01657437958705719 2.437107670240278e-19)
(1.024609472680543 -0.01098024548959369 3.570788755495395e-20)
(1.139093995782029 0.2363269676210694 0)
(1.737989480735926 -0.1133051256500389 0)
(0.5800179991698647 -0.7352432420512903 -6.692587818255709e-20)
(1.269488556782157 -0.1109141989566772 -1.01705472293816e-19)
(1.408739854539671 -0.08796485333111169 -4.366758402938461e-19)
(1.486002913597822 -0.06791672219568823 3.708312260732256e-19)
(0.09553431363252936 0.1023910377543342 0)
(-0.1043218971316587 0.08697657196186079 2.871309932566771e-19)
(1.038179984236929 -0.06328060821665439 -4.786417237773515e-21)
(1.119610124916015 -0.1402127830361725 0)
(0.6401950643632927 -0.3545844818194089 5.23274985723004e-19)
(1.048758108849142 -0.06319226067923067 1.343957330654914e-20)
(0.846738819319469 -0.1431631482464183 0)
(1.31468827578194 -0.1386506737739006 -1.093574337174799e-20)
(1.121070408643693 0.08384754493543801 -4.365537052804554e-20)
(1.091061082691346 -0.004960593061804335 0)
(1.129143848565324 0.5713569956220458 -1.133882166420661e-19)
(0.3415641607251808 -0.5973097111529155 0)
(1.060725292516645 -0.003285667832299087 2.814942815923648e-20)
(1.096972708902422 -0.005947853370269198 2.69826349376626e-19)
(0.0903813520696479 0.1421011035761426 -1.729814906939341e-19)
(1.182589817450453 1.00350065351413 -2.259835611446844e-19)
(1.367249725586499 -0.1385316261196598 -8.731410327073339e-20)
(0.9409404800510579 0.1265742545136605 6.968329671537666e-20)
(0.997627087323284 0.003800236193259095 1.022262057404411e-20)
(1.058648492571552 -0.1473372238214901 1.834812441434207e-20)
(1.505891067528762 -0.9472828557144854 -5.197986637201862e-19)
(1.535214704734582 0.9517573009973704 2.381221066375291e-20)
(1.428776758079584 0.2217926372750459 3.339898065865543e-19)
(1.028420844767109 -0.007376717517575836 2.100915185744492e-19)
(1.035306505263253 -0.03314773183001626 1.572148943295181e-19)
(0.9916597234064883 0.0221278973332555 -1.881533899011005e-20)
(1.058000906204669 0.03838238484974563 -1.48983918381391e-19)
(1.078654854806721 -0.06550914003869497 2.802179113920787e-20)
(1.43746331029243 -0.1390617414688921 3.438425855670512e-19)
(1.822797017529823 0.7496146584488678 1.872067214799417e-19)
(1.032268475158459 0.03119140207608635 9.741271150174072e-21)
(1.071927527119126 0.01363231923078279 -1.076457396001944e-19)
(1.990973770874089 0.4784384029349928 5.39306958902203e-19)
(1.934321136487367 0.1598937303789223 9.412157973245109e-19)
(1.082812063590333 0.6400343618403068 -9.972935280300027e-20)
(1.110331432219698 0.1718963143408313 0)
(1.044124922837603 0.0230152730050543 0)
(0.5112283339464024 0.4410927331867708 1.157808710086941e-18)
(1.373967367853914 -0.2986762153660429 1.854525274793238e-19)
(1.186904217020662 -0.1501050325227678 0)
(1.636418915082028 0.2358102095880097 -6.250367744129022e-20)
(0.811565930214513 -0.1563449268335395 -1.32050759774797e-19)
(1.325601931980812 -0.2093586905363754 -8.958884765068943e-20)
(1.25139241627531 0.3902397548430575 1.463342263518374e-19)
(0.4926259628447568 0.1980199284109937 -5.588847174318684e-19)
(1.692028598538406 -0.02121322325744353 3.321165421498743e-20)
(0.8549643264462048 -0.5434388472439114 2.326042725522773e-19)
(0.9985578353114728 0.02370820581458772 0)
(1.623188616956849 -0.18856026559052 -3.151306236226428e-19)
(1.090694642320121 0.1006866102836362 0)
(1.341150051828532 0.5820894000028645 0)
(0.9413515995944829 -0.4126196481055441 -2.801520946148316e-20)
(1.247831342240671 -0.02765466988676402 0)
(1.038211928651623 -0.003779514605523016 -1.270742489955971e-19)
(0.7210278865224924 0.1072201958161067 2.938954593509142e-19)
(1.322017330091327 -0.5805393360406039 -5.520526889207799e-19)
(1.050513411080627 -0.6317997391003581 8.78482387181265e-21)
(0.3509429149361817 -0.3751795435112466 -8.61217275918561e-20)
(1.006891209959039 -0.09515623536324967 0)
(0.4461694143781345 0.3043385004642627 1.67760453816454e-18)
(0.2797973813390209 0.02563429140319048 0)
(1.31297576159104 -0.1419874127154097 8.157324202271309e-20)
(1.573539803901342 0.1886354289723899 0)
(1.168093398637603 0.447792917659305 1.362559205640899e-19)
(1.053868619258444 0.1534270248099512 -6.087625692924024e-20)
(1.031731447243709 0.004425528095082635 -2.054336571644922e-19)
(0.9579379763077157 0.4105236655021879 0)
(1.160794074385359 -1.008854171325985 5.739313727959521e-20)
(0.8910579054095367 0.01079677656673643 0)
(1.070198700473076 0.3800227286771259 0)
(1.052600122070801 0.03027262647143462 -4.025799759487617e-21)
(1.470634542169736 -0.2994141791262141 0)
(1.242671552415123 -0.1850426878524171 -2.910066229533024e-19)
(-0.0009206896782675085 0.01335974760918808 -2.03440718649828e-19)
(0.2393289208184365 0.02101605624453121 8.861156045358083e-19)
(0.9808401538843077 -0.09800554808314849 0)
(0.4728849678556596 0.649528143323143 -2.529021036313119e-19)
(0.9175076217632802 0.03114212799807941 0)
(1.540274522406905 0.4155751344573455 5.519400612728997e-19)
(0.4726850888549953 0.1349491835691873 -6.032843284068314e-19)
(0.05448222256391669 0.1676797840101071 0)
(-0.419032712110081 -0.05821455452555015 0)
(1.032293055857464 -0.0002350995102576667 1.302453548755821e-20)
(1.655918678276301 -0.2263876456469277 -1.092800786546628e-18)
(1.107984640899952 -0.5622108465784373 2.33233834860994e-19)
(0.7822725464706123 0.3348027664945792 -8.704786690708334e-19)
(0.9125664218733979 0.1302074172862567 1.453158691232627e-19)
(1.043821631516189 -0.003560430990575349 0)
(-0.2892761121340869 -0.1068354548316706 3.899931525496167e-19)
(1.033597135612419 0.04675117799655591 0)
(1.200941629646614 -0.2469496903942079 0)
(1.564605842183257 -0.1915930919714598 5.23313913211159e-19)
(1.127118589743171 0.07623229864671763 -7.512124709518743e-20)
(1.076727076334155 -0.1485602663851323 8.351120545328956e-20)
(-0.03807952031637402 0.08938264210559287 3.42275753218186e-19)
(-0.07349801616320426 -0.1675185409570278 2.690582564932786e-19)
(1.068137323003382 0.2092074367938042 0)
(1.098303357819726 0.06023501293266723 2.100806734086465e-19)
(1.490331502442131 0.2836010291701771 -3.553388610161154e-19)
(1.321152765434368 -0.4869517629686962 2.342055824581655e-19)
(1.145912580630838 -0.1470614618309647 0)
(1.121841872408573 0.1505990099340719 0)
(0.5259132843485568 -0.6873823541981638 4.171654182806736e-19)
(1.313997262215161 -0.04119122368246456 -3.019214892729434e-19)
(0.9980710063698058 0.09879497075337647 2.451233546282581e-19)
(0.3130591850343071 0.3584299281986023 -8.878681205572968e-19)
(1.023331839766763 0.1054472005083573 -4.007081921742452e-19)
(1.036146953825683 -0.395356863021883 -5.354445139245308e-20)
(1.462018058964604 0.1071269459942951 -6.588657295060053e-19)
(0.7787281253719827 -0.8831362315945619 0)
(1.056541199070908 -0.03092956884830067 0)
(1.133706996482329 0.1620870929879322 0)
(1.619664306486323 -0.04223394980524215 0)
(0.8156396443135904 0.5950379479601318 -1.998861747146964e-20)
(1.49002109343677 -0.3572211024861397 4.513476898965973e-19)
(1.543592898927246 0.146253221571272 0)
(1.13485396410272 -0.4584236897629733 -1.598946245448456e-19)
(1.463325839721608 0.3435956778888762 -3.584103120954179e-19)
(1.009727558827457 0.02856023466368994 0)
(0.2199315136113196 0.002263019012834627 -2.517834151442572e-19)
(1.338217585831984 0.5108221328799841 0)
(0.975705358785768 0.006988219532893572 -3.895922175793353e-20)
(0.7628097791563349 -0.3000092104750683 -2.074892743053833e-19)
(0.5084149574014917 -0.0809943387690218 7.891056310160837e-19)
(0.2267509620592218 0.04905034417384189 3.745707799594406e-19)
(1.061508088448732 -0.138095465860913 0)
(0.03415222803761009 0.00351683414261188 0)
(0.3452968862362044 0.04180669688071437 -3.014692548088822e-19)
(1.005882090337525 0.01776927608537743 0)
(1.454938957665718 -0.01049099810173821 0)
(1.006960848485038 0.02906164654391805 0)
(0.4682381759676687 -0.2728355600237682 -1.008526440665948e-18)
(1.049431497638918 0.0887827830123788 0)
(1.526284484934759 0.0389140397840706 0)
(0.2330447137853572 0.1113349427903583 5.444185329015287e-19)
(0.8791279563846967 -0.3213885265791119 0)
(1.367659349390015 0.05123110434353435 2.720735909626221e-19)
(1.239105959582161 0.2045424065241122 2.09967503743641e-20)
(0.8992398990113784 0.5547449115258239 1.515180217182208e-20)
(1.0341634336811 0.09943394050388168 4.53660962445066e-20)
(1.031805869050939 -0.1484651444148121 0)
(1.36857443429863 -0.02483400416262927 0)
(1.287195218804062 -0.1248300345268161 0)
(0.624511586164582 -0.03916599205021894 -1.364251381156642e-19)
)
;

boundaryField
{
    FrontBack
    {
        type            empty;
    }
    Top
    {
        type            noSlip;
    }
    In
    {
        type            fixedValue;
        value           uniform (1 0 0);
    }
    Bottom
    {
        type            noSlip;
    }
    Out
    {
        type            zeroGradient;
    }
    circle
    {
        type            noSlip;
    }
}


// ************************************************************************* //
