/*--------------------------------*- C++ -*----------------------------------*\
| =========                 |                                                 |
| \\      /  F ield         | OpenFOAM: The Open Source CFD Toolbox           |
|  \\    /   O peration     | Version:  2412                                  |
|   \\  /    A nd           | Website:  www.openfoam.com                      |
|    \\/     M anipulation  |                                                 |
\*---------------------------------------------------------------------------*/
FoamFile
{
    version     2.0;
    format      ascii;
    arch        "LSB;label=32;scalar=64";
    class       volVectorField;
    location    "1672.5";
    object      U;
}
// * * * * * * * * * * * * * * * * * * * * * * * * * * * * * * * * * * * * * //

dimensions      [0 1 -1 0 0 0 0];

internalField   nonuniform List<vector> 
808
(
(0.756263531239034 -0.01750528084672761 0)
(1.031559771992592 -0.01262624218573506 0)
(1.11113091052916 -0.006257990691821859 -1.72805686924395e-20)
(1.085121463476882 0.01259770791672738 0)
(1.363830042241933 0.01384132411825898 -3.847769425272141e-19)
(1.038753758441065 -0.009389529811736411 -7.296066030995387e-20)
(1.014259110213028 -0.02110068677000727 -2.417256446602965e-20)
(1.079197998698186 -0.005385877157168486 9.059365448503204e-21)
(1.254606850844979 -0.02079853471838346 6.293491294366523e-20)
(1.085212593217885 0.01004501304088301 0)
(1.008852545167952 -0.008248401220071587 0)
(1.306094919885784 -0.05388762736165746 -3.4960709680246e-19)
(1.086320981230462 -0.002024799077254983 2.043528375341675e-20)
(0.6752075244139257 0.006359766959314018 0)
(1.277158891082392 -0.115667318946135 0)
(1.081578956081388 -0.0003718644901495497 -3.860451410012466e-20)
(1.224902273960744 -0.144046343985698 -9.482391411871096e-20)
(1.074025343982032 -0.0002149462142755459 3.201636814750459e-20)
(0.9900787415119603 0.003497321840958817 0)
(1.026433386239287 0.00970716375048393 0)
(1.03288987252923 -0.01145509716300431 0)
(0.9875427079980631 0.04482226719063079 0)
(1.051109517431596 -0.005955552610735689 5.721495676051077e-20)
(1.053692790766483 0.009153862668989399 0)
(0.932954636810584 0.1976529945471294 4.583477013312699e-19)
(1.163648554103623 -0.08497897259102902 0)
(1.186000009360204 -0.01917155944753047 1.557683603902229e-19)
(1.077345035710405 0.009596258590667714 5.221225819014387e-20)
(1.083629090896858 0.002256494432713697 5.103640542362402e-21)
(1.071748753602955 0.03088779685526313 0)
(1.075275747058743 0.002820948378930555 -1.180288173952967e-20)
(1.033124163087715 0.006845138478657185 -1.906705206637295e-19)
(1.060029602356691 0.01460984774774916 -2.356513988196452e-20)
(1.088896765378313 0.005643532324471894 -2.937141002008709e-20)
(1.121297627305813 0.03879835869183022 0)
(0.7550097013077687 -0.1231894399551191 -4.543285542013781e-19)
(0.9548213164133897 -0.005856237621062002 0)
(1.068769599926782 0.0222206502769538 0)
(1.068800135340128 0.007273157143875204 0)
(1.07375622468074 0.008846007333629925 -2.824879959907348e-20)
(1.092922737841018 0.0244216175719994 1.09364813451501e-19)
(1.151054890624703 0.003182822906563093 2.143223815832153e-19)
(1.095965559330619 -0.002250294065436094 0)
(1.015316620428903 -0.009175324648484313 0)
(1.132266802589141 -0.09293199827994864 -1.62365578336793e-19)
(1.044087406003668 -0.01162330304582068 -8.239453559453444e-20)
(1.058109771587498 0.0266284812586966 -2.706555320920789e-20)
(1.231211599757702 -0.1124827152302762 -5.578622620828528e-20)
(1.067517948343193 0.01203628520664166 -4.128421835101793e-20)
(1.258350305751268 0.0164842379545845 0)
(0.9966495007715271 -0.01926678773245413 2.200608176335947e-21)
(1.044738402153093 -0.001975488868200859 0)
(1.087570180002361 -0.002068892767240693 0)
(0.999397438572736 0.007355213555933308 -1.854997287905462e-20)
(1.250647980570678 0.03365968636604134 -2.367526529885709e-19)
(1.063454448964034 0.01806422973378548 5.955573101546888e-20)
(0.9917749222940437 0.01078120723536133 0)
(1.017845624777398 -0.006335922952460677 2.464475044227102e-20)
(1.107625783143865 -0.0006110742855955542 -1.172528921157799e-19)
(1.061080045173677 0.03111868417770499 0)
(-0.08981221025415453 0.005862814281702638 7.563586698303853e-20)
(1.154944959691462 -0.05205535202574997 -1.874022433433722e-19)
(1.006391919543525 -0.005782559979737412 -2.706549802504318e-20)
(1.187496081157677 0.06885626373333167 -1.220246908318866e-19)
(0.9975025369997995 -0.009393897468067047 3.087840863265419e-20)
(1.084310175246863 -0.005465194300273287 0)
(1.249320837064258 0.09597200968580299 0)
(0.6960860246619924 0.003177009460043186 -7.435405931310144e-20)
(0.9885568062065943 -0.01388333274795127 -3.217228381585174e-20)
(1.460039373140429 -0.01924868345409444 4.431547111849973e-19)
(1.060485341115586 0.007612187745982283 -6.604429294247863e-20)
(1.368191577756998 0.094719684464179 2.864344184674599e-19)
(1.054820170139197 0.006859640903520845 -1.958056420577501e-22)
(1.081047030275911 -0.01388431482114042 -2.857457317381469e-22)
(1.164745608141807 -0.2362941127951424 0)
(1.021824805634884 -0.01499391369857135 0)
(1.017013471949627 0.01797602678090683 -3.04023327600301e-20)
(1.38619712031239 0.348463063197234 4.198518939184224e-19)
(1.097356879223106 -0.04249319482895671 9.538930857362866e-20)
(1.045758451316693 0.2096641313279051 2.460282055287468e-19)
(1.124205332923463 -0.06026026451568357 1.169263018318007e-19)
(0.9219365938632709 0.005148514433729456 0)
(0.9753300431466098 0.01851014026957277 0)
(1.004063514704428 -0.04874473380376048 2.96600729553398e-21)
(1.009820865344138 -0.01343566733018958 7.777372963729737e-21)
(1.030040911708043 0.02683497041358885 1.368929259911347e-20)
(1.529206631396149 0.03462421418499931 3.234856503377906e-19)
(1.289271653536765 0.07075896189689546 5.584605960542939e-19)
(1.072342643555395 0.003121951262723085 -8.969877804808945e-20)
(1.195980489879232 -0.09323196889771655 0)
(1.033767672975752 0.001912257797952377 1.310780784472091e-19)
(1.165370198896509 0.0217755921121245 -3.168314705719984e-19)
(1.001464524268993 0.03242693296253276 0)
(0.999626373026912 0.002024458504682211 0)
(1.044406448258054 5.139777353526272e-05 7.919721354374871e-20)
(1.216352799478195 0.1103736419861613 4.12787861424802e-19)
(1.011110866739626 0.006985873860257879 0)
(1.091471418674202 -0.06804988424348821 -1.060303688135751e-19)
(1.151273952298426 0.03735806604948035 0)
(1.215942939806536 0.09433059435568743 -1.936102061350801e-19)
(1.108243409799127 -0.02886284722352499 -7.785995082032146e-20)
(1.027283617597 0.0118898191816333 0)
(1.085031081071585 -0.004594392904575816 0)
(1.019002484384306 0.0263502447165481 7.942828377922597e-20)
(1.072233013730756 0.05639438332274129 -9.615901170595051e-21)
(1.103798127373467 -0.004142688333239475 6.373911503644363e-20)
(1.109759295186232 -0.09230252107587676 1.494900621124999e-19)
(0.9640636365226865 0.004373866310739834 0)
(1.065948249887361 0.03117717151994687 3.740815777675992e-20)
(1.168865049207968 -0.0766907891035398 2.290354790341916e-19)
(1.051458575916212 0.04701546238910085 -2.873647124200496e-20)
(1.022760341322749 0.06760819565112211 3.682174733099918e-20)
(1.090179759656589 0.02603259782962934 0)
(1.017936573170077 0.01579177844445052 0)
(1.028997275236413 0.009375141841502909 7.852030228061078e-20)
(0.9485865235782552 -0.03307939905730968 0)
(1.052747372858306 -0.005499854331131322 -7.57482304998157e-21)
(1.342411387205506 0.05718547585864595 -1.557776383223159e-19)
(1.079811792527728 -0.01312228113573926 2.659222043073409e-20)
(0.7439686065039687 -0.00172329611805132 0)
(0.5930036428656441 0.194449759362752 -1.090627253335213e-19)
(0.706194879321759 -0.00249838014066168 0)
(0.6987593602124659 0.01462515829260373 0)
(1.077663730921733 0.003665937673698607 -6.584514899458378e-22)
(0.9906517957613665 0.01450448288845265 0)
(1.278716867018228 0.1223024024532035 2.525803814725763e-19)
(1.012289063973785 -0.02783512116584547 -7.586673649509322e-21)
(1.045815635145309 0.01815292138620042 1.600306670856557e-21)
(1.05868986078646 -0.01186861983413524 0)
(1.126625341615345 -0.009114057103597093 -5.08046848798536e-20)
(1.272021116379173 0.1343262881937768 -2.289417758421118e-19)
(1.089292701962039 -0.01102934722593902 -8.625129697875037e-20)
(1.07047652280545 0.02673600473834029 -1.084136245724418e-19)
(1.040872886094489 0.04677333317462664 7.24152491411417e-20)
(1.022625663226189 -0.003731631196247034 -3.475621550195193e-20)
(1.060849154513304 0.02360544132978722 5.83446745275036e-21)
(1.135348888878114 0.002743690471384123 1.037743546808768e-20)
(1.039034329689561 -0.01513709465429899 -4.810413217693195e-22)
(1.087365262227687 0.03471606782860694 0)
(1.028105330647155 0.01372662982360265 0)
(0.7723074635875389 -0.07306876624607708 -1.810589215213479e-19)
(1.030241864886262 -0.001673273846132953 -6.686273008704205e-20)
(1.129923458220851 -0.004054850777474024 -1.24758238976408e-20)
(0.7034241055971715 0.006568948524556272 7.202158035480621e-20)
(1.174831900952017 0.01973265146839077 -1.95273096310205e-19)
(1.13708826651526 0.007050389282374746 5.021316946820638e-21)
(1.128985385452683 -0.01002267753405024 3.40871516463905e-20)
(1.000934848721001 -0.002945581213913979 -7.067150827669602e-20)
(1.103243062870727 -0.06165498702869243 0)
(0.9889886793426029 0.005277381422779943 0)
(1.057818065630199 0.007039409531471388 0)
(1.005580941142335 0.1883207226124494 -2.406135312064283e-19)
(0.7791763676635497 0.01242865770225942 0)
(0.8569676229040137 0.1011854874158069 -8.302503503724212e-20)
(0.08384334965926261 0.03485270252800551 -2.975140913860965e-19)
(1.171811794739801 -0.03054561287086272 -2.271078712502959e-20)
(0.6712951756148737 -0.007312285984323382 2.449820234436564e-20)
(1.16716152166473 -0.0999142541902488 6.890615938163736e-20)
(1.124164843090444 -0.002132134080316784 -5.716168855831646e-21)
(1.154084990248245 -0.04848356243782725 2.206918867598139e-20)
(0.09319120447817679 -0.2163764408906414 0)
(0.2373931625778719 0.07113375544686092 0)
(1.261641225085952 0.1084382873209481 1.890148145917983e-19)
(1.021081194343141 0.01980298214151744 0)
(0.7378095615416924 -0.006247878694588071 0)
(1.075202957580279 -0.01148786466486768 2.740000049606021e-20)
(0.9747637348392777 0.002848062773811919 0)
(1.298117675317205 0.1242766424158021 -1.532349572104825e-19)
(1.057391884499896 0.01100883697308372 0)
(0.9934505707663532 -0.00693767173003983 0)
(1.065060465234107 0.008335597564675489 0)
(1.006207900777909 0.02087038997147503 2.056109052606156e-20)
(0.9379096626931754 0.01443413902816525 1.204750266530533e-20)
(1.176972301005918 -0.1999465430180387 0)
(1.005159700031588 -0.005183399681304227 8.005950163391022e-20)
(1.059152648228498 0.006393826898961404 0)
(0.7746396498915556 -0.003282993895322553 0)
(1.218339535014399 0.02760114645510175 1.639863183212872e-20)
(0.7049634192398847 0.001364584488443697 0)
(1.435134343593012 0.08542237205817703 -5.177096558523152e-20)
(0.9952336216912351 -0.005725015206899875 1.696484142089596e-20)
(1.27332803354522 -0.00263261924704514 -2.980360707315945e-19)
(1.059550190251048 0.009031069151499507 1.349725573881288e-19)
(1.000911630897239 -0.01354453399596882 0)
(1.210750862042272 -0.1411072595652208 2.053820530200889e-19)
(0.7331844153243761 0.01378557363569128 0)
(1.098485774146144 -0.004948786215809094 0)
(1.155138468968396 0.06875647030200503 1.932956836456722e-20)
(1.006696270166397 -0.006400202220188988 -3.046994644017383e-20)
(1.122045781803918 0.05284102600863447 -1.738538538009177e-19)
(0.1087622551081404 -0.09207942691623962 0)
(1.072689357297319 0.03928259636334966 0)
(0.6617660621477368 -0.002893105411251126 -5.375719613410778e-22)
(1.012141860989039 -0.01945785953929422 9.28705356052994e-20)
(1.061327902539015 0.000852246081179376 0)
(1.075879309397872 -0.1329766350033471 3.742554419441201e-19)
(1.00279556699647 -0.006157758310744079 -3.330955565169733e-21)
(1.00331160891326 -0.004630543177066729 8.21176720946722e-22)
(1.09395837828788 -0.009257700004698831 0)
(1.020705203840107 0.02046697149853071 -6.53509696948553e-20)
(1.106569227467562 -0.001569006039635521 6.459958965056448e-22)
(1.074626662992178 -0.01106391290014579 6.658423852873365e-20)
(1.085698455787924 0.0221988591958582 0)
(1.328774329185333 0.1580747124499837 0)
(1.002043933563405 0.0003715312133102653 4.408784841117503e-20)
(1.318690839026149 -0.1297407775286755 1.586971608960597e-19)
(0.02223442310234593 -0.176834831878667 -2.375312782968775e-19)
(1.071154018399909 -0.005369859635930159 0)
(1.112380325757263 -0.005362604873546055 1.167034437461454e-20)
(0.7267363903581803 0.01779732251547601 0)
(1.0594668980847 0.01086700211789589 0)
(0.8644678793555626 0.1627542122123639 4.635184500315077e-19)
(1.281300181842183 0.1301361528088038 1.928228831212322e-19)
(0.6543032132977175 -0.003097571664830945 -6.496470598365013e-20)
(1.039743648983777 0.004643595021322359 -5.730390524138872e-21)
(1.054746970613666 -0.0002250538548831796 6.492575782859774e-20)
(1.363982404991106 0.1189198130972195 6.635255848869553e-19)
(1.335078755037796 0.2518508452598365 0)
(1.059234051171744 0.006667076409022158 0)
(1.000444331452551 -0.004800833779474606 1.42797783074671e-20)
(0.9927789927410138 -0.003849687459314929 4.213534375526728e-21)
(1.382940420160162 0.1994082703856666 4.295576325775066e-19)
(0.6818481924224608 0.0004654590291496075 9.954702040968842e-20)
(1.005653820444163 -0.002202725257831297 -6.017083654640682e-20)
(1.098227386829714 0.01311825328017055 2.56041340355632e-20)
(0.6694569046851825 0.004958369598427538 0)
(1.066088688586111 -0.01201808520871228 0)
(1.017466102993153 0.1487445809290129 -1.406553434744207e-19)
(1.09153726040428 -0.00384413947075296 -2.558559640088971e-20)
(0.9820068584857912 9.328012168163726e-05 3.303178651938129e-20)
(0.9912116339155718 0.006017901085724588 0)
(0.6381674501185407 -0.00107407914787522 0)
(0.9767060132260977 -0.001206694727687879 0)
(0.642100231773717 -0.001435107822407446 2.637128240188416e-21)
(1.089022240291714 -0.0552099695574541 1.207460719950892e-19)
(1.111310928430271 -0.004611222960616215 1.150495816548848e-21)
(0.9579254081133405 -0.0008608264789969478 3.883298815097463e-20)
(1.017034288067718 0.0101036728268496 1.739239646249338e-20)
(1.066755017020933 0.003954223023624273 -2.529717162737593e-21)
(0.634735773451525 0.00887621048249386 -3.618628369860558e-20)
(1.005872039501349 0.009040324858352289 -7.226605147278662e-22)
(1.037446430389872 0.006620148600662786 5.428220967502568e-21)
(0.9857221075004216 -0.008081335838617087 0)
(0.6099522238617641 -0.0004553030258541187 0)
(1.068897629194389 0.02249047489559905 0)
(1.01665812994919 -0.0167900232931023 1.031430373548596e-20)
(1.023657687373701 -0.009245964014227965 0)
(0.9925076517614698 0.0133837734304722 -9.914478833766958e-21)
(1.009108010922377 0.001674806022658828 0)
(1.133131477775678 0.003368907223818471 -1.167768619459503e-20)
(0.03424751123949207 -0.1432244073818031 -3.805641786675778e-20)
(1.034709049873859 -0.01857904898248485 -5.788197438684474e-22)
(1.041536765722044 0.005581616029316209 0)
(1.08203461568591 0.06998469739350086 8.455158809381757e-20)
(0.9671439196822582 -0.001944616257995218 3.108075695489315e-20)
(1.020144098069137 0.01667276243184466 -2.273287420488975e-20)
(1.003671773661357 -0.002839240107077017 2.430397106620061e-20)
(1.038986030458604 -0.008077935875086569 0)
(0.6408928763043709 -0.004072291867157394 0)
(1.025881187273146 0.0245275812590822 -7.735843952216981e-20)
(1.088036436560191 -0.004898042985857614 5.03466383437298e-20)
(1.01450449297699 0.007547842398255927 0)
(0.97970514431001 -0.0009669236073463143 -1.951070353416634e-21)
(0.8571932163867474 0.008774552194311919 -9.607860190900584e-21)
(1.014005360818061 0.002593528403670819 -9.60304689758222e-21)
(1.022274395197871 0.004755527948072366 1.885535110710552e-20)
(0.9842798394871929 0.003602256733589738 0)
(1.006048602527943 0.01192217773757517 3.289899458150747e-20)
(1.111124621863232 0.0003420552312223594 0)
(0.9311570245150379 0.009965664856320427 -3.094857108479501e-20)
(0.9543786478305839 -0.001164058385216788 0)
(0.9054113662320968 0.2041251375911147 4.999552460306575e-20)
(1.01097514733797 0.06713641468331616 0)
(0.9916082834869326 0.005002434801080729 -2.271205040094783e-20)
(1.059226400944757 -0.05076270044230119 -2.862411236293579e-20)
(0.9935106999589922 0.0007758729449465125 3.261614229680829e-20)
(1.008088212950051 0.007143962279107379 0)
(0.9793310449493097 0.0008839018660064756 -3.022835057729676e-20)
(1.175650824946033 0.1042678522977618 -3.424906710127466e-19)
(1.069349528016589 -0.2649673108130924 0)
(0.9936301132390313 0.0003503232834670323 -2.275010077560409e-20)
(0.9732993778187004 0.001167739500626254 4.849257665930345e-21)
(0.9621442261759128 0.001163808481560871 9.988887078945609e-22)
(0.7459513904085874 -0.001048003459838312 0)
(1.123346585043128 -0.07333180778497263 0)
(1.002711696381062 0.001456388547023135 -2.273895971696102e-20)
(0.9098714408850677 0.01254946224511728 -1.026439997184085e-20)
(0.8439521835918913 0.000154132113783797 2.771207707090593e-21)
(1.013785891656118 -0.008922377427798568 0)
(0.9600180331612687 0.01394735361724543 1.427807059402875e-20)
(1.005560299535481 -0.0002188283372464281 -2.258114200538443e-20)
(1.024929433526639 -0.003477595709894569 -2.512324525496792e-20)
(1.115025061568247 -0.002035732183428266 -4.92512804153194e-21)
(1.11840193779915 -0.002558488160187931 0)
(1.0114185384472 -0.005527249842595182 0)
(1.020700096503414 -0.001599383597624692 0)
(0.9422318006987893 0.002209080295554438 -1.970281321137112e-20)
(1.017853422650616 0.01353950547099133 5.539715711491056e-20)
(1.087525504680969 -0.006271873582429609 -2.329436161478925e-20)
(1.039973023999107 -0.007852155792736404 0)
(1.108470270144016 -0.002471670683519283 1.849174263338549e-21)
(0.9941011773500337 0.001678511877669913 -2.243611150258089e-20)
(0.9826421456102142 0.0006973080407008 0)
(1.010195479701107 0.002968743607050927 4.678482809414821e-20)
(1.365389019993942 -0.3144416067835527 -1.124864735769141e-18)
(1.12131273769703 -0.04350123167287225 -1.101097545372943e-19)
(0.9677369752792271 0.0075742552453955 4.4144432525365e-20)
(0.7644197143237369 0.002558014670318719 -3.386422766140412e-20)
(1.224041983728316 0.05149990116597782 0)
(1.220423149121797 -0.1263598144625897 -1.477543757809424e-19)
(1.083321474840917 -0.003989689754388865 0)
(1.008226782736706 0.0005589569905527638 2.299793293171786e-20)
(-0.1960772964050981 -0.1311980716244239 0)
(0.9939673472280061 -0.004659482148368456 0)
(1.01237179358744 -0.02307407068719177 4.152884749836903e-20)
(0.7064361704088202 -0.01944899675806908 0)
(1.096787629778293 -0.01481448975734605 2.245145014173894e-21)
(1.040613523289046 -0.002466142225229575 1.68538028396066e-20)
(0.6332310741165227 0.004121834220245673 0)
(1.44822438195475 -0.1238416360850668 0)
(0.9859325978993209 0.00166045321878996 -1.069284146235526e-20)
(1.069748100400344 -0.01509561384181591 0)
(1.037775743907575 0.0004472678963568282 2.063769779878078e-20)
(1.081889069198544 0.002678446148745124 0)
(1.012257281582746 -0.002538698272578509 -1.133550031185081e-21)
(1.005840043081993 0.003217847225102096 0)
(1.008045451474244 0.001394305881904958 -1.080089130844956e-21)
(1.004473262605188 -0.02061757957902173 0)
(1.036441110836607 -0.006314444255604959 1.73455584629046e-20)
(-0.1801614875295429 0.03244063443147158 2.753716031456467e-19)
(0.7981735760044461 0.02264096955286739 5.68694702805387e-20)
(1.005277221020255 0.001915409707531065 0)
(1.124946332236862 0.0100844819647453 -1.165628166413561e-20)
(1.114783245114566 0.005843894587328125 8.893019082991635e-21)
(1.054480126524417 -0.01276569912369195 -1.314734317005512e-19)
(0.9987756587751458 0.01038449132548441 1.662679351814699e-22)
(1.081093990125004 -0.002775426458434207 0)
(1.188755267251052 0.05242632995515294 0)
(0.8352197661596484 -0.07589930114698058 4.599598880933778e-19)
(1.089734930002079 0.0003097900177934663 0)
(1.033912714007442 0.007591816319403582 -7.613958497343032e-21)
(1.042446572841393 0.005274659094708356 5.752887635625272e-21)
(1.055222531092181 -0.05897573863598322 -7.605295597347688e-21)
(1.139244289971708 -0.001314305367563772 1.705495636580963e-19)
(1.084995135501808 -0.001216048275400474 0)
(0.9941573558296655 0.001766059302625259 0)
(0.9973174746835382 -0.02681219505332239 -2.43085382542442e-21)
(0.9901680029638822 0.003539928828427259 0)
(1.031345106281878 -0.03723337782073016 6.482669533632996e-20)
(1.290636002688577 -0.09573428816865188 0)
(1.040534329544236 0.00237794381679571 -4.621749327576896e-21)
(0.9861813498735184 0.01697586403866996 -8.899109510025064e-20)
(1.032852302479224 0.04260861871623412 -2.350021104232699e-21)
(-0.07388668395624001 0.1702860247076465 -1.723017528628718e-19)
(-0.07117716045631678 -0.2949262427782866 -1.303801704471808e-19)
(0.8929801501927557 0.1293826868579576 0)
(0.2820410529596909 -0.035452407475181 -3.175027512149781e-19)
(1.005681592789743 3.235313466988963e-05 -1.094900946150133e-20)
(1.063877868512579 0.002726597088101186 -2.076914799076952e-20)
(0.9914711117945657 -0.02091862961510188 3.100557609520056e-20)
(1.024988754892442 -0.03161197799568308 2.684392167073701e-21)
(1.01021199212574 -0.03127581588416083 -6.668412060179916e-20)
(0.9888736745188533 0.004841036513872315 -3.483848818331724e-20)
(0.9932933382342878 0.005214430920504812 0)
(1.024799817338303 -0.002352945644069467 -3.469260908423206e-21)
(1.934757958226475 -0.1563848818331966 1.070680253093586e-18)
(1.044135672063053 -0.003571263858861324 0)
(0.9962159604939925 0.008403463663202181 1.50854312723299e-20)
(1.003607811907197 -0.0004729374217860545 4.002452952721811e-20)
(1.163169401414502 0.1573083354917919 0)
(1.002100267289968 -0.01177725604330582 7.719125536890998e-21)
(0.9517248157992599 0.003011268911808697 0)
(1.037839314760745 0.04174670705525907 0)
(1.307439585890222 0.1544292901137607 2.29699194901808e-19)
(1.079260607480368 0.0006934645531859715 2.328880333273638e-20)
(1.016359083558599 0.02987258827970003 4.499685852094223e-20)
(1.082547493230675 0.002473503151088046 -2.24326483987324e-20)
(1.053108253139764 -0.01802232757715192 -8.340638562719573e-21)
(-0.3874852144527072 -0.05050983053598079 0)
(0.999800128854628 0.01310322091419756 0)
(0.1177008288663465 0.05343050204029065 -9.357567617248188e-20)
(1.006589548605941 0.02024412988176807 -4.034029355580592e-20)
(1.004697637131994 -0.02606472931718967 0)
(1.001427554432888 0.005355641581831608 -4.89188665208496e-21)
(1.082029616656903 -0.04247623403109815 0)
(0.9938731164186153 -0.01786792718059032 -8.089345544440736e-21)
(1.10195481131253 -0.05606508304666458 0)
(1.444800623676916 0.1718143112818757 0)
(1.054907857793255 -0.0121137853420851 0)
(0.9909284543278882 -0.0249741910683867 -4.165441635191481e-20)
(0.9987279306388785 -0.03456334711704052 -3.502110453830661e-21)
(1.014745173692033 -0.02126863528611581 -2.074345639277848e-20)
(0.9966072770414253 0.01668938422238812 -5.475236957797116e-20)
(0.9960857599538765 0.0100299292656277 -1.470182775936403e-20)
(0.9952242391541753 -0.02840584543606558 0)
(1.002053314864542 0.02369760311407665 1.896197871188186e-20)
(1.051933968384479 -0.03031741796874201 0)
(1.111258886671721 -0.03606169435212195 2.566029134604068e-19)
(0.995549416985147 0.0165808962677432 4.515193505387818e-20)
(0.6150349235363374 -0.008693473201973891 0)
(1.14885388787275 0.1627664645394144 -2.027421960816402e-22)
(0.8374691163666712 -0.08144499254973038 0)
(1.138048656930138 0.07280350748940945 -2.761622447971292e-19)
(1.316200790265121 -0.3893430663278655 1.288222686220327e-19)
(1.068985879616624 0.06534245034346144 -1.238053916505308e-20)
(1.011739831950851 -0.03156881145865721 0)
(0.9558487077602119 -0.2159189803734231 0)
(0.5391356382597944 0.1727739860498676 0)
(1.016377265260168 0.01143119303895278 1.18288582297709e-21)
(0.7002703584992935 -0.02245236244830704 0)
(0.9993589239142399 0.01645101618887517 3.473371096338803e-20)
(1.027487747694219 -0.002955196653972782 -2.724664960464389e-20)
(1.078968614836641 -0.008053834572262747 2.674286400149735e-21)
(1.053478570305598 -0.02801209860998723 2.6964576683723e-20)
(1.042688111793573 0.01174570472647804 0)
(1.060944692172896 0.02059872288644255 -8.626584929030968e-21)
(1.049937429744744 0.03635502103625173 -1.787783570224832e-20)
(0.9837355123202907 -0.02266800708579626 0)
(0.6248896061962901 0.005101185047462114 9.168841322190269e-20)
(0.8941524664864321 -0.005936571422474648 -8.844381457150729e-20)
(0.9093730243212427 0.005245097853672123 1.451764577474681e-20)
(0.629626891272964 -0.006441422482667921 1.409039101389483e-20)
(0.9809586762680729 0.0005665191690184558 2.468682970730136e-20)
(1.004417529863201 -0.01748623871568262 -3.415842201913869e-20)
(0.9843955876276922 -0.03606249568583896 -2.907743188817753e-20)
(1.085621419728481 0.001640484597454986 0)
(1.019765467749231 0.005247388339292388 1.024858404915846e-20)
(1.132379288650442 0.04859090278053158 1.33351122898758e-19)
(1.031026130716177 0.04159111718287412 0)
(1.022663025736701 0.002572381572627134 0)
(1.584428158631516 -0.1680928084252944 4.383011772029656e-19)
(1.058950363884801 -0.04432571650655401 0)
(1.018928428501774 0.01049743806890842 -3.686197096763962e-20)
(1.08221391559179 0.006443481336132921 0)
(0.490804300269453 -0.002167107291631698 0)
(0.009124836873318002 0.01781883074175079 0)
(0.9913632887680581 -0.02390114946007536 1.244538563446458e-20)
(1.301837672940135 -0.09645269281481929 3.70259500441728e-19)
(1.031602523193574 0.0352587087529947 0)
(1.022389119520763 0.00357174105338413 -2.1971506002977e-20)
(0.9385965054443275 -0.1604578103607685 -4.369420186452475e-21)
(1.257004543833482 0.07594787696878494 0)
(0.5971843330452439 0.7288554268247824 0)
(1.310616633784479 0.1429731870202736 1.055679519321332e-19)
(1.677387769406337 -0.02620719079549452 0)
(1.05566211136644 0.1263420608747128 0)
(0.7178107206147663 -0.01343386932278416 4.11384613790678e-21)
(1.046610746111233 0.04495125928137425 0)
(0.7586348168148982 0.1230158420869633 1.367900398619762e-19)
(0.9967917430869395 -0.01640022445884691 3.577673576452086e-19)
(1.039053381978339 -0.04078058197211745 2.767620948269188e-20)
(-0.3793948283910992 -0.0417312055026803 0)
(1.072310294368774 -0.01631465373430798 0)
(1.08402796690625 -0.006844799736548565 0)
(0.6489386510249706 -0.5047472179052885 -2.47439323954419e-19)
(0.9895541651980237 -0.0006919008608327616 0)
(1.09243123179337 -0.02163630196920153 5.979036013994085e-22)
(1.187461727762621 0.1208547054354027 -2.026393096372644e-19)
(1.098570727039481 -0.04770048366628968 0)
(1.00612749196564 -0.02091073624487708 0)
(0.7723061542602845 -0.1845784412919791 -1.624153817669753e-19)
(0.8810602665483561 -0.135970727135438 1.469357030331324e-19)
(1.033277723433328 0.01419881948913301 -2.099516908740427e-20)
(1.023125488331817 -0.008977219270887434 -4.407010704866894e-20)
(0.8774115357434411 0.006916190825208716 2.870452041962293e-22)
(1.505724375957382 -0.1946986702863575 0)
(1.308902099698213 0.1132436743173277 2.97157724198956e-20)
(1.241344384185991 -0.07546845294197184 -3.295102850324422e-21)
(1.095735856939148 -0.01861557340368941 -3.990709483221146e-20)
(1.035148727350615 -0.016034124771212 2.944204728147201e-20)
(1.09282804741325 -0.03908190092617682 9.408787579906347e-20)
(1.031958591492622 0.02064910969286529 0)
(1.050303011798102 -0.03678589102337042 0)
(1.115932021922415 -0.008958496530775363 0)
(1.098639843302659 -0.04162921790250289 0)
(0.9982826478520352 0.01098539281602387 0)
(1.151784715116226 0.08167326327692813 9.498356440648135e-20)
(1.339298431754924 -0.1564716068956006 0)
(1.037866059828781 -0.02752099404062702 -2.55442684048803e-22)
(1.047684168872219 0.05279196904458733 0)
(1.010219686083663 0.01425847470556741 -3.843810151499274e-20)
(1.033728279604345 -0.007418405579200972 9.282426543135607e-21)
(1.088941794185189 0.01344950833317946 -3.206562260531424e-20)
(1.084818299846696 -0.02810733280294231 0)
(1.070990883257092 0.004109108608560267 0)
(1.103877811811879 0.09311024728500952 -1.406136475714627e-18)
(0.9354000586037234 -0.149920067510582 -7.085939664330524e-20)
(1.1739335444907 0.1176117702206107 1.149502624964073e-19)
(-0.4638822949519902 -0.02385725038086375 -2.906049961139688e-19)
(1.01788707865609 0.02931565161979038 -8.667629304859945e-20)
(1.006263258838967 0.003467964534434187 0)
(-0.2483447270149375 -0.005022169967359033 3.567456674238335e-19)
(-0.03322810249776974 0.2972659935562138 7.437291009586668e-21)
(0.9952093325316168 -0.006268415803350143 9.294040304006419e-20)
(0.1838212047635726 -0.04503006734185352 1.296962147580424e-19)
(1.084885821334353 0.08836355091651721 1.409442888316062e-20)
(0.09365546736024442 -0.1108290620081142 -5.465086502736794e-20)
(1.108421176771118 0.003026785309636656 0)
(1.097868250583612 0.2514196122120361 0)
(1.021078536112122 0.02148610848593302 -1.696568318228792e-20)
(1.062734073356474 0.05326824196205789 0)
(1.025802959102203 0.02344449538873294 -8.366624890971788e-21)
(1.263330350521217 -0.5491187679028841 8.025937138018377e-19)
(-0.1115742643169874 -0.240824041441401 2.113632950244174e-19)
(1.300959153172693 0.1130981247647825 -6.19952798978227e-19)
(1.122517404159594 -0.001637545281432607 0)
(1.123118453837865 0.1059835894197626 0)
(0.5226138786953842 0.07728291645778831 2.42961167703463e-19)
(1.02356984344702 -0.02024484065222233 9.511487244926996e-20)
(1.006418910747472 -0.02322681162472552 0)
(1.210998364403167 0.2703828332826299 -9.682098991111924e-20)
(1.26031136542566 0.1280970719112208 -1.524822126665793e-19)
(1.026549369373476 0.003246831889019615 1.573502196177843e-20)
(1.298825880233209 -0.08513337927403368 -4.974583084469541e-19)
(0.3042622357940925 -0.02133650384638056 2.881178303797367e-19)
(0.8311692127488592 -0.1487064116258613 6.857548731714772e-19)
(1.040362960656844 0.05437675209006757 1.097311782486967e-19)
(1.038217576515136 0.00355942152576933 1.644120270961117e-21)
(1.000942062491126 0.01916911468333664 2.886126716547456e-20)
(1.066493626031126 -0.03682866931730863 0)
(1.034667609044712 -0.03848077567171249 -1.483596178440687e-19)
(1.016704083332313 0.03393612635111985 -4.587668245873168e-20)
(-0.05798667838182298 0.07479472541096883 -5.01094886875331e-19)
(1.010963613666084 -0.05810802313353564 0)
(0.9051734032120178 0.01185568075410974 0)
(1.091387200584135 0.0003394200349689199 0)
(1.363647568826091 0.2572335093766157 3.757428463808203e-19)
(1.696988997996791 0.1031975743408033 1.326728978533969e-18)
(1.409268461654523 0.1486762617031381 0)
(1.03551653733236 0.02096270749735112 9.930225236784308e-21)
(0.3458695446138105 0.02984672939194782 3.255536075834142e-19)
(1.13194196651866 0.006385483793983078 0)
(1.093118482484294 -0.02537067970897563 3.270943778021507e-21)
(1.092887892679544 -0.03342328383852806 2.651314186669478e-22)
(1.134911666406607 0.1057718770996535 0)
(1.302095322031501 0.05529183680098822 0)
(1.039643529500532 0.001244485532599343 1.174938685245694e-20)
(-0.1518451722299589 -0.1144614724188233 -3.853786355421127e-19)
(1.325059962642391 -0.1492948456772434 -2.159920374526756e-19)
(1.067844222442251 -0.007387038411982101 0)
(1.013068572648567 0.01512000040805924 3.052340835519049e-20)
(1.156282452114664 -0.09338300834241788 0)
(1.016550730552374 -0.01737569393733226 -1.136515569910578e-19)
(1.030667034138144 0.008270539711351509 0)
(1.513454884923614 0.08710588412596205 -2.821390334322304e-19)
(-0.02675054279512559 0.03940815246987657 8.211713597385081e-19)
(1.097064010355754 0.05245828899684528 2.111218536685269e-20)
(1.092377937115866 0.07873353562077819 2.112104314491943e-19)
(1.009852708705924 0.008669029930999151 -6.115493848126597e-21)
(0.006180875425412195 -0.1160296769030963 -4.781831180062234e-20)
(0.02124187256226148 0.1035145253058007 3.706180266736594e-19)
(1.229544956230949 0.1449423043435812 -1.631679401939742e-19)
(1.099373593451822 0.08565019678016116 0)
(1.087653734169505 0.02543194885090808 1.761607681192261e-19)
(1.00711052635665 0.02214045664849802 1.731490577967385e-19)
(1.028774331795304 0.0007542713845921514 -3.686453876220418e-20)
(1.220721368222305 0.1492377410855895 2.625213112288487e-19)
(1.395739795242404 -0.1312884571700461 -2.079331995416718e-19)
(1.065808995545169 0.05015828024002232 -7.254902793575933e-20)
(0.9935527441413958 0.006878597445870821 0)
(1.077537748237555 0.06956964153461266 0)
(0.9809900601767999 0.005605648973475092 0)
(0.9926807716790901 0.00809282748831407 2.363312539436076e-20)
(0.4919011067793114 -0.07356326616502919 0)
(0.9929608704064027 0.005080246211768813 3.585337018182156e-22)
(1.291282079552642 0.07769064200017746 0)
(1.004525309596507 0.005588756077439595 2.221584795337436e-20)
(0.7946858391441016 -0.1202546166892974 5.824344788347316e-20)
(1.092620715424149 -0.01839421016341762 -8.99349388520671e-21)
(0.9398523308115218 0.01655212924691383 -1.768085536318974e-20)
(1.439443258206359 -0.283653566619553 -5.338322215666817e-19)
(1.134289732367738 -0.09161201218581863 4.72212597517997e-19)
(1.088706603491414 -0.02524145917853865 0)
(1.933549655250402 -0.471294463854073 0)
(1.623754648310699 0.1888160087295599 0)
(0.9845131241903863 0.003729656258366609 -9.786992050377129e-21)
(0.8585411332990318 0.7730989504459965 2.398705982579662e-19)
(-0.00781006514671299 0.1908896108511831 5.460367311092299e-19)
(1.040517053549231 0.006853180907095932 0)
(-0.2202730195792882 -0.1027925405669106 2.060569192885773e-19)
(0.9842441327558253 -0.003405197380645091 4.131597714316903e-20)
(1.180377525781264 0.161316464542085 -1.632842685624457e-20)
(1.044645931537283 -0.02210678358864957 5.535381115567749e-20)
(1.041443402323904 -0.1369171638788672 1.375536962585313e-19)
(1.13816691564088 0.005820787924922005 4.41491501936316e-21)
(1.099655056366944 -0.00967119914595101 0)
(1.309475666884677 0.5299012615729108 -6.028169127209269e-19)
(1.02999724776504 0.002070738156544272 -2.088874230121162e-20)
(-0.3056199784664216 -0.05539459474217721 -2.044068318455149e-19)
(0.6794497691393683 0.01844912028612162 0)
(1.087866831337958 -0.6986488838786188 -4.829029249988373e-20)
(1.313303049360401 0.08539558110138706 -1.106145873208676e-18)
(1.114769798086025 -0.1085918581602557 0)
(1.087181070407854 0.2787056059484677 0)
(0.9723935248789867 0.003291049203256583 -6.160408370845626e-19)
(1.064952585639563 0.008476724203021896 -4.325447272562193e-21)
(0.9245591177009569 -0.01214241081715209 0)
(1.09070718678586 0.03086587859477768 -1.761998407025305e-20)
(1.36976461855565 0.2138759831129489 -1.847460403701635e-19)
(0.7323703803086598 0.09701413946265702 -1.051135053910684e-18)
(1.07907194888221 -0.0006253804691816762 0)
(1.262434341948738 -0.05861905355823581 7.039705117786309e-20)
(1.005907873749321 -0.0007979262402186759 0)
(0.8496626709722188 -0.7758997085361768 -8.047293914868968e-22)
(1.081936108945698 -0.05213037916195717 -1.092629525590727e-19)
(0.8759804502727226 0.3242568719127482 2.931309151702584e-19)
(0.8309186251044142 -0.1991330697250113 0)
(1.031614946403176 -0.03470879813861209 0)
(1.054505458864543 -0.02789197190010327 0)
(1.007763480809223 -0.002648885821719252 0)
(0.9811650630975114 0.006171428168040945 0)
(1.345042183246446 -0.2371918533805128 0)
(-0.07521813315844206 0.1507834454686078 2.497375688633828e-19)
(-0.01307517648200902 0.08072387857289265 -7.005468567363541e-20)
(0.2101409163595858 -0.1010963988010502 -4.327881303134983e-19)
(1.520473432069449 -0.4389969198915326 0)
(1.034808621252838 -0.01660957357304613 0)
(1.772364638630217 -0.7590271840111217 -2.346807368665721e-19)
(1.138419304199132 0.004559500610953305 5.79537592629659e-21)
(1.324015418691844 -0.09072037611013341 2.826681984749128e-19)
(1.107325934424265 0.7084462448540471 1.434422758141636e-20)
(0.3384101568680664 0.5920852524037994 -2.223550518730397e-19)
(0.676068901705195 0.4581060563069101 -4.78286979242179e-19)
(1.045836007270261 -0.1506234085554936 -2.243011729185009e-20)
(1.226361765450926 -0.3606729941017053 0)
(-0.07018837303104203 0.1890102004583535 -7.345966230230351e-19)
(1.046690818103132 0.02376142118238927 0)
(1.102591779676827 0.02862959208231118 -1.564481609936883e-19)
(0.8139029598871834 0.8950294364732664 0)
(1.066198603123382 0.03371088809453028 7.675923121012715e-21)
(0.2782747009045827 -0.0722759951748858 0)
(1.10151382207993 0.02037904119882182 2.46700115908926e-20)
(1.37039181666743 0.3242832831674999 -5.563372516393833e-19)
(1.074652400800593 -0.01194148190050468 -1.660901155486398e-19)
(1.469792225603876 0.1591995911203599 -2.535367651179225e-19)
(1.330853232617015 0.4180347728654561 0)
(1.171409500814544 -0.2686070882331384 0)
(1.302736409916881 -0.1348635687652534 -1.221267502076545e-19)
(1.066906202269005 0.01621324014527664 -3.333569244518934e-20)
(1.060590714312647 -0.01206396464675998 0)
(0.7410129341673342 0.1426263172610615 -1.11114998737331e-19)
(0.7747906979282767 -0.5775568825783347 -5.695631912131029e-20)
(0.6667831974844886 0.2030240628121695 9.593862233767401e-19)
(0.9904647211488656 0.1137342222094452 3.470065727710449e-19)
(-0.004476868324982221 0.08290903673260018 0)
(0.5786557284510165 0.01416598312991869 -6.7190544213329e-19)
(1.059229006470771 -0.03879122763908879 -1.88999611174542e-21)
(0.6939034194739254 -0.1214107469396541 -2.804620683903028e-19)
(7.839755167168058e-05 0.2117376585229288 -3.120426775333123e-19)
(1.180449569612077 -0.07653580530137429 0)
(0.4010232869392865 0.01502421169135808 0)
(0.1603704592857747 0.3703791081433573 0)
(1.439972392489346 -0.2620203485825123 0)
(0.2344521515954285 -0.3584756674098428 -6.396523424280369e-19)
(1.596764354059184 0.03890596726019526 -3.87885449978815e-19)
(1.025899296117471 -0.2021378641803272 0)
(0.6778533765726892 0.01314626500202276 2.51522278488608e-19)
(1.024907581204688 -0.01064780921844388 3.529874766421555e-20)
(1.137762287704883 0.2355518250129749 0)
(1.732166299662627 -0.1117682077935382 0)
(0.5814488032333911 -0.737612339748172 -6.820255915191816e-20)
(1.270332471234425 -0.1068598205529102 -1.006078651889413e-19)
(1.406500565720979 -0.08511890550123644 -4.322780138367738e-19)
(1.48312104592108 -0.06554897269364425 3.671027134174873e-19)
(0.09410556478804386 0.09911858415109598 0)
(-0.1174653934114238 0.08145754257013645 2.783534997905207e-19)
(1.038465274452694 -0.06353876318338005 -4.454188598341931e-21)
(1.120521040491827 -0.1406898107733696 0)
(0.6411289854326452 -0.3572139011645002 5.200386241552602e-19)
(1.04904307428507 -0.06336038907494206 1.418337547841673e-20)
(0.8350433181214008 -0.1369030930204303 0)
(1.312648690184267 -0.1327432169496075 -1.050452486991947e-20)
(1.116875602977728 0.08458749373825794 -4.35259122549556e-20)
(1.090985110965307 -0.004960934532999751 0)
(1.126925230026065 0.5696741936130723 -1.115966463358104e-19)
(0.3425886499395795 -0.5999340660455112 0)
(1.060430768142144 -0.00320329250145961 2.813645280566222e-20)
(1.096991636863381 -0.005137186518674451 2.666328536011226e-19)
(0.08025853329603626 0.1418453787292696 -1.694316309550631e-19)
(1.180041746848867 1.000698041711454 -2.236270664126843e-19)
(1.369391750710196 -0.1383389888494464 -8.827540378805598e-20)
(0.9497270574530338 0.1340083180234183 6.808300497498933e-20)
(0.998142843744231 0.003511131234530298 1.028960767341964e-20)
(1.049247424747767 -0.1412026840981706 1.783454239674504e-20)
(1.508984785349729 -0.9495447540404434 -5.243409597395278e-19)
(1.532074950166267 0.9495595752457983 2.365277704256848e-20)
(1.432022554417237 0.2240876228182741 3.381678029445257e-19)
(1.028778528271042 -0.007280203355239501 2.0775900333858e-19)
(1.035456033660769 -0.03313144420897093 1.62438232098269e-19)
(0.9918932076836189 0.02162066538475865 -1.903183468129239e-20)
(1.057778669461178 0.0385821193918905 -1.466310336154522e-19)
(1.079135903315841 -0.0655228995122412 2.90338351091481e-20)
(1.434608923524086 -0.1355412721866205 3.403601907216626e-19)
(1.819094521859849 0.7481171723287108 1.864839151785579e-19)
(1.034398150993874 0.02939147191209664 9.714017603223671e-21)
(1.071828129833955 0.01408021571780043 -1.06291853847733e-19)
(1.986659142794412 0.477709715012558 5.363094246144227e-19)
(1.929358822211584 0.1601902246414525 9.349245477734649e-19)
(1.080573400270371 0.6380153092035042 -9.738982810871099e-20)
(1.109265776720696 0.1713736882646757 0)
(1.044108944059082 0.02310541794479248 0)
(0.5104469848384235 0.4383998476272772 1.166970763516077e-18)
(1.376269774265084 -0.2992611330159916 1.874517475412219e-19)
(1.192570226877354 -0.1446492338949918 0)
(1.632945756545565 0.2355979477739155 -6.200814184631426e-20)
(0.8050201126452509 -0.1518085908868087 -1.306800625943086e-19)
(1.327634672513556 -0.2096312548373199 -9.056674120676041e-20)
(1.249341256511568 0.3891479992966981 1.44165545526572e-19)
(0.4925878443829108 0.1953204736734038 -5.609410517462519e-19)
(1.68808306353577 -0.02033202312539152 3.29736739619455e-20)
(0.8564818125882622 -0.5456266032866173 2.231716278415694e-19)
(0.9985315966373254 0.02315178458279255 0)
(1.618863181381281 -0.186546718077885 -3.11823768880208e-19)
(1.089993217088895 0.1004905036926906 0)
(1.338379530125138 0.5805803719895194 0)
(0.94267841276122 -0.4146303072523544 -2.753964932348575e-20)
(1.247159097789272 -0.02567309746104846 0)
(1.038483387608492 -0.003596035595704546 -1.255144125924311e-19)
(0.7274102629793947 0.1081528526607705 2.979456048777024e-19)
(1.324636542321939 -0.5820686056047141 -5.581989995285566e-19)
(1.052676085348171 -0.6338750382647466 1.104737235554174e-20)
(0.351804775660801 -0.3790228800068048 -8.703481366837574e-20)
(1.007235200522544 -0.09588681402969869 0)
(0.4460335475578917 0.3011137008820091 1.683609702401894e-18)
(0.3094149275783151 0.04417961140922552 0)
(1.308037281985985 -0.1364318991559349 8.112536189290376e-20)
(1.577104069034553 0.1902152674761744 0)
(1.166117216208188 0.4462957732958319 1.336169811191132e-19)
(1.053116554144254 0.1527420453113384 -6.397389922838002e-20)
(1.031751754421699 0.00460958249013112 -2.020162918760278e-19)
(0.9564778660287303 0.4086061956933532 0)
(1.163400336044559 -1.011772496079499 5.850725000501056e-20)
(0.8910512855045442 0.009415340667199788 0)
(1.068629541006201 0.3784729668300871 0)
(1.056944413132986 0.02690130946134673 -3.990376630330528e-21)
(1.473347179967033 -0.2999145361009604 0)
(1.244257997238054 -0.1853718477667 -2.950754791514513e-19)
(-0.00480330510915152 0.02459045491427093 -1.993344480130236e-19)
(0.2385602891053173 0.01669829741750801 8.857796626503325e-19)
(0.9811924689725596 -0.09897011865189992 0)
(0.4717576742979075 0.6456227644869119 -2.551284140377722e-19)
(0.917411643193584 0.02984903548856615 0)
(1.537056388143986 0.4146922511746456 5.482594043565395e-19)
(0.4868453071105162 0.1492372904287862 -6.375761095911313e-19)
(0.03046091991635068 0.1748599829153223 0)
(-0.4313989932510474 -0.05766399207292593 0)
(1.032382346529442 2.422074710735508e-06 1.278537442609905e-20)
(1.659260768098836 -0.2266922558651592 -1.100684573630694e-18)
(1.110063180921304 -0.5639243433912526 2.378760091234857e-19)
(0.7814487442110331 0.332388737419371 -8.749023846931521e-19)
(0.9320375913526319 0.1396836282711697 1.526426428959645e-19)
(1.043556953479766 -0.003581121125074695 0)
(-0.3004393030739822 -0.1254608427893053 3.979020947651981e-19)
(1.033394626156961 0.04670777084198355 0)
(1.194791138241064 -0.2425383715032937 0)
(1.560883266470852 -0.1890568930880816 5.166460875072603e-19)
(1.123924471566393 0.07825944256717794 -7.565535466645889e-20)
(1.067177460248436 -0.1439349342709739 8.386745163246415e-20)
(-0.05021622135022429 0.1059905733768128 3.481588728679999e-19)
(-0.08312725960459906 -0.1564843297286892 2.697109959962537e-19)
(1.073339364023289 0.2115839637913355 0)
(1.096095228358211 0.06124715810105855 2.126777055797897e-19)
(1.494313343958705 0.2858297647147238 -3.595521766978393e-19)
(1.32367916269509 -0.4881314529709022 2.368316412842978e-19)
(1.153967572174006 -0.1426648476347943 0)
(1.120832626326743 0.1502604838303875 0)
(0.527326874068804 -0.6911819097796827 4.126783143640401e-19)
(1.312186957162398 -0.03924194827777391 -2.98472538477542e-19)
(1.007239862037653 0.09979907326760235 2.517891472571415e-19)
(0.3127758998977371 0.3537422443680148 -8.923476741745292e-19)
(1.029856077264657 0.106559325210539 -4.065705922489339e-19)
(1.037569280018677 -0.3970263699089098 -4.845752447668861e-20)
(1.459272391326064 0.1079274111001141 -6.53465496539483e-19)
(0.7806945159738721 -0.8864524713379338 0)
(1.056771555969696 -0.03075748667762476 0)
(1.144399533451396 0.1725508630878655 0)
(1.616023736420803 -0.04094564909818951 0)
(0.8140685450260352 0.5924800110549095 -2.055428259854596e-20)
(1.49295675247997 -0.3578931010135825 4.546239709985495e-19)
(1.54032587116142 0.1464816892520848 0)
(1.136691079241521 -0.4600216655008236 -1.649393353740993e-19)
(1.460322841347653 0.3430173526859136 -3.55309643939576e-19)
(1.009244756430856 0.02806133157944641 0)
(0.2145308348310637 0.0003299101369279269 -2.497395186192164e-19)
(1.335497835684676 0.5096076349391494 0)
(0.9776742560369245 0.007112251659617811 -3.904050946745196e-20)
(0.7635077325650004 -0.3022935546919659 -2.061503297577011e-19)
(0.5084620941572005 -0.08378730690224305 7.879670705042134e-19)
(0.2176033031985322 0.05513015206204899 3.704050773722301e-19)
(1.06212446208914 -0.1387232976572929 0)
(0.0420874160146511 0.004814497549624321 0)
(0.3443305866408672 0.03872346208337461 -3.022959061433987e-19)
(1.00558737343596 0.01740779571495139 0)
(1.4522339823273 -0.008737515572363991 0)
(1.006714775480008 0.02835355070193206 0)
(0.4692445342460126 -0.2759131575817976 -1.004471365320787e-18)
(1.04897918964954 0.08849980645135148 0)
(1.523198224826286 0.04027774853004722 0)
(0.220523649734488 0.1223815176360869 5.438072439908542e-19)
(0.8800241463962649 -0.3233852727797186 0)
(1.365419791010115 0.05231319776107608 2.697318407761099e-19)
(1.237427547584874 0.2042197896856959 2.070261907748221e-20)
(0.8976227833868596 0.5526115987496794 1.557547774587308e-20)
(1.033662453913296 0.09898048070739923 4.766899946485788e-20)
(1.032432037889215 -0.1492627164047215 0)
(1.366373347688593 -0.02319555511921316 0)
(1.287686590637173 -0.1201222417718784 0)
(0.6246602082447502 -0.04166094941565093 -1.363381025373899e-19)
)
;

boundaryField
{
    FrontBack
    {
        type            empty;
    }
    Top
    {
        type            noSlip;
    }
    In
    {
        type            fixedValue;
        value           uniform (1 0 0);
    }
    Bottom
    {
        type            noSlip;
    }
    Out
    {
        type            zeroGradient;
    }
    circle
    {
        type            noSlip;
    }
}


// ************************************************************************* //
