/*--------------------------------*- C++ -*----------------------------------*\
| =========                 |                                                 |
| \\      /  F ield         | OpenFOAM: The Open Source CFD Toolbox           |
|  \\    /   O peration     | Version:  2412                                  |
|   \\  /    A nd           | Website:  www.openfoam.com                      |
|    \\/     M anipulation  |                                                 |
\*---------------------------------------------------------------------------*/
FoamFile
{
    version     2.0;
    format      ascii;
    arch        "LSB;label=32;scalar=64";
    class       volVectorField;
    location    "1090";
    object      U;
}
// * * * * * * * * * * * * * * * * * * * * * * * * * * * * * * * * * * * * * //

dimensions      [0 1 -1 0 0 0 0];

internalField   nonuniform List<vector> 
808
(
(0.7562529747200069 -0.01749768870702105 0)
(1.031469358487267 -0.01261458284865217 0)
(1.112461788485555 -0.006234040605577519 -1.76463433258134e-20)
(1.085118260383405 0.01260854964807598 0)
(1.364901002537364 0.01543197815591128 -3.891183278983117e-19)
(1.038728001748781 -0.009341468516815849 -7.209257026869257e-20)
(1.013827496724561 -0.02107779002299849 -2.356457598463103e-20)
(1.078967004565821 -0.005396079754455796 9.014665995745703e-21)
(1.254889529162638 -0.01958943811918776 6.343155204472078e-20)
(1.084868981247487 0.01045766701751744 0)
(1.011329668859943 -0.00757659452342423 0)
(1.30676705239904 -0.0527322257765032 -3.54176412134941e-19)
(1.086131962669348 -0.001944636658078745 2.036816677047312e-20)
(0.6751595822602393 0.006380447556778095 0)
(1.281407769482195 -0.1132994528412508 0)
(1.081421342041145 -0.0001281341028526496 -3.835074335294469e-20)
(1.228255373902652 -0.1432337127392738 -9.618787903333461e-20)
(1.073913722954173 -3.346080566301067e-05 3.181045748802959e-20)
(0.9918775637171332 0.003922210966303168 0)
(1.026279133202901 0.009600970716038316 0)
(1.035326437446023 -0.009827680375228435 0)
(0.9874829460128708 0.04443390503397743 0)
(1.051137412401163 -0.005914842779101799 5.584451015165074e-20)
(1.053488045595373 0.009306793622499667 0)
(0.9325657548906603 0.1968889047430097 4.604607675556236e-19)
(1.166348110304672 -0.08451323531812836 0)
(1.186186271775475 -0.01829450308779921 1.580505655886907e-19)
(1.077427569008116 0.009477125037250334 5.199349131360576e-20)
(1.083761374682426 0.00233389312235135 5.06584813286648e-21)
(1.071833430084 0.03088308661024009 0)
(1.075404115227554 0.002776977336867278 -1.17463789731713e-20)
(1.032973750632755 0.006836427266189602 -1.949221630715917e-19)
(1.059934475566541 0.01476554826635652 -2.377358578595898e-20)
(1.089068610531318 0.005514925012449271 -2.931246619837092e-20)
(1.12039609679414 0.0394778280455011 0)
(0.7551523909789281 -0.1242183300253215 -4.537081148543711e-19)
(0.9547408818527728 -0.005878435927729768 0)
(1.068844928901042 0.02229076261898253 0)
(1.06881301247494 0.007330521975412859 0)
(1.073678039732675 0.008971572244570836 -2.835554211320791e-20)
(1.092329155381762 0.0247432401542345 1.111659309910779e-19)
(1.150933104885461 0.003997590146836548 2.177190178891372e-19)
(1.096023422830414 -0.002295389416561309 0)
(1.015622205762408 -0.00901319561859191 0)
(1.134226320200391 -0.09453313856649417 -1.629214459741151e-19)
(1.044099968603594 -0.01158303807084449 -8.025478330271034e-20)
(1.058168583841589 0.02662016592687007 -2.78856357646165e-20)
(1.23184271700383 -0.1119965021780031 -5.609901041740512e-20)
(1.067622548036835 0.01211722547902295 -4.229681634822439e-20)
(1.258316869937694 0.01819232464722073 0)
(0.9962906665434533 -0.0189766120393335 2.127513269633797e-21)
(1.044663048171031 -0.001813660884235825 0)
(1.087640175876373 -0.00208874900022778 0)
(0.9993947310657616 0.006801530820545743 -1.833247079223666e-20)
(1.250318641997819 0.03464373705215965 -2.333650556169193e-19)
(1.063598684786139 0.01812578222713263 6.101656759872648e-20)
(0.9921715247399993 0.009516558356251611 0)
(1.020201198320233 -0.007450149155287944 2.375737982054069e-20)
(1.107451922605517 -4.808932500011956e-05 -1.194154957328229e-19)
(1.06115390808829 0.03100949630397888 0)
(-0.08600204758865537 0.01073827247176009 7.302190284579194e-20)
(1.155282649320583 -0.05155023910207006 -1.907952411472583e-19)
(1.007169711377475 -0.006749836452728988 -2.609661847272423e-20)
(1.185596360267912 0.07042566482940661 -1.234275116138773e-19)
(0.9980587704152833 -0.009305149678485199 3.020816400605026e-20)
(1.084311752986658 -0.005499721832309683 0)
(1.24769734523638 0.09920644866134212 0)
(0.696070879248147 0.003195793447111681 -7.471981898517027e-20)
(0.9892439821609129 -0.01331762796212825 -3.147524023570712e-20)
(1.46162488988907 -0.01779803176857998 4.481160769084348e-19)
(1.06047551821319 0.007601249994937717 -6.751626207253837e-20)
(1.369254153594298 0.09748992269377288 2.90428510198821e-19)
(1.054755106840202 0.006891758253048482 -1.905777967649889e-22)
(1.081187579301743 -0.0138433460489665 -4.137153300057521e-22)
(1.165545776607742 -0.2365264996386 0)
(1.021695083414335 -0.01468777938107301 0)
(1.01697270986038 0.01774876931317362 -3.11561807544113e-20)
(1.384813482169478 0.3485827003870983 4.160096733605376e-19)
(1.097170888476752 -0.04239787994182062 9.385422462913177e-20)
(1.045213311128701 0.2091019997908247 2.524496897383985e-19)
(1.125616639093721 -0.06033757665122136 1.15444088884924e-19)
(0.9219652156469141 0.005127634510172633 0)
(0.9753767467263931 0.01851224358232147 0)
(1.004126047605926 -0.04896676317400559 2.740569468587382e-21)
(1.010011672077248 -0.01308615397631051 7.559456248114163e-21)
(1.029751485730299 0.02650151026723371 1.394716973450004e-20)
(1.531026223657974 0.03635859729460136 3.266622896050039e-19)
(1.288504777618462 0.07171064869853806 5.508863612247594e-19)
(1.072290178918999 0.003085593721956993 -9.185804919222956e-20)
(1.198705762768903 -0.09177935263922314 0)
(1.033679062169992 0.001919958313786175 1.339992529558151e-19)
(1.16498907931441 0.02284163725426948 -3.219191954357525e-19)
(1.001431562110213 0.03231689430570325 0)
(0.9996260265807764 0.002036832531512392 0)
(1.044503183415154 5.942688390473317e-05 7.766684592328939e-20)
(1.212280254051564 0.1122360180514241 4.153801536414456e-19)
(1.011072266521406 0.006993605421618036 0)
(1.09259518238546 -0.06922571599805935 -1.050887468360212e-19)
(1.150484740848528 0.03836211645504875 0)
(1.213565606981173 0.09718283804483138 -1.955129115442956e-19)
(1.108123938412533 -0.02872715026992057 -7.680644870093744e-20)
(1.027201124990212 0.01175638081701865 0)
(1.08501316157339 -0.004622761032628472 0)
(1.018841132495652 0.02599281037017831 8.110269876476809e-20)
(1.071360827192055 0.05528598527488521 -9.562467834250192e-21)
(1.103842129450316 -0.004134479023662273 6.264195554265393e-20)
(1.111876210084452 -0.09426839510998425 1.50351004025603e-19)
(0.9630430846506856 0.004605237691125866 0)
(1.066044916566505 0.03111593310331284 3.835332632832064e-20)
(1.169332172590029 -0.07624791706198336 2.331797815541001e-19)
(1.051091079920651 0.04605413596066042 -2.912728722847633e-20)
(1.022546597952862 0.067243864297722 3.733953822014662e-20)
(1.090288809264694 0.02602305443690201 0)
(1.016722790838674 0.01748411595819916 0)
(1.029005835404321 0.009405806010631372 7.890656362075443e-20)
(0.948667842950631 -0.03366166205399306 0)
(1.052744069890041 -0.005611137407584569 -7.838387073211414e-21)
(1.343294462935944 0.05939828286135489 -1.582073068966803e-19)
(1.079968557452472 -0.01313985611544874 2.61473096246823e-20)
(0.7439359795849161 -0.001731215515035017 0)
(0.5791857038151348 0.1859815893218898 -9.645674764064877e-20)
(0.7061916635797276 -0.002524558830512794 0)
(0.6988042126418875 0.01462675917158184 0)
(1.077624411936912 0.00366938698333457 -6.755865129634066e-22)
(0.9906450771652348 0.01452611315012813 0)
(1.277877598421412 0.1228494204190644 2.489284596163942e-19)
(1.012342565054081 -0.0277993297863625 -7.838830910032067e-21)
(1.045851526611623 0.02061733224030915 1.818409954463511e-21)
(1.0586819986518 -0.01165520193403937 0)
(1.126661132964347 -0.009116038578684288 -4.993027384446757e-20)
(1.267847342919947 0.1405319147640701 -2.290941337616493e-19)
(1.089365490300399 -0.01117806514220448 -8.561165023735362e-20)
(1.069907304953573 0.02680355898277952 -1.102062053353878e-19)
(1.040731243047179 0.04673886337979766 6.965288237899808e-20)
(1.022582714005323 -0.00377330438126443 -3.457842115034801e-20)
(1.060888433971589 0.02352434310083565 6.037515529150555e-21)
(1.131538305193425 -0.001042551692427459 1.059253312072124e-20)
(1.039403334232428 -0.0157565843719766 -4.816503669204659e-22)
(1.087457272230794 0.0347320794677096 0)
(1.02800327580309 0.01360900807769804 0)
(0.7653136077361734 -0.06353906588587128 -1.810446153469947e-19)
(1.030175454469104 -0.001603123552366847 -6.877800706959567e-20)
(1.129602893628068 -0.00628927989315227 -1.272067191957426e-20)
(0.7034208393085464 0.006578376814258508 7.362662721474555e-20)
(1.174679930517247 0.02048048546263865 -1.922694375700409e-19)
(1.134201963130576 0.006985252881818916 5.110194332781012e-21)
(1.12896377178345 -0.0100069301101131 3.464791004743442e-20)
(1.000937968896344 -0.002933519008667068 -7.502937611934285e-20)
(1.102468418690828 -0.06641963982093162 0)
(0.9869944224715298 0.003815001775867215 0)
(1.05786052169201 0.007067043121345836 0)
(1.005254113545734 0.1877163981298375 -2.461097410451933e-19)
(0.7791848988533003 0.01241552301717082 0)
(0.8568826106980704 0.1002515837354591 -8.423189944329445e-20)
(0.07470024434842412 0.03730609121502232 -2.99942861356473e-19)
(1.172305100287341 -0.02952782517268001 -2.238004442719613e-20)
(0.6713286074908505 -0.007296819936873106 2.440381527072218e-20)
(1.170252895412641 -0.1005262711695296 6.883962180435971e-20)
(1.122629871304268 -0.005254624763773752 -5.786431855189126e-21)
(1.155067903128093 -0.04768026381653329 2.174787580734773e-20)
(0.1052442477911493 -0.2233575252000375 0)
(0.2417686291850722 0.08229470123862921 0)
(1.259138128110313 0.1125686943866518 1.928316358161044e-19)
(1.021140671232134 0.01978390398105275 0)
(0.7378511397775962 -0.006267169938077809 0)
(1.075389567911231 -0.01166789522453753 2.714972855270979e-20)
(0.9747817430101613 0.0028048056236269 0)
(1.295958673840936 0.130293006653243 -1.578919182781581e-19)
(1.057446251866882 0.01112742031284439 0)
(0.9938276910145974 -0.007101604348020212 0)
(1.064995632365122 0.008318218116500161 0)
(1.006170374184619 0.02082366443172094 1.852681563590952e-20)
(0.9374672494246593 0.01661741496758498 1.113793615281811e-20)
(1.17767437613753 -0.2000611961087896 0)
(1.005214095014328 -0.005180964177501917 7.86327890661819e-20)
(1.059123994406903 0.00642584430298178 0)
(0.7746783727462426 -0.003277945879614143 0)
(1.217888136333034 0.02918680143499103 1.665244460700107e-20)
(0.7049413107944031 0.00134693926239615 0)
(1.436709635157929 0.08808376846489119 -5.279682546473823e-20)
(0.9951189529114071 -0.006407235414314561 1.703444999758146e-20)
(1.273160942939808 -0.001109246515989652 -2.941130593736883e-19)
(1.059499454282252 0.008953087750241897 1.382227540649328e-19)
(1.000911170554218 -0.01357518865104986 0)
(1.214207649430684 -0.14149298119226 2.04458017553797e-19)
(0.7331935623306188 0.01378813631437437 0)
(1.098530147699879 -0.005036848497281314 0)
(1.152975735744458 0.06967988960521417 1.997618035820928e-20)
(1.006999121265149 -0.006587463066982879 -3.027501453833831e-20)
(1.120637706353229 0.05323154258744788 -1.760305673629189e-19)
(0.0951942139092453 -0.08708141459823529 0)
(1.071948328568501 0.03897400655059767 0)
(0.6617736287084244 -0.002916792401059717 -6.334580840133257e-22)
(1.012163556988682 -0.01938210459090399 9.615874934476901e-20)
(1.061317431870044 0.0007771524516963404 0)
(1.075001051035979 -0.126837918318047 3.718164493067005e-19)
(1.002839245436639 -0.006193863308184042 -3.427055124985741e-21)
(1.003024198306266 -0.005168443853280028 6.939797013550631e-22)
(1.093922343644284 -0.009316951424560299 0)
(1.020662833077509 0.020582468133742 -6.350513370075327e-20)
(1.106532527492995 -0.001572381670497028 6.62805676443303e-22)
(1.074525152726927 -0.01130892960082948 6.612908679931206e-20)
(1.085780547333434 0.02227820123106104 0)
(1.331347690714143 0.1624811247964174 0)
(1.002007572347909 0.0001846165951510949 4.413732654104485e-20)
(1.319605963376042 -0.1257187836520603 1.557969596316824e-19)
(0.0412381055351657 -0.1906510792735458 -2.477287573844514e-19)
(1.071249722814826 -0.005442659686778285 0)
(1.114938194241058 -0.003561623527116302 1.189386147020769e-20)
(0.7267890249828119 0.01781944799038923 0)
(1.06150684973356 0.008198029897284213 0)
(0.8688734304385596 0.1652132779360664 4.714528660139144e-19)
(1.274768423788419 0.1342350437899283 1.93031101600321e-19)
(0.6543562305036322 -0.003096797774161263 -6.37385667289034e-20)
(1.040596842829241 0.0009996001935724571 -7.08545658755025e-21)
(1.054732574426746 -0.000259591478046412 6.596381789213353e-20)
(1.36449687044067 0.1227646976079482 6.747753806426479e-19)
(1.333899234460964 0.2520817873253626 0)
(1.060254796781343 0.00267891786007892 0)
(1.000473310132181 -0.006142264012961245 1.493373955740967e-20)
(0.9928951117378615 -0.007604517171156878 5.366250623659596e-21)
(1.381723334331012 0.1998968653785913 4.25530830115264e-19)
(0.6817858005861815 0.0004832437371192028 9.889306055113939e-20)
(1.00559717049535 -0.002159886591548484 -5.989528861131224e-20)
(1.098223363852482 0.01306086809081028 2.552091677498984e-20)
(0.6694661108717483 0.004980710137780398 0)
(1.066090924266044 -0.01201210498015757 0)
(1.014781938193109 0.1533884151045887 -1.31791121255003e-19)
(1.091958503799058 -0.008345970826511671 -2.492332460142718e-20)
(0.9820956500108727 5.673347484458265e-05 3.287530113513178e-20)
(0.9912110593124577 0.006034079837085272 0)
(0.6382435305547809 -0.001074642531254736 0)
(0.9767544634780566 -0.001173328938915683 0)
(0.6421437574704469 -0.00146903802640417 2.660566428025896e-21)
(1.090228904076533 -0.05568147065748602 1.196396694174264e-19)
(1.112947705576616 -0.002434600513855972 1.186499589241208e-21)
(0.9579043763994319 -0.0008855896177511077 3.899253959529249e-20)
(1.016463999044008 0.0100091667428348 1.715705849473039e-20)
(1.067117457425897 0.001241005135135259 -2.537734097970341e-21)
(0.634700365141691 0.008875590199402447 -3.633495131368505e-20)
(1.004704269814835 0.00821040377345506 -8.488630613597825e-22)
(1.036433641959168 0.006889987038240139 5.379667412458874e-21)
(0.9864939893601929 -0.01148697798657425 0)
(0.6099566993451498 -0.0004772985653657858 0)
(1.068736448873936 0.0225556290530234 0)
(1.016991146720171 -0.01633651985216478 1.039561559776867e-20)
(1.023794417802889 -0.01013189389169852 0)
(0.9916862746355013 0.01366480765119728 -9.815980324923356e-21)
(1.009946216684867 0.0008009976921054472 0)
(1.130043361390126 0.001222014408622583 -1.153082734699391e-20)
(0.03810399510099343 -0.1440333957786543 -3.909593256927844e-20)
(1.035591614760321 -0.01831184792120165 -6.139121744408775e-22)
(1.041070540803365 0.00432602397468513 0)
(1.080911337147907 0.06793648744013336 8.471258101325203e-20)
(0.9677319217384156 -0.002392067336002853 3.109977739313816e-20)
(1.02036214667663 0.01670975836753535 -2.344930081063685e-20)
(1.001854777730275 -0.001774833732572674 2.468523896969342e-20)
(1.039623748065821 -0.007334875672622539 0)
(0.6408765590470761 -0.004036711535738585 0)
(1.025807367807012 0.02454209977142845 -7.415292259063875e-20)
(1.086017923636367 -0.006050004109179796 4.899617668994451e-20)
(1.016458921334892 0.005931366697903411 0)
(0.9790186819185008 -0.0020422565719768 -1.956395858780252e-21)
(0.8646038043985919 0.01303270955742623 -9.186737500932308e-21)
(1.014030400462612 0.002579285644639354 -9.900715816632457e-21)
(1.023702449965762 0.006005330981628322 1.867364842081195e-20)
(0.9844486107357316 0.005034393986591086 0)
(1.003772736635653 0.0119176672404217 3.448962237409949e-20)
(1.110045264643236 0.000342347817910919 0)
(0.9269808814993774 0.004979339311738387 -3.108888475860711e-20)
(0.9570565167144408 0.001018980904306642 0)
(0.9119644195404653 0.2079860194488345 5.101835322939056e-20)
(1.010796264998443 0.06683073433727824 0)
(0.9925489484620516 0.004735876385069696 -2.265629655694631e-20)
(1.058815747374347 -0.05296837410347016 -2.871274860157988e-20)
(0.9923848125910157 0.0008440725837766707 3.326703462844541e-20)
(1.010285456435419 0.006737143670200047 0)
(0.9782972421595975 0.0005973808288189643 -3.090866127654375e-20)
(1.171458164114073 0.1049472913085327 -3.433074531151741e-19)
(1.070026054455914 -0.2654662025141314 0)
(0.9930560749856211 0.0007187107246214938 -2.249062660637094e-20)
(0.9753846212273797 0.001423914784711723 4.976424332196309e-21)
(0.9638008050300803 0.004378548435532419 9.931339843415733e-22)
(0.745917140873929 -0.00104633611928214 0)
(1.124230695917238 -0.07868468226696027 0)
(1.003153759266933 0.003389666240747613 -2.252716530922598e-20)
(0.9075100670094498 0.01249017781170441 -9.800157141674768e-21)
(0.8500003812810011 0.007003620597486706 2.545167014797294e-21)
(1.014407077692453 -0.006705908328700628 0)
(0.9549074915165774 0.01082970585500435 1.408343037150607e-20)
(1.005561235106023 -0.000248858781674695 -2.294060461130494e-20)
(1.022426270519923 -0.003149456900351798 -2.551661899295325e-20)
(1.114852772335082 -0.001084290777266634 -4.941340062572788e-21)
(1.119659090236162 -0.0001576148139692432 0)
(1.013441476598395 -0.01028888236504591 0)
(1.019558012791453 0.0009066628096145584 0)
(0.941659685145116 -0.0006888547052933167 -2.021859471220076e-20)
(1.017851364962064 0.01363974112914142 5.401361806122351e-20)
(1.084587441914814 -0.00480086616943065 -2.26462340128549e-20)
(1.040574883755956 -0.008581194696526819 0)
(1.107231953296117 -0.003726042509868818 1.85442659095957e-21)
(0.9945731363420458 0.002383002620612396 -2.226847126519328e-20)
(0.9855106167059409 0.003689196989620002 0)
(1.010950333332442 0.003292795594038785 4.65536087776311e-20)
(1.367402478671914 -0.3147156634239228 -1.13102285281756e-18)
(1.122255975867893 -0.04306081771482604 -1.087151136374369e-19)
(0.964923974456477 0.003907715076800228 4.507985701126112e-20)
(0.7672603942440045 0.002100795594831195 -3.097670992702567e-20)
(1.223134025708052 0.05350082557507878 0)
(1.224623888081831 -0.1278580737119833 -1.466579769504638e-19)
(1.080188925291329 -0.0003072678766275197 0)
(1.008084239377796 0.001036144327505808 2.27351415192278e-20)
(-0.1825011198584384 -0.1409088486390363 0)
(0.993966219276899 -0.004650360633353433 0)
(1.012424591141237 -0.02313220139182523 4.460148430828345e-20)
(0.7063745890145541 -0.01945925970726084 0)
(1.09678822660162 -0.01477686380527745 2.129913318743116e-21)
(1.04267079584125 -0.00900135760722144 1.804369864358255e-20)
(0.6332009514988063 0.00411981162212139 0)
(1.449745538566288 -0.1230796486105849 0)
(0.9863467536717357 0.001344287040711337 -1.080689513286322e-20)
(1.069813058213821 -0.01506408313230355 0)
(1.037828845372851 0.0003884358182765485 2.119732528753919e-20)
(1.081000313773009 0.006002531383552019 0)
(1.011322960853381 0.00233046431549165 -1.070197485251295e-21)
(1.005776140296277 0.003070215677726332 0)
(1.009990286020507 -0.005217004334231334 -4.399912121988816e-22)
(1.004198758374278 -0.02085948844345926 0)
(1.035798855753344 -0.001447309513001611 1.693381878211407e-20)
(-0.1762433563604476 0.02759549378642205 2.675266959567047e-19)
(0.7987785956219613 0.02051359437840356 5.23026857974253e-20)
(1.005563076231922 0.001797315960939365 0)
(1.129399871694039 0.01360427779180308 -1.108469681540148e-20)
(1.120130980154528 0.01132536696546389 8.290878435716812e-21)
(1.054578068008881 -0.01288177190119036 -1.289854141044544e-19)
(0.9987817057374337 0.010360022393574 8.971810432782356e-22)
(1.0782633124082 0.002426470010431007 0)
(1.187546783424904 0.0540224243038338 0)
(0.8353947645728512 -0.07677449561605465 4.591803059955945e-19)
(1.093512792488615 0.0005634636010152668 0)
(1.033548426852499 0.007370783391203904 -7.473002618453995e-21)
(1.042432612200297 0.005184334727179946 6.004801311247151e-21)
(1.055944592907023 -0.06027828764843392 -7.547122437496324e-21)
(1.139404611321071 -0.00069147594856583 1.67902328989265e-19)
(1.08694450880542 -0.005995870958020198 0)
(0.9943123509121916 0.001465184627059134 0)
(0.9963968295663366 -0.02644055394556201 -2.341991804531423e-21)
(0.9900732647876106 0.003191077035167853 0)
(1.031437370479291 -0.03816973639239803 6.391131875072173e-20)
(1.291027051823576 -0.09297531856953867 0)
(1.042408015807504 -0.002114464014352951 -3.876842768908859e-21)
(0.9861684138092125 0.01702782189899187 -8.620506987905548e-20)
(1.03280427392503 0.04163289766725697 -2.40113232316199e-21)
(-0.07925083136976643 0.1519379067461707 -1.682260448654749e-19)
(-0.06994481709589449 -0.3029114370152416 -1.336175526644595e-19)
(0.8972174304490793 0.1400902620970618 0)
(0.2899420771159215 -0.0345960744116319 -3.305399465328886e-19)
(1.005351149905573 0.0005245630251490308 -1.358801165196834e-20)
(1.063821292441566 0.0027044515812602 -2.105994372100409e-20)
(0.991286129501683 -0.01954528828493108 3.002651755906744e-20)
(1.022561751370606 -0.03168678099871874 2.58696117473016e-21)
(1.009996914703376 -0.03208582072777388 -6.565333248993231e-20)
(0.9888655618838512 0.004808182237106833 -3.47086671255452e-20)
(0.9929433042499857 0.005151637548957718 0)
(1.025187187619112 -0.002352257665764189 -3.500810792555237e-21)
(1.938261195355963 -0.15594760565531 1.076589722120993e-18)
(1.04305872211279 8.931007041451162e-05 0)
(0.9955938597678567 0.008609428070650228 1.548971161525702e-20)
(1.003355125946752 -0.0003097309629146991 4.040590161518034e-20)
(1.159770043047812 0.1478926013377134 0)
(0.9982610640580201 -0.003304817095841988 8.090104895120674e-21)
(0.9496971069654925 0.0005301663307626671 0)
(1.037835880162027 0.04176719028943963 0)
(1.311183996606555 0.1617204395487746 2.360967422524871e-19)
(1.083458570146595 -0.001568186333746489 2.298048409239631e-20)
(1.017333298319153 0.02971531280133054 4.632316024588687e-20)
(1.08653637666422 -0.002960735828408326 -2.216184347828019e-20)
(1.048163030732245 -0.009797686166490297 -8.717359967915336e-21)
(-0.3851627957041279 -0.05279094576677679 0)
(0.9995221831221343 0.0139389344522304 0)
(0.1101868787708682 0.05475956221123927 -9.000763817882621e-20)
(1.007113211306687 0.02091928758415066 -4.154005881444413e-20)
(0.9991370630064136 -0.01863638613787074 0)
(1.00147520331828 0.005546241683484024 -4.972440127337942e-21)
(1.08187840178676 -0.04248165888717769 0)
(0.9942981050503084 -0.01689427645929806 -7.86219726179542e-21)
(1.100201073240328 -0.05994775259662367 0)
(1.445779466370308 0.1760303543206439 0)
(1.054753327624812 -0.01221187885619573 0)
(0.9903433914039689 -0.02434736673572724 -4.032398608094567e-20)
(1.000352762695201 -0.04518061040783774 -3.167802894626885e-21)
(1.01402033907803 -0.01953870834938596 -1.843540720790099e-20)
(0.9968606000648574 0.01654844770156311 -5.628773758251048e-20)
(0.9957541092707389 0.01051135597552215 -1.509580943621619e-20)
(0.9945582241366721 -0.02867847170338015 0)
(1.002741710515151 0.02379037917748121 1.950908402798691e-20)
(1.057171939419313 -0.03926911714837535 0)
(1.111455846450265 -0.03567093670907621 2.618868364774599e-19)
(0.9957418221494011 0.01682391945744469 4.638410152889541e-20)
(0.6150553817472029 -0.008684297957593517 0)
(1.139766302618834 0.1551163158051014 -2.926957513257832e-21)
(0.8526460187466118 -0.08955342291176034 0)
(1.137688985849924 0.07313546020248254 -2.705800586358079e-19)
(1.317458674702348 -0.3896163371193188 1.299974377549184e-19)
(1.06907982534263 0.06265514648360236 -1.261187773581814e-20)
(1.01103425783445 -0.03223553702170968 0)
(0.9562995779351929 -0.2166824563643032 0)
(0.5193158217311006 0.1580305188835584 0)
(1.016309904664699 0.0095067168062221 1.28929566720364e-21)
(0.6895761988899175 -0.02906324942567185 0)
(0.9996116947041254 0.01717241495470786 3.576470540646102e-20)
(1.026577176235224 -0.00489504496568498 -2.777688329424109e-20)
(1.078975466599063 -0.008093388515614518 2.769332696860406e-21)
(1.047842225318617 -0.0241425487170815 3.069511727826987e-20)
(1.042444209122382 0.01180110847224022 0)
(1.064571399107958 0.02320072392200032 -9.124140863177072e-21)
(1.049424033918995 0.03588984372806831 -1.821627302644134e-20)
(0.983273750481413 -0.02282424789958163 0)
(0.6249140724552914 0.005098449017308299 9.172328354474664e-20)
(0.89414986370871 -0.005905691516174767 -8.847766687344835e-20)
(0.9093816901115944 0.005288647444441455 1.449383629778287e-20)
(0.6295872632051455 -0.00642471222981101 1.405855682615989e-20)
(0.9802104868900472 0.001240780107888136 2.519080384861814e-20)
(1.004437017685662 -0.01744953445882588 -3.560728509797367e-20)
(0.9817938473966027 -0.03769803758339788 -3.304852166180403e-20)
(1.085567313563798 0.001655791109243362 0)
(1.020204423494121 0.004908779182070074 1.009988258399869e-20)
(1.132141825730845 0.04896059629417861 1.30885016730314e-19)
(1.031478278874551 0.04055335608265604 0)
(1.022604408774872 0.002540064627837645 0)
(1.586379819031703 -0.16757360859511 4.413864930210538e-19)
(1.057797627666416 -0.04785257745583858 0)
(1.016919775987056 0.009235244477506245 -3.812621829262557e-20)
(1.083465711612198 0.00546960341158085 0)
(0.4859716047096085 -0.01647833982232763 0)
(0.0107664844761976 0.0250245875905719 0)
(0.9912386624420075 -0.02429144889986918 1.222044131046477e-20)
(1.302632495163902 -0.09572332478118062 3.7513712219908e-19)
(1.033465349452601 0.03476974362050032 0)
(1.022244730554753 0.003496138056551854 -2.241237222900861e-20)
(0.9522699203814525 -0.1601829954663597 -8.648037243885954e-22)
(1.256436510366355 0.0784746323436097 0)
(0.5965571945845858 0.7279507840743258 0)
(1.313918831579288 0.1475439740045415 1.089308324824066e-19)
(1.679772728999512 -0.02528132867898335 0)
(1.049507226428904 0.1150752423719031 0)
(0.7094524571091061 -0.02211752778375744 3.726114366280394e-21)
(1.048704009198046 0.04344745505564701 0)
(0.7566704149015079 0.1268477164872877 1.280623235673546e-19)
(0.9967676944831748 -0.01652124148245435 3.57016865559751e-19)
(1.037619487457131 -0.04233105214390957 2.77711316816932e-20)
(-0.3828081775725623 -0.01962027901518419 0)
(1.072259861638902 -0.01644679938657703 0)
(1.086228263424181 -0.003459242902546873 0)
(0.6495234298821948 -0.5059222493491424 -2.459449149225575e-19)
(0.9895614960479008 -0.00138738618733097 0)
(1.092469524155235 -0.02129043931703186 4.754281604561434e-22)
(1.186828506264614 0.1211746637510822 -1.996883628039021e-19)
(1.094679832141209 -0.04960853836505334 0)
(1.006213418054394 -0.0211989798763718 0)
(0.7799762358019242 -0.1786867573863981 -1.628921894376353e-19)
(0.8795024240099834 -0.1289811393704986 1.508852766615065e-19)
(1.030954011805812 0.01486447806608347 -2.217203048269586e-20)
(1.023114084800687 -0.008926460542967841 -4.572050830203123e-20)
(0.8809239693245126 0.01343875237559175 2.757483811583528e-22)
(1.507436191227574 -0.1940922438317148 0)
(1.30816503556548 0.1183533786877675 3.012759223012522e-20)
(1.242896857267351 -0.07329032569254376 -3.250921480929872e-21)
(1.095685034972701 -0.01846243040796315 -3.899651293304221e-20)
(1.035233136407635 -0.01297712016082216 2.611330994847411e-20)
(1.092839337790747 -0.03905202089790103 9.1644523558518e-20)
(1.031667799806425 0.02048410520618284 0)
(1.047625183308551 -0.0379611006987155 0)
(1.115957537839983 -0.008936390156771914 0)
(1.093630068048457 -0.04043348771337225 0)
(0.998180734375936 0.01118064336802965 0)
(1.148942820324564 0.08181122016559646 9.582454121639498e-20)
(1.33733650206881 -0.1512826669519558 0)
(1.035414193449517 -0.02628740572287955 -2.226154164445346e-22)
(1.048562548291528 0.05083410585075901 0)
(1.010286452610491 0.01447255832919265 -3.948828048459548e-20)
(1.033892415168315 -0.007335150457508544 9.124388533865138e-21)
(1.088921860402197 0.01348289464672094 -3.259313115990996e-20)
(1.085351519803464 -0.02794635984910776 0)
(1.070626637279034 0.00640169519630355 0)
(1.107418617043497 0.09417632819135488 -1.419820614766551e-18)
(0.9356653037249151 -0.1506875972283782 -7.063186046478985e-20)
(1.168945733589048 0.1157951563686833 1.140985272105007e-19)
(-0.4764268708385894 -0.008387331914919081 -2.900747303995409e-19)
(1.017906892715498 0.02881857493608995 -8.850637368512878e-20)
(1.004885459615908 0.004913135009327097 0)
(-0.2676291368893195 0.004564934881900361 3.553838777232549e-19)
(-0.03904945821733618 0.286067100432949 7.753564441641606e-21)
(0.9952161528275625 -0.006251507314462515 9.747384532409629e-20)
(0.1866547167373914 -0.0437006790004224 1.347714703353972e-19)
(1.085126774851611 0.08360709828236187 1.435829693401721e-20)
(0.09400272947649602 -0.1120233018417331 -5.534406263100299e-20)
(1.108368547058312 0.002972000565348513 0)
(1.102652554437665 0.2556760651489488 0)
(1.021288063536027 0.02143549136075494 -1.731477883994038e-20)
(1.066612670041992 0.05053693921578315 0)
(1.026860653135553 0.02413926900632622 -9.011277230578004e-21)
(1.264827223277783 -0.549712770660345 8.062420604900847e-19)
(-0.1193170733998051 -0.2286964608287416 2.169468719970845e-19)
(1.30070247002205 0.1165618229992597 -6.310175830780339e-19)
(1.121485693440582 -0.003255161124701699 0)
(1.120706261763094 0.1008167857486064 0)
(0.5267215285215074 0.08023246434580557 2.493295388181484e-19)
(1.023827367516842 -0.02032616771973782 9.349738206502209e-20)
(1.006621190710113 -0.02353237516999994 0)
(1.210048722123054 0.2702061834031829 -9.533933522968398e-20)
(1.264432767526893 0.1337992225984228 -1.576088470532381e-19)
(1.026620506344004 0.003357118939181376 1.540518580936955e-20)
(1.301504248078029 -0.08491230373858932 -5.011733711142739e-19)
(0.2966866174098266 -0.01693980745828546 2.763648053167133e-19)
(0.8266769524947943 -0.1461288908366382 6.731405699472036e-19)
(1.039684935244547 0.0484867739856111 1.066952423193344e-19)
(1.038492597622737 0.002154804701909819 1.846696787290868e-21)
(1.00128148852872 0.01928255253153796 2.976004011483422e-20)
(1.066502001867272 -0.03680474693284116 0)
(1.034778279953205 -0.03849723641672995 -1.537241370352148e-19)
(1.017339128631278 0.03329655421020083 -4.722883448675927e-20)
(-0.04415640478626712 0.06133758190252427 -5.091532439407267e-19)
(1.011082298988655 -0.05839710272380676 0)
(0.9114765535940802 0.01788527670895774 0)
(1.089706792504799 -0.001679767987080016 0)
(1.369518155645296 0.2602498284392498 3.800871641271191e-19)
(1.701493616431029 0.1046659011743016 1.338540113627458e-18)
(1.409798706422802 0.1543524075863474 0)
(1.037080060507414 0.02297422859538614 1.087718510909123e-20)
(0.3519392676781167 0.03308994989166744 3.390659979109484e-19)
(1.133706211852269 0.01117615359596665 0)
(1.088692435115502 -0.01969427663900114 2.894715789847237e-21)
(1.088413382655095 -0.03072127034166098 2.31165400951736e-22)
(1.131052376564288 0.1027358066926832 0)
(1.30245051504358 0.05748142107548392 0)
(1.039464123838933 0.001269754336965354 1.17412180115139e-20)
(-0.1519890450033607 -0.1261892026026937 -3.982089011710258e-19)
(1.327348977737966 -0.1447079413054591 -2.152967637709655e-19)
(1.067785128723191 -0.007426932791121966 0)
(1.013141365754972 0.0149185352840537 3.128025695823232e-20)
(1.160194767010573 -0.1004608820040636 0)
(1.016791384648345 -0.01752187671787684 -1.116994348863878e-19)
(1.030696884739153 0.008424475628254914 0)
(1.515367954596519 0.08923310805698727 -2.857657558847277e-19)
(0.00541827053038431 0.05381728603119886 8.509768981699218e-19)
(1.095799343282127 0.05238040370652369 2.158820131685811e-20)
(1.092034831541768 0.07876684748702067 2.060880064910819e-19)
(1.009696047753474 0.00876849770469783 -6.243876159629247e-21)
(0.01001204043370969 -0.1153317605776158 -4.996355840783645e-20)
(0.0244944218779378 0.1056030086601752 3.583151067659046e-19)
(1.222276471257841 0.1438763647126799 -1.60078747833011e-19)
(1.099045912195808 0.0776503095333283 0)
(1.087575833825371 0.02572534075539722 1.722821301069769e-19)
(1.007061995573163 0.02218051280056405 1.679214001191224e-19)
(1.029193936277878 0.0006154476969849395 -3.689671508177347e-20)
(1.213057708283986 0.1503831298801054 2.554585575873104e-19)
(1.39559832649366 -0.1268061617792709 -2.042487039084047e-19)
(1.065634623040318 0.05023471852482948 -7.058858626728607e-20)
(0.9933502725047018 0.006841413797384671 0)
(1.079994325574876 0.06510076434220916 0)
(0.982089153992548 0.006088860790013917 0)
(0.9919627545072508 0.006845563508108916 2.443394753749492e-20)
(0.4874595776945452 -0.06972454423642646 0)
(0.9928904519125551 0.006155280962060734 2.657018901468131e-22)
(1.291186692549415 0.0804464022215672 0)
(1.005141546625401 0.004275798455137099 2.228056624605009e-20)
(0.795805659086512 -0.1194327862166297 5.561523606115793e-20)
(1.090530508057737 -0.01256616927371796 -7.967574041520518e-21)
(0.9398071395509067 0.01657003000711611 -1.764093649676957e-20)
(1.435753713759697 -0.2800652349152248 -5.244842501916664e-19)
(1.1305067522154 -0.0903404149561105 4.672098416739997e-19)
(1.088694967422477 -0.0252386373289447 0)
(1.9361844072224 -0.4715363154035684 0)
(1.626717361338869 0.1907182143370998 0)
(0.9859353782008882 0.003021024949343514 -9.727267749909397e-21)
(0.8576643441697562 0.7722668896392437 2.380780112171867e-19)
(-0.01188957821680769 0.1870962023045973 5.274308996358142e-19)
(1.039208948275203 0.004806311830110602 0)
(-0.2139429658715914 -0.1170564472381821 2.141773601389325e-19)
(0.9835356399000158 -0.003871648414530188 4.109980684756818e-20)
(1.179676667328479 0.1613939852302603 -1.605536821991186e-20)
(1.044695998362079 -0.02196939628210183 5.683124720107356e-20)
(1.044814657940967 -0.1380000164479122 1.34358383168964e-19)
(1.13709706129355 0.008058443827905763 4.385244104195054e-21)
(1.098714406378684 -0.003534578377722814 0)
(1.307888082176602 0.5293493232281095 -6.001149847500041e-19)
(1.02887184580748 0.005820811644402881 -2.046219087271784e-20)
(-0.3268074097046 -0.0291403127819262 -2.023085822693567e-19)
(0.6794662255789027 0.01844306070194083 0)
(1.089022473316266 -0.6994152253924096 -4.853703838977879e-20)
(1.310442942347636 0.08570644170044736 -1.098607643571227e-18)
(1.115229135393066 -0.1085584255463373 0)
(1.08645354873541 0.2781929491393447 0)
(0.9723665438475725 0.002861986244502837 -6.14968251879005e-19)
(1.066439280688897 0.005301283310286194 -4.187487122154702e-21)
(0.9245844244191689 -0.01215635983047589 0)
(1.090719563504378 0.03087785711281391 -1.759110913216936e-20)
(1.372464272338515 0.2174577735328661 -1.88925293076931e-19)
(0.7323337910835666 0.09597385643872983 -1.052682393429937e-18)
(1.079062905440901 -0.0006890996739222492 0)
(1.263109396082958 -0.05648636974685631 6.954846321765378e-20)
(1.005303535609993 -0.0008618465534915396 0)
(0.8505559819991589 -0.776810225892104 -7.900809298660194e-22)
(1.082179725063542 -0.05198618554925274 -1.116408010987629e-19)
(0.8754385687215336 0.3233803673342205 2.947275175572021e-19)
(0.8236174812924697 -0.1944983016616483 0)
(1.031943591089052 -0.03519651753759228 0)
(1.054984901032979 -0.02794928907526296 0)
(1.005837705898381 -0.003743245806633931 0)
(0.9812060922859392 0.006192875743170394 0)
(1.338831449954873 -0.2339783175184467 0)
(-0.07763127949912406 0.1260387098038648 2.505959278718734e-19)
(-0.01425193387220058 0.0831037566322079 -5.637776957065935e-20)
(0.2218534105337987 -0.0985418068535082 -4.370410421234562e-19)
(1.522148058696161 -0.439306386301937 0)
(1.034840067372126 -0.01680512059059379 0)
(1.774371033954219 -0.7597187107886687 -2.357945482815437e-19)
(1.140789694840493 0.009523053311492531 5.511493594806348e-21)
(1.323732823676396 -0.08805438663185938 2.783353446470301e-19)
(1.106143323141819 0.7077051807988064 1.453556676971108e-20)
(0.3379981580372367 0.5911249521900235 -2.257318991298396e-19)
(0.6755690902674707 0.4569816991214083 -4.806371245857981e-19)
(1.046461260105611 -0.1459278383346466 -2.436814441920706e-20)
(1.227406417837641 -0.3610104385566051 0)
(-0.09755652676384322 0.1924667299761381 -7.098578201555306e-19)
(1.046350663478909 0.02369075710654944 0)
(1.105681903820343 0.02657720449633039 -1.504311952678702e-19)
(0.8130459626561369 0.8937749900283442 0)
(1.071121304927786 0.0331456702087654 7.107613299611104e-21)
(0.2877873464882863 -0.07042085169002842 0)
(1.106722677009564 0.02162189572924381 2.371271192487766e-20)
(1.368311490669025 0.3240204534526613 -5.534036605478104e-19)
(1.074977016227899 -0.01165484088141519 -1.633296015766647e-19)
(1.468260628536811 0.159968068216494 -2.51192606034399e-19)
(1.329564370465931 0.4177491331008908 0)
(1.166643817542877 -0.2634866984028752 0)
(1.30473344327746 -0.1309577261162331 -1.203688796799336e-19)
(1.066914355372513 0.01621458669318518 -3.3227627356897e-20)
(1.060568833740619 -0.01208940121496784 0)
(0.7471975194962437 0.1469695342213037 -1.163663050250648e-19)
(0.7755379796637737 -0.578619918439908 -5.60444620830127e-20)
(0.6666603926973582 0.2019195104665444 9.61764603904509e-19)
(0.9992035990958283 0.1237706326495939 3.585150708949913e-19)
(-0.004986867562496783 0.08290614399393156 0)
(0.5936828831104638 0.02359889906940406 -6.939249788628243e-19)
(1.059771243815438 -0.03920670760818202 -1.866569185691024e-21)
(0.6851196775511926 -0.1143546423487127 -2.731783518918964e-19)
(-0.001444255527701206 0.2154487275067321 -3.020258160558566e-19)
(1.181936052874577 -0.07508436002603598 0)
(0.4072529836176696 0.01767916505991905 0)
(0.1602636206618842 0.3692924405348375 0)
(1.43692914334563 -0.2577095451230028 0)
(0.2347745407595345 -0.3596324660839736 -6.3754261062498e-19)
(1.598934258219317 0.04016363675540829 -3.917847395402e-19)
(1.026399553910956 -0.2026766236558896 0)
(0.6877382314523941 0.01688848370449515 2.60003151767382e-19)
(1.025107865218545 -0.01062327398851328 3.467674435884639e-20)
(1.136989682687667 0.2352910077495328 0)
(1.72723429760899 -0.1100383398854977 0)
(0.5821067581192777 -0.7386393706501858 -6.903141439773471e-20)
(1.27294874481044 -0.1040054328654929 -9.939878844843967e-20)
(1.405753293934688 -0.08209353871615628 -4.261591528431885e-19)
(1.481653338186216 -0.06295705254234342 3.62095666897957e-19)
(0.09390080767556584 0.09787878594465528 0)
(-0.1452918885135666 0.08551124108537711 2.692749554953098e-19)
(1.038670199554088 -0.06369888004716584 -4.115476778357018e-21)
(1.121037258730967 -0.1408115343997086 0)
(0.6415446194794342 -0.3583155926091695 5.18068802283822e-19)
(1.049266663181873 -0.06345004536404521 1.496474092130968e-20)
(0.8367164769488685 -0.1337972472915661 0)
(1.313873800081276 -0.1270931744132489 -9.857607437253596e-21)
(1.114475622001351 0.08245540619253412 -4.368485288575132e-20)
(1.090924575243608 -0.005005633967037165 0)
(1.125765550760863 0.5689695942196588 -1.099176997718285e-19)
(0.3430268207085833 -0.6010347747490102 0)
(1.060360753711594 -0.003263192599091088 2.830442317938582e-20)
(1.097183867877829 -0.004710777973090505 2.620662929889121e-19)
(0.07316973070516419 0.1569384173358377 -1.624554500396363e-19)
(1.178839971403942 0.9995905408172328 -2.219468002881872e-19)
(1.370533636733916 -0.1376698554044257 -8.930588240333021e-20)
(0.9398586487967016 0.1291046867512377 5.773906665340967e-20)
(0.9983909865117429 0.003446585691360028 1.060824743030077e-20)
(1.047643226293819 -0.1412368892595884 1.749047793357969e-20)
(1.510562518979127 -0.9505436542608943 -5.275169720940605e-19)
(1.530476396115538 0.9486310901295207 2.352844106894317e-20)
(1.43425308446138 0.2273777682462986 3.451143862138099e-19)
(1.02892235405601 -0.00738913858095035 2.038263085375699e-19)
(1.035559471687092 -0.03311636175618668 1.680433269624702e-19)
(0.992355127753284 0.02163586734736684 -1.958212280171413e-20)
(1.057642629528362 0.0387004647283853 -1.434016751325258e-19)
(1.079431142389968 -0.06543842851498828 3.011628182500867e-20)
(1.433385855952844 -0.1315968371242972 3.353315812105592e-19)
(1.817006905455467 0.747484928894817 1.862704651455828e-19)
(1.036680461068342 0.02974127897543899 1.046057021777517e-20)
(1.071852147266984 0.0143180103960737 -1.043714689967822e-19)
(1.983908047100274 0.4775139295724137 5.334630224032523e-19)
(1.925694671211185 0.1607650813776413 9.281383568253375e-19)
(1.079470764573397 0.6371395109606457 -9.541591900629119e-20)
(1.108653408109636 0.1712066816640183 0)
(1.044100770385179 0.02315284853942594 0)
(0.5100236470590863 0.4371851023415598 1.173111733055078e-18)
(1.377589192732223 -0.299190319459526 1.894732318360669e-19)
(1.197043222180834 -0.1462263489318675 0)
(1.630863313887715 0.2357755979685729 -6.149182228439136e-20)
(0.7984678357153023 -0.1460626252226708 -1.253102341684877e-19)
(1.32875918855848 -0.2094189250045674 -9.14834213922558e-20)
(1.248268225151155 0.3888407877670179 1.419734743572945e-19)
(0.4926028836133233 0.1940882579689304 -5.624370569249781e-19)
(1.685545285067095 -0.01927507293500542 3.271054181201051e-20)
(0.8572488369585478 -0.54656161132717 2.163200112272601e-19)
(0.9989482053397167 0.02299369064343345 0)
(1.615815908691369 -0.1843959788716524 -3.074732036455467e-19)
(1.089579262771155 0.100436135929587 0)
(1.336960905813676 0.5799452583186323 0)
(0.9433963265271046 -0.4155193675984791 -2.739386480609081e-20)
(1.247519281348324 -0.02418708208091223 0)
(1.038627647155915 -0.003625635473517446 -1.230880346286377e-19)
(0.7351952399448799 0.112184361692104 3.077555471332039e-19)
(1.326002237410427 -0.5827093783860087 -5.634032073779902e-19)
(1.053719213657008 -0.6347687794974086 1.269992219021406e-20)
(0.3521267184644845 -0.3806122446339627 -8.768455958601095e-20)
(1.007448049554307 -0.09638093465000178 0)
(0.4458745306068388 0.2997941286462069 1.687800340084021e-18)
(0.3232800479609595 0.06241911400622622 0)
(1.306161812559498 -0.1303217809047587 8.043100873438743e-20)
(1.579726854932691 0.1923921626513896 0)
(1.165092181623758 0.4457413160838555 1.312886490380627e-19)
(1.052644639369962 0.1524118971793709 -6.777428732618339e-20)
(1.031765603096624 0.004665404675042009 -1.971324083896717e-19)
(0.9556939807585397 0.4078155598301974 0)
(1.164622132287099 -1.013017181993606 5.922450752223918e-20)
(0.8910995588401113 0.008553953321616558 0)
(1.067806919519161 0.3778415717974311 0)
(1.061504338850622 0.02777208190561233 -4.712998570632293e-21)
(1.474961576309225 -0.2998185252750211 0)
(1.245091615909254 -0.1852505030123963 -2.993651166601346e-19)
(0.006873409471681216 0.02711557101869351 -1.906335182761981e-19)
(0.2385350500988528 0.01512750242387577 8.856678971408028e-19)
(0.9813961633120528 -0.09959213596630484 0)
(0.471256186905502 0.6442881631094834 -2.564919724218759e-19)
(0.917382715124523 0.0290303010999567 0)
(1.535314661299738 0.4143886799829811 5.449686715487734e-19)
(0.4972262690050888 0.1664967915122827 -6.51311770905809e-19)
(0.01141401582706145 0.1919571922827916 0)
(-0.436162763509579 -0.0487438360994904 0)
(1.032448170126448 6.480676188860477e-05 1.244366964485045e-20)
(1.661253188479906 -0.2265555789077063 -1.108724674422717e-18)
(1.111158288073494 -0.5646328056130578 2.416331568543468e-19)
(0.7810246031840892 0.3313373499778633 -8.78892807842439e-19)
(0.9412504420818821 0.1509212059795938 1.546542884345259e-19)
(1.043679603039453 -0.003664156615879297 0)
(-0.3043300693735668 -0.1365307578487781 4.100777308929368e-19)
(1.033255222794693 0.04665020453962714 0)
(1.189731965009428 -0.2366612755505916 0)
(1.558537896416268 -0.1863327427822665 5.074356905972231e-19)
(1.12130331876472 0.0776741292604364 -7.576170267640227e-20)
(1.060291761005561 -0.1368213829578225 8.070127795703993e-20)
(-0.04227499835736154 0.1070752310787532 3.451682805012406e-19)
(-0.08496644059482376 -0.1437287767567062 2.535611955511734e-19)
(1.078849382718268 0.2160242758201083 0)
(1.094503638882805 0.06048890172588422 2.149964169277685e-19)
(1.497609552611921 0.2889844583257171 -3.661838988308291e-19)
(1.325076438546438 -0.4885628357473832 2.389619138650233e-19)
(1.158642587200107 -0.1438586440236874 0)
(1.120265422832353 0.1501788123637628 0)
(0.5279153584405103 -0.6927428530948422 4.100961510144853e-19)
(1.311613677395513 -0.03739778817640153 -2.939029172857603e-19)
(1.016020503542207 0.1051094473181509 2.598001068960587e-19)
(0.3127829334567697 0.3521085768523735 -8.948981487717079e-19)
(1.036370152560569 0.1105980541926117 -4.194397947183515e-19)
(1.038341607730212 -0.3977465485761636 -4.433667429517973e-20)
(1.457742119011166 0.1089905293440493 -6.470240845943066e-19)
(0.7815670010659002 -0.8878242049420217 0)
(1.056881998995485 -0.03061319807436852 0)
(1.144327171515735 0.1803379980827069 0)
(1.613785567871945 -0.03947570765641413 0)
(0.8133124603663284 0.5913771021146066 -2.098780132215178e-20)
(1.494667750670671 -0.3580092377283602 4.57888688003721e-19)
(1.538396241288085 0.1470204415528655 0)
(1.137686342444765 -0.460654917317321 -1.690629718359478e-19)
(1.458621035312452 0.3429872982454851 -3.521195071986265e-19)
(1.009426277994147 0.02766309206388226 0)
(0.2071639500964905 0.003355242822701221 -2.426000477225792e-19)
(1.334042475519878 0.5091490676430837 0)
(0.9784015416134556 0.007785622152418514 -3.971844540878167e-20)
(0.7639174981710004 -0.3033423790092704 -2.053086044090795e-19)
(0.5085450734417506 -0.0849626722787 7.873252566813698e-19)
(0.2132338859326025 0.06970252190955356 3.572347573534275e-19)
(1.062503766474993 -0.1390625227037709 0)
(0.04950447763523466 -0.003827284937495068 0)
(0.3440992473166961 0.037399828462351 -3.02770628046738e-19)
(1.005763346634978 0.01714533744927587 0)
(1.450842920301733 -0.006798671114233379 0)
(1.007109848368091 0.02802545934981115 0)
(0.4695975684612441 -0.2771571821305006 -1.002446921717081e-18)
(1.048666262600274 0.08832182385330808 0)
(1.521474304978851 0.04189881412862156 0)
(0.2169676917582851 0.1340089630111214 5.46977273195155e-19)
(0.8805294849600348 -0.3243369256670436 0)
(1.364293224626466 0.05352164824041843 2.669049588345575e-19)
(1.236496619909748 0.2042915003617761 2.035861879882132e-20)
(0.8967693160931581 0.5516931983976212 1.590202704427225e-20)
(1.033326450945884 0.09870380692976768 5.049838890465639e-20)
(1.032791544570821 -0.1497057688375531 0)
(1.365390229440296 -0.0214696108567317 0)
(1.290869620237709 -0.1170610425283474 0)
(0.6247044325634116 -0.04278006335225063 -1.363018896104195e-19)
)
;

boundaryField
{
    FrontBack
    {
        type            empty;
    }
    Top
    {
        type            noSlip;
    }
    In
    {
        type            fixedValue;
        value           uniform (1 0 0);
    }
    Bottom
    {
        type            noSlip;
    }
    Out
    {
        type            zeroGradient;
    }
    circle
    {
        type            noSlip;
    }
}


// ************************************************************************* //
