/*--------------------------------*- C++ -*----------------------------------*\
| =========                 |                                                 |
| \\      /  F ield         | OpenFOAM: The Open Source CFD Toolbox           |
|  \\    /   O peration     | Version:  2412                                  |
|   \\  /    A nd           | Website:  www.openfoam.com                      |
|    \\/     M anipulation  |                                                 |
\*---------------------------------------------------------------------------*/
FoamFile
{
    version     2.0;
    format      ascii;
    arch        "LSB;label=32;scalar=64";
    class       volVectorField;
    location    "478.5";
    object      U;
}
// * * * * * * * * * * * * * * * * * * * * * * * * * * * * * * * * * * * * * //

dimensions      [0 1 -1 0 0 0 0];

internalField   nonuniform List<vector> 
808
(
(0.7562715966393119 -0.01752456197979226 0)
(1.031315454774934 -0.01250415286020124 0)
(1.114976863657179 -1.309804399973142e-05 -1.764565891077722e-20)
(1.085130876310686 0.0125707448512436 0)
(1.36046478184575 0.01372757097871151 -3.835590363785834e-19)
(1.038670122527879 -0.0094119517508906 -7.253698132294646e-20)
(1.014238181699255 -0.02032008508820671 -2.393172668599748e-20)
(1.078825947556184 -0.00473684224973133 8.964364272329753e-21)
(1.2521384063685 -0.02131027709169507 6.279844792209826e-20)
(1.084857269081712 0.008775216614066944 0)
(1.009856331556598 -0.0124647106464326 0)
(1.303297063174135 -0.05389553012719739 -3.479182777801988e-19)
(1.086226307204194 -0.001642722878938047 2.035918767349616e-20)
(0.6750890549890536 0.006393634499389928 0)
(1.279222142053699 -0.1231142437311434 0)
(1.081924616926843 -0.0001465998926535993 -3.836691284616312e-20)
(1.228880513347125 -0.1532804919858492 -9.863369263501982e-20)
(1.074420885731887 -0.0003029214142744213 3.179100435913656e-20)
(0.9899494984731497 0.006266460004066342 0)
(1.026979189759548 0.00921587202422511 0)
(1.038078478309253 -0.01593217176064361 0)
(0.9875671565443284 0.04535903509684012 0)
(1.051035326987431 -0.006220640276631484 5.737612841455971e-20)
(1.053701209968232 0.008217210567281702 0)
(0.9338420363099067 0.1999110677530135 4.572156177595746e-19)
(1.161777994054354 -0.09089556893548068 0)
(1.184291749666142 -0.01977271784854967 1.548344595010531e-19)
(1.077175489007812 0.009589026648808197 5.227365691914588e-20)
(1.084064258461231 0.001820176471625015 5.100038546464344e-21)
(1.071970072402523 0.03098318923048522 0)
(1.075481481403002 0.002546081086215432 -1.180770056386925e-20)
(1.033442161896383 0.006274121654359847 -1.889736037683349e-19)
(1.059972985468158 0.01461956173069817 -2.375583926174893e-20)
(1.088792582185251 0.005335350882709068 -2.932686132671746e-20)
(1.120776039010753 0.03632341765864711 0)
(0.7548934082726861 -0.1199923066876815 -4.549581062304895e-19)
(0.9544576127084372 -0.005732684459853509 0)
(1.068911546625749 0.02240728661527699 0)
(1.068829214703345 0.007225435616187015 0)
(1.073713739529117 0.008641252650692745 -2.820067471682832e-20)
(1.092884246816864 0.02256721044770825 1.083233067433397e-19)
(1.149722576932178 0.002018019771007715 2.124352783683543e-19)
(1.095557579533391 -0.00243479176573203 0)
(1.015485988937221 -0.009393334753953172 0)
(1.127256389493615 -0.09688940099999356 -1.656916828901594e-19)
(1.04405711358464 -0.01180437529011813 -8.267632838085486e-20)
(1.058375429992466 0.02669221429470084 -2.741320241668185e-20)
(1.229059424378294 -0.1120548657861457 -5.583175977822972e-20)
(1.067633262718398 0.01217825205820239 -4.114161161847895e-20)
(1.255525467827062 0.0153353257511166 0)
(0.9972946603883679 -0.018343439453105 2.142424515072547e-21)
(1.044625686593898 -0.002579841555515488 0)
(1.087291704288758 -0.002348670855981426 0)
(0.9976659496504622 0.007778452703544424 -1.91573038052983e-20)
(1.252763703970045 0.03277502678407255 -2.375280487392166e-19)
(1.063678530073828 0.01835971571588705 5.935019387249153e-20)
(0.9882666289579617 0.01035169017908258 0)
(1.014867314906295 -0.009982618902477701 2.533871398449363e-20)
(1.10691004656988 -0.001687577266239983 -1.162267024967497e-19)
(1.061682638967891 0.03130429436866343 0)
(-0.06928640775987494 -0.02823366341905599 7.456407382212759e-20)
(1.153587284473342 -0.05221207233517621 -1.859355355144186e-19)
(1.001767890987088 -0.007617511486381003 -2.784497856909602e-20)
(1.185790396362058 0.06422909478006805 -1.20080387778455e-19)
(0.9973465024552246 -0.0106564322462293 3.05680886768342e-20)
(1.083836184747762 -0.005508165293089911 0)
(1.24471916791018 0.09162385685043158 0)
(0.6960348474643825 0.003168186848880042 -7.4576264092259e-20)
(0.9891539385295081 -0.01601751298970787 -3.183971094432769e-20)
(1.456470069369241 -0.01895014642041288 4.417712673644622e-19)
(1.060672460692898 0.007565978515026443 -6.605475262215744e-20)
(1.364188517227986 0.09457102816181547 2.863536528727848e-19)
(1.054844278713061 0.006729502099350764 -1.888430709135027e-22)
(1.081009157757443 -0.01415867476292104 -3.631505623134943e-22)
(1.162568766751427 -0.2348649327223132 0)
(1.02268931364854 -0.01475162971578733 0)
(1.017966082084754 0.01786031394370275 -3.026309723795594e-20)
(1.389721887680302 0.3499076713333148 4.223135008488737e-19)
(1.097238995814898 -0.04210805672734644 9.476823247983119e-20)
(1.046853089103325 0.2112673448340659 2.428064480681725e-19)
(1.122889643242501 -0.06320597020778286 1.174126164081784e-19)
(0.9221173247047717 0.005200574299560628 0)
(0.9754797717628022 0.01858718380459216 0)
(1.003985582599134 -0.04847469150679731 3.092625627127615e-21)
(1.010721622943385 -0.01361895455374317 7.628870292577725e-21)
(1.031271917681214 0.02609459138518718 1.362609155137512e-20)
(1.525289031201379 0.03486346336425934 3.229242219972314e-19)
(1.29188610636278 0.07037284649888872 5.598881130078074e-19)
(1.072722547684183 0.002923982502977121 -8.90077895086628e-20)
(1.195801132770756 -0.09948205472645526 0)
(1.033976985743011 0.001498813002070888 1.299166061197045e-19)
(1.163795668105749 0.02015365787542591 -3.140026474396236e-19)
(1.001524894463657 0.03252270754341514 0)
(0.9996300465531944 0.001975458089167164 0)
(1.044153254187622 -0.0003566646176827097 7.92297693073718e-20)
(1.214342604633263 0.1012044983851462 3.990881989038186e-19)
(1.011143109835617 0.006940499600670143 0)
(1.087495287537451 -0.07049856164842787 -1.067065418402562e-19)
(1.150090852967858 0.03492929140449417 0)
(1.211996602998026 0.08889633212867402 -1.878565618327801e-19)
(1.108213750276196 -0.02871352422574538 -7.742417152488345e-20)
(1.028018779327034 0.01171140631646335 0)
(1.085469145889099 -0.004647052782901126 0)
(1.020259343766193 0.02598566631111665 7.901231620945651e-20)
(1.075580135913571 0.05464715440577756 -9.216586789761259e-21)
(1.103621387897952 -0.00438038020163612 6.381280412326183e-20)
(1.103894658239531 -0.09506275751124513 1.539177725246343e-19)
(0.9603898101667884 -0.003273728802772821 0)
(1.066461754973869 0.03146422486663688 3.727492314981622e-20)
(1.167317650585457 -0.07645523030658581 2.272281041232372e-19)
(1.054065385090239 0.04587029843824313 -2.862195842019543e-20)
(1.023005651376972 0.06810520396823881 3.663155912946657e-20)
(1.090592272809502 0.02625315264461087 0)
(1.013262851905132 0.01422647881988274 0)
(1.02896315573671 0.009398714192883198 7.875497450453299e-20)
(0.9485937981645027 -0.03211307710354562 0)
(1.053328071673452 -0.005523534944145441 -7.508029250607311e-21)
(1.338729990039493 0.05691389540276619 -1.554717597249539e-19)
(1.079698826369541 -0.01332261722629716 2.618134479154102e-20)
(0.7442097946435978 -0.001781677567759096 0)
(0.543485748568211 0.1612268876965375 -9.802995977935094e-20)
(0.7058374689204315 -0.002496118311099732 0)
(0.6990947075788309 0.01467358470300724 0)
(1.077840194634462 0.003468601946205518 -6.51414829667666e-22)
(0.9906405336737402 0.01443417361496139 0)
(1.281229002581058 0.1223993432123581 2.536781062274768e-19)
(1.012223185398163 -0.02797369557713779 -7.467202058678372e-21)
(1.039027096876 0.01798948463855018 1.242451343404476e-21)
(1.058392255791321 -0.01239564541842155 0)
(1.126356405252847 -0.0092527005132787 -5.086364547132542e-20)
(1.260294518242067 0.1232198706821848 -2.164449419259811e-19)
(1.088783326307093 -0.01092137335872382 -8.522504590599137e-20)
(1.070955735997053 0.02509107643718186 -1.073681743010773e-19)
(1.041094186811948 0.04677343476059335 7.307665468581138e-20)
(1.022342342274877 -0.003532235428507906 -3.458211801010123e-20)
(1.061370646953277 0.02368783438963988 5.782996520248182e-21)
(1.137600734384127 -0.0005873986949724347 1.057394185624148e-20)
(1.040908487583598 -0.01248530196634195 -4.673166960660878e-22)
(1.087696241646305 0.03482096472752707 0)
(1.028771893331704 0.01339370797936215 0)
(0.7915256133240998 -0.07561429068935104 -1.846167065432478e-19)
(1.03028781212865 -0.002136460405333355 -6.604183254352431e-20)
(1.137494598497956 0.002447631675814512 -1.296190481835803e-20)
(0.7035444296038154 0.006545196739376508 7.203335364835735e-20)
(1.176202893336849 0.01882996271980948 -1.957201737602639e-19)
(1.129356414498538 -0.003684388170953026 5.756665849416839e-21)
(1.129054086932144 -0.01010829075216288 3.384043488609046e-20)
(1.000936673047672 -0.002989438188564619 -6.84796641530377e-20)
(1.094672661866751 -0.05891358903141269 0)
(0.9876135183881374 0.0003080318597244503 0)
(1.057972113138807 0.007040330627937627 0)
(1.006246461002678 0.189801973799604 -2.379839939728508e-19)
(0.7795140626264702 0.01242922582153883 0)
(0.8570316060355161 0.1036174003798108 -8.242556754917154e-20)
(0.1048154397410203 0.03416501443858983 -3.035934880490775e-19)
(1.172940439697136 -0.03252261487887746 -2.274973449340882e-20)
(0.6712417376093783 -0.007371367759373385 2.446202596563847e-20)
(1.162909712221076 -0.1057942863429494 7.009093745124672e-20)
(1.129142469393197 -7.582779290224524e-05 -6.101835476580539e-21)
(1.15453374644953 -0.05107019300906466 2.210715979027542e-20)
(0.07409295162723953 -0.1890625573457717 0)
(0.2630926586990662 0.06705433022108168 0)
(1.255140933558732 0.1047441009627837 1.85323680354541e-19)
(1.021551047393027 0.01988589310802245 0)
(0.7375495987331735 -0.006315033099531466 0)
(1.074822573406175 -0.0116772248745245 2.712796087682428e-20)
(0.9752216049679392 0.002866552558485896 0)
(1.288377018070166 0.1197436261805958 -1.442815061784729e-19)
(1.057382794497055 0.01108743006243759 0)
(0.9923608403691315 -0.008105501201438964 0)
(1.065334906264831 0.008046053006442261 0)
(1.006250791883131 0.02090148833460877 2.099781283431743e-20)
(0.9235705082833696 0.003294972448059893 1.257636493806979e-20)
(1.17503466913506 -0.1988568359652364 0)
(1.004978701853012 -0.005229621853285135 7.930493126118353e-20)
(1.059237571235113 0.00615014386427639 0)
(0.774539090173065 -0.003352053647089263 0)
(1.215879471668267 0.02596093712771798 1.625161583523256e-20)
(0.7051314687726399 0.001340794251061527 0)
(1.431208390879361 0.08575503205486766 -5.158575761374032e-20)
(0.9936423978304252 -0.005740858126592866 1.656114116371041e-20)
(1.27587110198837 -0.004039733299041831 -2.986894433678182e-19)
(1.060049764014998 0.008839984403584685 1.339321823828479e-19)
(1.000898101442303 -0.01356891647153608 0)
(1.213182019389536 -0.154159007097485 2.038634322256416e-19)
(0.7331667480435474 0.0137890930083204 0)
(1.097978269915302 -0.005031935384327824 0)
(1.154897514041139 0.06403269267335693 1.918370694811304e-20)
(1.006363013871004 -0.007143300976482458 -3.03185415867217e-20)
(1.122249494091605 0.04944798158239114 -1.715719207835207e-19)
(0.1582164693572717 -0.0901143515561221 0)
(1.073941973289701 0.03721405462521728 0)
(0.6615110889828395 -0.00288110749853509 -5.516777893273223e-22)
(1.012062942384021 -0.01973348181049254 9.143323951139089e-20)
(1.061817590727036 0.0007665989953120447 0)
(1.087475750050484 -0.1394217027399964 3.796144270395436e-19)
(1.002478981011709 -0.006151717970851087 -3.353410199010425e-21)
(1.002136280893044 -0.004012250708188637 1.313375006148228e-21)
(1.094033633991522 -0.009187308589712458 0)
(1.020803501181474 0.02014661322114738 -6.560185888314858e-20)
(1.106824371608246 -0.001673814619449466 6.390912500835352e-22)
(1.073869692983215 -0.01065786185431985 6.570565220290843e-20)
(1.085663194176962 0.02227380062350997 0)
(1.32443046668315 0.1591552563781386 0)
(1.002086410385942 0.0005152275936442011 4.410342539376209e-20)
(1.32276091335671 -0.1328008914652397 1.587353501548604e-19)
(0.0141828411694043 -0.1370824133102395 -2.3748454393175e-19)
(1.071194419684816 -0.005486410341042952 0)
(1.114164401364304 -6.201168429035303e-05 1.203902161878365e-20)
(0.7269141178879268 0.0178486591854212 0)
(1.059433694271596 0.005609134901180193 0)
(0.8635202175076176 0.163153064606009 4.662774259542171e-19)
(1.279018220515569 0.1175046920961717 1.822641421522494e-19)
(0.6541123994686748 -0.003115748165258657 -6.426578241351228e-20)
(1.041405447942478 -0.0006820422927340029 -2.529521436202407e-21)
(1.054956236090036 -0.0002361891925884332 6.500068952241185e-20)
(1.359186274674536 0.1194434670132053 6.614460762380051e-19)
(1.338102095966822 0.2527417652876141 0)
(1.057221594733045 0.007938394304111461 0)
(0.9955012373178067 -0.005412946024981536 1.401541760684725e-20)
(0.9946055186388516 -0.006068171029677554 1.379483781393567e-21)
(1.38611532648489 0.1999035427203225 4.313767840513824e-19)
(0.681738818885939 0.0006304453846976959 9.894586983621493e-20)
(1.005699566619276 -0.002078096155486442 -5.987950692342206e-20)
(1.097989875634158 0.01310837453477762 2.548313794206788e-20)
(0.6694581989275857 0.004983374922273157 0)
(1.066081332380399 -0.01203401385288781 0)
(0.9914907833298795 0.1243033404987333 -1.30603292438194e-19)
(1.082144396261168 0.005117204022584437 -2.527694283853427e-20)
(0.9819093570936938 6.114888457945156e-06 3.299771448980116e-20)
(0.9912110375183645 0.005992116849680702 0)
(0.6381903603887581 -0.001153426744658966 0)
(0.9768361144044098 -0.001305704547048939 0)
(0.6419570463706059 -0.001448457386043356 2.702248459614069e-21)
(1.087099141084663 -0.05724606714525338 1.214349453990316e-19)
(1.109577292087246 -0.003765034762098863 1.197561881260644e-21)
(0.9580806687211121 -0.0008934886861511962 3.895852355796818e-20)
(1.016415422301324 0.01081368125090257 1.689705250608207e-20)
(1.063796606379438 0.01041265788791573 -2.168449628645908e-21)
(0.634825431371886 0.008848171888671876 -3.630328959732104e-20)
(1.003011297317964 0.01284165550545296 -6.779576537702347e-22)
(1.036599685133951 0.01224060203245609 5.03038380433936e-21)
(0.9872465734099058 -0.004372968706061927 0)
(0.6100767592179898 -0.0004575380617861629 0)
(1.06892446061517 0.0226885539978206 0)
(1.015688450272334 -0.01605795644940003 1.050989259448071e-20)
(1.021734770848822 -0.001861123858883764 0)
(0.9929162274919682 0.014834108601698 -9.40444580832261e-21)
(1.011303437199411 0.006951161130928543 0)
(1.131716103566108 -0.003732538475527116 -1.266617048031596e-20)
(0.03170961688745776 -0.1376517056470518 -4.421594184740985e-20)
(1.035298065015929 -0.01590834612885305 -7.263819867733539e-22)
(1.045838022047851 0.009339054415466733 0)
(1.087830994732508 0.06717170727278966 8.381136370249658e-20)
(0.9691650869922508 -0.0007692230866577911 3.116421373988405e-20)
(1.020379804097987 0.01711980196124696 -2.271522587398295e-20)
(1.006769034143583 0.0006494578904996806 2.417654769549334e-20)
(1.040183877531586 -0.005514331701531751 0)
(0.6409874126254298 -0.004048677310933493 0)
(1.02601563711714 0.02447525112001123 -7.810813350755855e-20)
(1.081161392544854 0.005639592303426927 4.97866585378597e-20)
(1.01203545135775 0.004145282850693198 0)
(0.9817976346758124 -0.001421291723615321 -1.907430818073336e-21)
(0.8652149911073316 0.01974576022833433 -1.448055340972859e-20)
(1.013944711893808 0.003043621164391436 -9.845326215620136e-21)
(1.025947404697582 -0.001287438715437077 1.786839933829681e-20)
(0.9783310993276914 -0.001568999246542062 0)
(1.006641515065516 0.008604322900241492 3.28037979516061e-20)
(1.107440966180258 -0.004940991517370468 0)
(0.9328566902110321 0.006049573279316985 -3.435058983726923e-20)
(0.9569689163301009 0.006346642089531175 0)
(0.9047651812491015 0.2054699972374701 5.04715869198704e-20)
(1.011182991763398 0.06756164996289636 0)
(0.9909775106460305 0.003934950850425128 -2.312460534277471e-20)
(1.053523831283797 -0.05001485604172106 -2.731519271164807e-20)
(0.9927485207436247 -0.001360356904063417 3.343534134431525e-20)
(1.00847333798316 0.002465514874385199 0)
(0.980359688463695 -0.0005598523196670985 -3.112334531072539e-20)
(1.176299860286744 0.09508348389721516 -3.306184808554485e-19)
(1.067644126869365 -0.2630739331930759 0)
(0.9949534260519708 0.001689904691504634 -2.213481531172293e-20)
(0.980040311890149 0.009069880273680433 4.822013423454143e-21)
(0.9578726144664723 -0.001354327982726036 1.065349677431399e-21)
(0.7460357773381475 -0.001097305569684151 0)
(1.112958752473987 -0.0723510541399157 0)
(1.007624525128429 -0.0002145317983757039 -2.157851467773302e-20)
(0.9000463374972342 -0.001819348915294741 -1.081463023631833e-20)
(0.845867803759545 0.01008202273440178 5.791624879114313e-21)
(1.010044612501089 0.003170456990530416 0)
(0.9564738159263281 0.006319075713748565 1.601640593759718e-20)
(1.005805893778485 -0.0002041743860834169 -2.261184509304941e-20)
(1.024655225301865 0.001995878875838319 -2.501232795220422e-20)
(1.111552029679277 -0.006199946129937548 -4.892750815445753e-21)
(1.114129179245228 -0.004960049209378743 0)
(1.010360834493178 0.005125845358227181 0)
(1.02555079808119 -0.0007001877868532524 0)
(0.9504943672917298 0.01072446071140274 -2.131563843278452e-20)
(1.017884527092963 0.01314671688071886 5.555851260912877e-20)
(1.082958392424093 0.005941317400592283 -2.30009958008747e-20)
(1.036744541878512 0.006223442792009582 0)
(1.107721000167425 -0.005299974306140792 1.808181822731886e-21)
(0.9958141329185122 0.001127707661182922 -2.220662746389063e-20)
(0.9803691666887802 0.002072351885616963 0)
(1.010959829182402 0.001866814190938988 4.69533449945239e-20)
(1.362247218577476 -0.3135016442065004 -1.121235860982996e-18)
(1.121182994180452 -0.04594924342881152 -1.10568382581346e-19)
(0.9759541263664031 0.0113651222077589 4.804379582089757e-20)
(0.7803226448215275 0.02392982682947801 -3.574849250912271e-20)
(1.221308432359733 0.04888131600068756 0)
(1.214124860009856 -0.1363191114162411 -1.475874016982648e-19)
(1.084021103483713 0.001965554661344003 0)
(1.009569447258408 0.001154231662264079 2.237541611587785e-20)
(-0.1837037340751729 -0.06845467393635306 0)
(0.9939717315527018 -0.004674261740481623 0)
(1.012344443192823 -0.02307427500568359 3.993849360530253e-20)
(0.7061693280939835 -0.01941101332042773 0)
(1.096802733529395 -0.01504520268437202 2.346791723500975e-21)
(1.039943525756589 0.001952107014126299 1.426269422888797e-20)
(0.6331393785124816 0.004180750040878904 0)
(1.444842465375308 -0.1233084395116489 0)
(0.9863065575959514 0.002157621895473593 -1.07408199650164e-20)
(1.069606299565277 -0.0149744847998244 0)
(1.03805171581182 0.0005774949460131164 2.093162821215825e-20)
(1.08780511343348 -0.003525951854245717 0)
(1.009634114089472 -0.003572922380623881 -1.239700821329003e-21)
(1.006245018583614 0.003202248100265109 0)
(1.012207644148155 -0.005531802952512656 -3.102653524573673e-22)
(1.003440867808141 -0.02004883734672763 0)
(1.034206816565104 -0.0008342511773441522 1.86063819947849e-20)
(-0.2137963864769805 0.05327330906684617 2.77020298161954e-19)
(0.8212176946662018 0.04035997801951367 5.898183707341647e-20)
(1.005191759182093 0.00238416168777768 0)
(1.124169229457552 0.02119774098610802 -1.31895292535286e-20)
(1.110376856710119 0.01182666712624608 9.706886422982001e-21)
(1.053824790055405 -0.01299328595032602 -1.313675388013059e-19)
(0.9987757104087114 0.01039274965852306 1.411124075016114e-23)
(1.084482695772975 -0.001847759897690299 0)
(1.18671729980092 0.04947386105684067 0)
(0.8350678558647693 -0.07365961090993894 4.607075681058783e-19)
(1.097252067983546 -0.0143932118858014 0)
(1.032833570287087 0.008024888446208486 -7.640583845974788e-21)
(1.042773598660899 0.005375427292258897 5.792568790045052e-21)
(1.050455678730448 -0.05988745219529706 -7.525690404719335e-21)
(1.140090864734062 -0.002562248928640249 1.709729442865835e-19)
(1.076659504702106 0.0007023029769068275 0)
(0.9950456143207285 0.001750532036958995 0)
(0.9978799314030755 -0.02430226032679787 -2.337086984354694e-21)
(0.9915984652863719 0.003023858246126156 0)
(1.028945803741412 -0.03706346049868978 6.471158642297658e-20)
(1.294155812654577 -0.09830021571072939 0)
(1.045448266743166 -0.01060327243366823 -1.557898597154075e-21)
(0.9861729662637174 0.0167988942291496 -8.940612633146752e-20)
(1.035433239565305 0.04238540449447679 -2.345577363901756e-21)
(-0.09072332820288509 0.1918138110010514 -1.694480107504708e-19)
(-0.06433225286670782 -0.2797367677752896 -1.35894411643658e-19)
(0.8574653100865717 0.111904531159822 0)
(0.2790995130283376 -0.006316046835372295 -2.9018989380667e-19)
(1.013333146154721 -0.01841565003901146 -1.187041487607048e-20)
(1.064017845181251 0.002640129464570729 -2.078715950476964e-20)
(0.9934567455024513 -0.02078269118304695 2.964598662565889e-20)
(1.025903274873733 -0.02677653694687111 2.580640850391269e-21)
(1.008514934549897 -0.03049707467880568 -6.661301190401744e-20)
(0.9887010522397955 0.004916703087099222 -3.486900554665993e-20)
(0.9938511836634015 0.004345559794175775 0)
(1.024459311915095 -0.001824292232714645 -3.558306365992798e-21)
(1.930395605034348 -0.1557826321245402 1.067150008059168e-18)
(1.053092204956714 -0.01927754964073072 0)
(0.9964464337492931 0.007182327184196953 1.495577773659473e-20)
(1.003118053611076 -0.0003770064336539077 4.03822869376959e-20)
(1.178078193069488 0.1442661353186904 0)
(1.007511211462306 -0.01987523036723053 -8.904397600507789e-22)
(0.9526263130118791 0.0001007414610685907 0)
(1.037850153573288 0.04171402320789321 0)
(1.292159418582151 0.1533333107048762 2.161028616006885e-19)
(1.079050250951326 -0.008744957078767579 2.295099668296344e-20)
(1.017309837771042 0.03225757875388992 4.562683974075103e-20)
(1.078461219710455 -0.00324730145965568 -2.212539530318849e-20)
(1.057331989109017 -0.01832161466273138 1.260143932370782e-21)
(-0.3853241441082005 -0.03479327769496056 0)
(0.9983480307638083 0.01300296033814394 0)
(0.12372924399082 0.05778102746606834 -9.003867654383183e-20)
(1.005530070147701 0.02214146248718002 -4.03349012923144e-20)
(1.000683567967632 -0.01135245774169737 0)
(1.000289304281323 0.005620486863613084 -4.97318086194037e-21)
(1.081686255628788 -0.04210771377624894 0)
(0.9954116983779849 -0.01897735535085768 -7.934011987030215e-21)
(1.091602385599104 -0.04591396323358189 0)
(1.440271262873559 0.1725910370960094 0)
(1.054292790458147 -0.01166415871125235 0)
(0.9918414293950832 -0.02320609193702908 -3.986882412105452e-20)
(0.9808235913903217 -0.02258115536914528 -2.607746828161979e-21)
(1.020183907862892 -0.01935866658550629 -1.994865457444613e-20)
(0.9972649216045349 0.017283935814792 -5.457545769027303e-20)
(0.9954037669000505 0.009433795520596344 -1.457543490344806e-20)
(0.9945069517088743 -0.02623636907682213 0)
(1.002063662438794 0.02557932232653392 1.903709196689227e-20)
(1.035227864576229 -0.02778463759860315 0)
(1.110387928114829 -0.03637600121283932 2.542102007440532e-19)
(0.9951263859391704 0.01706524732342539 4.523664843795073e-20)
(0.6150962151862596 -0.008679398363008904 0)
(1.151280451548346 0.1411252578967659 -1.887837224915353e-21)
(0.8299592789031266 -0.095230076632478 0)
(1.139274317252753 0.07268980769316361 -2.773126373905831e-19)
(1.313118000359326 -0.3874177194654052 1.277464480558557e-19)
(1.076089383053933 0.06514520927090983 -1.317129845088822e-20)
(1.010236289192911 -0.02932863892663742 0)
(0.9547199703957171 -0.2137398400336045 0)
(0.5302054279788042 0.1616808703900638 0)
(1.012279375903031 0.01342488025773618 1.025915003675895e-21)
(0.7114161465603199 -0.01272878028238879 0)
(0.9980020120779507 0.01731641363914033 3.472554625652363e-20)
(1.022100000998849 -0.0002147697460614556 -2.669451106173739e-20)
(1.07916571133789 -0.008017434595963263 2.685566536294494e-21)
(1.045752748114398 -0.01068766925450395 2.886621184749961e-20)
(1.042921965352883 0.01086339513227968 0)
(1.053509962801231 0.02703655562626841 -9.753060957746211e-21)
(1.051659905808568 0.03489236726774265 -1.77937477968115e-20)
(0.9831808990242781 -0.02164469707252317 0)
(0.6249101400938797 0.005138745543916775 9.180955956699486e-20)
(0.8941770636789801 -0.005916305862167291 -8.856092146718984e-20)
(0.909350113672927 0.005272098417843814 1.44428740611337e-20)
(0.6296155297559378 -0.006399868683592796 1.409338221570984e-20)
(0.9790922535319871 -0.0003186163198677462 2.57883018440636e-20)
(1.004430798966645 -0.01762765606851309 -3.348033966893082e-20)
(0.968673578494039 -0.01185138969091959 -3.108627243140437e-20)
(1.085569487493717 0.001450799705089497 0)
(1.018668131673158 0.004774304387258195 1.086899755543152e-20)
(1.133353742988076 0.04818202726442725 1.337989647856115e-19)
(1.033772524611992 0.04269585743598097 0)
(1.022178642669773 0.002632349420937208 0)
(1.58030508290816 -0.1672684140530505 4.365039359556877e-19)
(1.04082620865257 -0.02637972399683261 0)
(1.022322016322692 0.007961041907583927 -3.605234737803301e-20)
(1.08756010906809 -0.003285035983378196 0)
(0.4863314715896791 -0.01562083306282711 0)
(-0.04067336715383936 0.004952488541568954 0)
(0.990105438444345 -0.02354108557127321 1.240453458639928e-20)
(1.299189482092223 -0.09609103930576422 3.681405284771303e-19)
(1.033162837700592 0.039486313649304 0)
(1.022635335850162 0.003389966373520845 -2.201320425667686e-20)
(0.9407650112089605 -0.1657509433470737 -2.35578618352813e-21)
(1.252989590716941 0.07364521343440042 0)
(0.5992717932803815 0.732792071664501 0)
(1.305306678098376 0.1450530195541925 1.068607133468351e-19)
(1.6731708661182 -0.02577231130355875 0)
(1.071876480189155 0.1254511952581842 0)
(0.7308146616625086 0.001936986986642591 3.051011713970729e-21)
(1.050369779949827 0.04946563498484722 0)
(0.7173451492863054 0.0990112187651324 1.276214418697548e-19)
(0.9968210215084079 -0.01628374904738938 3.584591346094972e-19)
(1.034875712430089 -0.03846138648806405 2.64123735567712e-20)
(-0.3698106258210234 -0.03818561384603668 0)
(1.071627206329722 -0.01615165056977536 0)
(1.093725963363374 -0.01713918562844343 0)
(0.6470424881955157 -0.5000701187829376 -2.507754845419268e-19)
(0.9922153981456709 -0.00013933944060622 0)
(1.091758181457399 -0.02215605177069011 6.054248223339698e-22)
(1.189335380618812 0.1210374306672997 -2.035851038371382e-19)
(1.093382246987581 -0.03718301433146348 0)
(1.004956459564217 -0.02093247008723582 0)
(0.8073948870285889 -0.1961184089255463 -1.732112811048235e-19)
(0.9007047842500141 -0.1424942400733694 1.503219520971104e-19)
(1.030588729501762 0.009985553009818656 -2.110220998059071e-20)
(1.023128440552725 -0.00927386566793003 -4.332634816095593e-20)
(0.8668696930225728 -0.0004139220629277375 -3.262121839917456e-22)
(1.502061324822441 -0.193739014544322 0)
(1.30209248977518 0.1127837787965648 3.135165599625166e-20)
(1.243565911028544 -0.07962186423807335 -3.06827585673065e-21)
(1.095919411579674 -0.01878104758425075 -3.932912821963585e-20)
(1.043557921181204 -0.01717761354384116 2.852848349312208e-20)
(1.092800421363831 -0.03919341230125813 9.440935169568103e-20)
(1.032743856530804 0.01979261345875504 0)
(1.048167968628626 -0.03151641085764151 0)
(1.115851228277544 -0.009050738421209063 0)
(1.094430680504309 -0.026933029393207 0)
(0.9979995099260349 0.01075684596213445 0)
(1.153203907437067 0.07534913714868566 9.330249831908815e-20)
(1.345694504120166 -0.1576003504291464 0)
(1.042705555818783 -0.02249989139107128 -2.169978770349962e-22)
(1.052709472993851 0.05457365490099689 0)
(1.00991374483152 0.01439525955874625 -3.85115436074991e-20)
(1.033522997123181 -0.00820016336167444 9.292170751805798e-21)
(1.088997213520322 0.01330360947451785 -3.183354608727735e-20)
(1.084305873144457 -0.02979597104209735 0)
(1.076631731226142 -0.005893250108349378 0)
(1.102039197929477 0.093148528345601 -1.405629531460332e-18)
(0.9348750494571807 -0.1480249404739251 -7.107211198334142e-20)
(1.179038457315386 0.1069168451766046 1.11132168275866e-19)
(-0.4597540772835316 -0.01009900550179173 -2.927024711582785e-19)
(1.019468643997389 0.02945581067466243 -8.621568742102685e-20)
(1.006492601871712 -0.006214973279969897 0)
(-0.2689137209227171 0.02597603653049705 3.561440997190158e-19)
(-0.04951055627133111 0.3411242313004529 7.47973386616109e-21)
(0.995220290286871 -0.006331118567552439 9.07578960493255e-20)
(0.1869525086875019 -0.04080760338477477 1.369632138108424e-19)
(1.096916341456803 0.08874689568754027 1.497443694930433e-20)
(0.09347933721326479 -0.1066307361349357 -5.369354544472939e-20)
(1.107919823590347 0.003162191959083364 0)
(1.095518109676342 0.2523318704778245 0)
(1.021546905819884 0.02200846673730053 -1.689466162857391e-20)
(1.069975893119368 0.06118086456143877 0)
(1.024259201428739 0.02639405535928779 -9.010904335578623e-21)
(1.260131895371341 -0.5474360079502723 7.988378586321211e-19)
(-0.08260300189497012 -0.212785651945006 2.117389692320154e-19)
(1.295739690265027 0.112473505449414 -6.155700039807179e-19)
(1.124854052341585 0.0004053862715064019 0)
(1.135327252874897 0.1023050101339152 0)
(0.5224675496543965 0.07900811119787469 2.474307822333136e-19)
(1.022899478634751 -0.02103156919298076 9.515765582568442e-20)
(1.005269706548913 -0.02359416239390535 0)
(1.213354297950373 0.2716923786547656 -9.786677094489614e-20)
(1.250084224435855 0.1309839520969304 -1.524997960909603e-19)
(1.026513943634718 0.002658731193867048 1.57653810290227e-20)
(1.296154950647529 -0.08478007316347408 -4.965217300562498e-19)
(0.3060968841748694 -0.02087219255888628 2.760592257011705e-19)
(0.833910087078082 -0.1494123886225735 6.844317187793906e-19)
(1.058285712272044 0.07108872590199432 1.079136058908552e-19)
(1.040949867671499 -0.006518086276946222 1.298961303390898e-21)
(1.000934009610856 0.01998346297673387 2.882305298244187e-20)
(1.06648440163235 -0.03687673007314758 0)
(1.034501888624258 -0.03844335843289729 -1.45720858775628e-19)
(1.018513601247366 0.03554586517724777 -4.651863858622122e-20)
(-0.06182773127856604 0.08101735179334187 -4.931346658206323e-19)
(1.010730129334016 -0.05778922832751696 0)
(0.8957857832779847 0.01045495360558348 0)
(1.091806174764212 -0.001186056149242949 0)
(1.36143429235497 0.2575490572367152 3.759837640034566e-19)
(1.693586983135521 0.1033280561922884 1.325324567061116e-18)
(1.401574407856205 0.1480227510960156 0)
(1.029655888156985 0.02466512158018811 1.125854820703055e-20)
(0.3474350713575508 0.03301448702016055 3.404015984510225e-19)
(1.120878922186826 -5.097957232180009e-05 0)
(1.100237296809638 -0.01826094343233571 3.292304039638273e-21)
(1.097073111649079 -0.02297145434683173 2.25257915768928e-22)
(1.142659481837241 0.09734255270189322 0)
(1.298490581215313 0.05439681636825786 0)
(1.040137594055815 0.0007342475745225512 1.150284539098361e-20)
(-0.147861604978918 -0.1037264490834125 -4.025067152544374e-19)
(1.332407256983877 -0.155909762697265 -2.187294066872993e-19)
(1.06789311507749 -0.00738968998389731 0)
(1.013930696341509 0.01524178991092485 3.038360199439268e-20)
(1.140771932191743 -0.09760532010284695 0)
(1.015782427573124 -0.01796516728623788 -1.137246743705149e-19)
(1.030714768611221 0.007694612321318019 0)
(1.50953911002906 0.08721057913291394 -2.821491773032575e-19)
(-0.06718182682354205 0.06895840291820256 7.498995385754388e-19)
(1.098092629456216 0.04944493389004004 2.078791372055541e-20)
(1.093138859583518 0.07888530217086517 2.123704878892636e-19)
(1.009735693111991 0.008382163210892227 -6.125594342759028e-21)
(0.005734621097799182 -0.1120272280110011 -5.110631198951214e-20)
(0.02614826524154895 0.1181901149920923 3.576769176364269e-19)
(1.235867675336236 0.1289803040250546 -1.530239268828422e-19)
(1.113371660528152 0.09473306199015602 0)
(1.088128318542276 0.02487705365903166 1.76697503826675e-19)
(1.007157860942083 0.02198581481738358 1.739027891774841e-19)
(1.029113501539602 0.00124203256738789 -3.692199080023208e-20)
(1.21467082721554 0.1293591955399733 2.488305246736005e-19)
(1.400460166653521 -0.1338405838529763 -2.0798723341147e-19)
(1.066207125913989 0.05004655580134058 -7.299585491713364e-20)
(0.9937128720162467 0.00653755815780953 0)
(1.089392011896681 0.07606742894318155 0)
(0.9784774572517976 0.006918530119764536 0)
(0.9975914219940294 0.007277349089873139 2.302980232878072e-20)
(0.4935154958233325 -0.07314985619252966 0)
(0.9895577502139807 0.004366345633075175 -3.314350362697144e-22)
(1.287011932450066 0.07619614243892094 0)
(1.009450395614048 0.007524895414907368 2.149703092938241e-20)
(0.8250794303302116 -0.1280833768476072 5.452206380336286e-20)
(1.104172537875251 -0.01790160742596137 -9.102870603612706e-21)
(0.9397723652262945 0.01664268520514772 -1.768477982154794e-20)
(1.44435778200551 -0.2853365540649611 -5.337682460653511e-19)
(1.137697308423167 -0.09213369147363912 4.733232398678888e-19)
(1.088885706255803 -0.02512575374054553 0)
(1.928802441031089 -0.4698222066479156 0)
(1.619797085009542 0.188735690434159 0)
(0.9870468697958028 0.005856453292621301 -9.074231008201418e-21)
(0.8612228740751467 0.7762680756915032 2.427586145293572e-19)
(-0.01999411362764024 0.2251667528976505 5.374749971349226e-19)
(1.043731080678603 0.008416499305030615 0)
(-0.2078006463537092 -0.08676026183662837 2.144201322471321e-19)
(0.9836423509845377 -0.001781216987299445 4.056492907229562e-20)
(1.182254514452823 0.1619267653036472 -1.643648776832529e-20)
(1.044399593152394 -0.02238037153991363 5.469332921766159e-20)
(1.06143426442173 -0.1458509414248814 1.48698772447784e-19)
(1.130613148977956 -0.002813826804855962 4.52309025582834e-21)
(1.112559503252019 -0.01800091909362222 0)
(1.312983853114195 0.5315638176818315 -6.056870398599865e-19)
(1.029744876316226 -0.004956631376805967 -2.238385853999209e-20)
(-0.2950351775978788 -0.05833800850238922 -1.952902264751089e-19)
(0.6796076946785751 0.01847352561794169 0)
(1.084806643654337 -0.6962493124868037 -4.795046224161297e-20)
(1.316902749871318 0.0855622914617894 -1.110096898924279e-18)
(1.113722362309014 -0.108046807540544 0)
(1.089008730392376 0.2805299639780022 0)
(0.972505300196897 0.003783223457392548 -6.171180049006472e-19)
(1.061777182406908 0.008469991502455558 -4.145711919769994e-21)
(0.9246760271734754 -0.01209267422220678 0)
(1.090546172876703 0.03088824149776872 -1.752947966088581e-20)
(1.366120249324976 0.214292012311722 -1.861016228634815e-19)
(0.7325382099942154 0.100265889762179 -1.050957068818371e-18)
(1.078552421263414 -0.0006011185959752095 0)
(1.265215816713238 -0.0612311248788172 7.064956643238023e-20)
(1.005842320909786 0.0006588074060592635 0)
(0.846915460638477 -0.7727280342115075 -2.064241621708136e-22)
(1.081333743634996 -0.05215777116378739 -1.081892668717299e-19)
(0.8773741582795271 0.3273781997238046 2.915449435102137e-19)
(0.8345489007904796 -0.1996623929231434 0)
(1.029900098595139 -0.03562738217810622 0)
(1.053593664845608 -0.02924974262652754 0)
(1.005376244216583 0.0009590700919537198 0)
(0.981204814586088 0.006233588068939055 0)
(1.349818177802629 -0.2382794728113346 0)
(-0.1037853689199453 0.1713634526692303 2.397805938818034e-19)
(-0.07057243670589597 0.05686914242875946 -5.880696327551394e-20)
(0.2497519546129466 -0.1233388178978282 -4.272627002077545e-19)
(1.516344637297129 -0.4373186188956765 0)
(1.033977535229661 -0.01658860829183779 0)
(1.767605574452688 -0.7565312898671283 -2.33505478868725e-19)
(1.130757940224058 0.004010097679436333 8.172330798840255e-21)
(1.327662525739626 -0.09255182735160185 2.831714998315346e-19)
(1.110454786661432 0.7108843736856504 1.476297715138362e-20)
(0.3398909894504989 0.596854373237388 -2.144534867580323e-19)
(0.6772395228207215 0.4622063507300431 -4.743693037562883e-19)
(1.06210771125151 -0.1621111149382025 -2.123283739148782e-20)
(1.223694219656883 -0.3586553187709383 0)
(-0.06999334557440881 0.2138460793115482 -7.410999804996793e-19)
(1.047277703166779 0.02261381739016114 0)
(1.113672870206992 0.04583215176338591 -1.522550103539993e-19)
(0.8169191411637375 0.9008404736323214 0)
(1.069277633418882 0.04482551584129472 6.711241074560053e-21)
(0.2722633360331824 -0.05466084338974544 0)
(1.113169128883432 0.03847822358892559 2.307047798967262e-20)
(1.374015946582984 0.3252335082614611 -5.586762723704148e-19)
(1.074599230633749 -0.01314328079746982 -1.662728740624921e-19)
(1.473637160951026 0.1594508221955892 -2.54718214973773e-19)
(1.334295786247357 0.4199753014236695 0)
(1.176251729676757 -0.2703680396673835 0)
(1.306920806896998 -0.13886660630039 -1.228985201768868e-19)
(1.066798260848345 0.01622408035252804 -3.317776488344532e-20)
(1.060721989014859 -0.01195403068026869 0)
(0.7396395007760111 0.145038195288976 -1.174507489459526e-19)
(0.7722427531096584 -0.5735086942103957 -5.849306073391829e-20)
(0.6669121579407056 0.2067650195773589 9.566910712397142e-19)
(0.9680931588438463 0.1147468045656437 3.299588367917205e-19)
(-0.001680047064379663 0.09620597954211184 0)
(0.5562663680552591 0.02279015545525449 -6.433518095523136e-19)
(1.057549118495021 -0.04017598851634462 -1.892938804026565e-21)
(0.6990818664943942 -0.1174434718192632 -2.776717715715511e-19)
(-0.003272808025399474 0.2511277705017925 -2.964416814008286e-19)
(1.181600253179299 -0.08021714402127959 0)
(0.4032260049834978 0.01793647760532565 0)
(0.16119099374619 0.3762556410058965 0)
(1.445057403712481 -0.2637502321150521 0)
(0.2332020889166256 -0.354193449447734 -6.456137449680411e-19)
(1.592726445200863 0.03914257727878769 -3.873439358214775e-19)
(1.02463077818652 -0.2004520117163422 0)
(0.6684739582965572 0.02760762591613885 2.472041476063724e-19)
(1.024551642125572 -0.01136407762754445 3.533318594914919e-20)
(1.139554139562394 0.2368945233461713 0)
(1.737492846664282 -0.1124570506158566 0)
(0.5792343280904816 -0.7338453360679026 -6.666644132008953e-20)
(1.272631356173761 -0.1116073986542329 -1.012637928353512e-19)
(1.410449608421706 -0.08671545997730447 -4.325520851052464e-19)
(1.48736471758983 -0.06674489503322222 3.67589786590806e-19)
(0.09701289687974242 0.1045835113289256 0)
(-0.1364625143768767 0.1019286960602039 2.813243713334028e-19)
(1.03814395134284 -0.06321556966895447 -4.644549564832859e-21)
(1.119274228972667 -0.1398052785007787 0)
(0.6396550062596752 -0.3529849138976793 5.240374158219811e-19)
(1.048755449798465 -0.06313038833849809 1.377331802903633e-20)
(0.8630885103014981 -0.1479193458049426 0)
(1.319517327712366 -0.137354522453943 -1.04712558564296e-20)
(1.122589858461077 0.07943342695178957 -4.375568062001387e-20)
(1.091059490242771 -0.005034205135835104 0)
(1.130125648916518 0.572381940659124 -1.130451022375601e-19)
(0.3409471397330036 -0.5957044337046126 0)
(1.06098972650259 -0.003492548219586507 2.835166894107744e-20)
(1.097254712428811 -0.006290008294808406 2.670198540576275e-19)
(0.09260542437462418 0.1705733841539197 -1.668145332607289e-19)
(1.183941490935636 1.00533444538911 -2.263508179471981e-19)
(1.36632815836222 -0.1376838433500154 -8.780353408015045e-20)
(0.9122431783968264 0.1080835817524176 5.648762439173903e-20)
(0.9973718768364326 0.004062910007642098 1.054871518981045e-20)
(1.067170926153993 -0.1563457341784477 1.84254339626268e-20)
(1.504454156439157 -0.9459765188844185 -5.192351670703171e-19)
(1.536688980852045 0.9531005846921434 2.381932984277457e-20)
(1.428232573726219 0.2242352704434641 3.402943901131605e-19)
(1.028198300038788 -0.007683195555185614 2.075907939301691e-19)
(1.035282684550602 -0.03315138516434207 1.596981399793528e-19)
(0.9921247678667747 0.0228150724422486 -1.910655956538788e-20)
(1.058063153246765 0.03831417204629074 -1.470802365610781e-19)
(1.078514888212126 -0.06536210321120642 2.851987328199377e-20)
(1.439227005831804 -0.1371523603954915 3.402849095003182e-19)
(1.824205461762918 0.7505327802097819 1.877981682303106e-19)
(1.033310398922689 0.03411906631701708 1.045251160869387e-20)
(1.072087956253055 0.01344507425356053 -1.064696489214873e-19)
(1.992094113892305 0.4790710039834097 5.385972708376533e-19)
(1.934789534114921 0.1604547041079513 9.383698050635361e-19)
(1.083916783905149 0.6412161080440972 -9.962186899678449e-20)
(1.11070878879843 0.1722915340178686 0)
(1.04413116465114 0.02297238185195253 0)
(0.5115613615075368 0.4425966014050016 1.155536273077849e-18)
(1.373130405945571 -0.2977985752860088 1.862659143430753e-19)
(1.186571144078136 -0.1582712890533478 0)
(1.637528802925835 0.2363743691187273 -6.231729011938324e-20)
(0.80949660965685 -0.1526900382122265 -1.25030527669191e-19)
(1.324796337036974 -0.2086570225007042 -8.986435745131313e-20)
(1.252299195595031 0.3911475853023439 1.456705333406927e-19)
(0.4927094588067724 0.1994974666206522 -5.585025946063005e-19)
(1.693010695528241 -0.02062908396157105 3.309457005895349e-20)
(0.8542508320174547 -0.5421333994780013 2.331795868075736e-19)
(0.999284809419217 0.02417587628005965 0)
(1.623834032669477 -0.1876490869534057 -3.123690905213925e-19)
(1.090924979116395 0.1008414286517707 0)
(1.342429253644781 0.583005368912917 0)
(0.9408027337243987 -0.4114685025945987 -2.838936986653362e-20)
(1.249270115073509 -0.02781013822263707 0)
(1.038098652413009 -0.004066421907300041 -1.25577089470736e-19)
(0.7254456496279058 0.1127582963630488 3.053744647760039e-19)
(1.320854393832518 -0.5796041997903809 -5.528467452673077e-19)
(1.04941430885705 -0.6305715585820814 8.652441152809635e-21)
(0.3503387452963221 -0.3728094947177049 -8.600719783298827e-20)
(1.006793851275863 -0.09501989750523805 0)
(0.4461021301798898 0.3063539064168775 1.676200007686748e-18)
(0.2630253221952976 0.02834416016842498 0)
(1.316668047264843 -0.1393968373567161 8.101023350294095e-20)
(1.573219742623352 0.1901659795073043 0)
(1.168980819060461 0.4488225704791108 1.359745823234608e-19)
(1.054069251030181 0.1537669469392239 -6.272547283008923e-20)
(1.031725773943324 0.004279206779784975 -2.025792405290775e-19)
(0.9585525330578776 0.4117095939898863 0)
(1.159406167449654 -1.007096765488182 5.715598159495016e-20)
(0.8911496576546221 0.01116751012248292 0)
(1.070888870908635 0.3809920541479773 0)
(1.054836995480849 0.0360858787529479 -4.539568339872693e-21)
(1.469752257737589 -0.2986042289438325 0)
(1.241974657889275 -0.1844224078783498 -2.929632086089982e-19)
(0.02522301209416188 -0.0005625777512943955 -1.839086829963451e-19)
(0.2402764249641803 0.02402990947722965 8.861535792850043e-19)
(0.9807155961352515 -0.09777872402363773 0)
(0.4735410105606191 0.6524031965909707 -2.521550731094604e-19)
(0.917584779416883 0.03147418457912209 0)
(1.541608577204357 0.4162222599592117 5.514269319292401e-19)
(0.4726639074950444 0.1436729995195198 -5.841932557656407e-19)
(0.05111397327541021 0.1868828100588411 0)
(-0.4077000678684016 -0.04156539785532787 0)
(1.032285596531646 -0.0004382727882105204 1.282618651555358e-20)
(1.654844018425174 -0.2257670079624736 -1.096060115761979e-18)
(1.107081985325294 -0.5611478521539346 2.335613716074902e-19)
(0.7826465103839213 0.3362071352570155 -8.70875371359884e-19)
(0.9029916806232399 0.1358910904944517 1.401357472614302e-19)
(1.044368519995382 -0.003670158865070612 0)
(-0.2797301002422561 -0.1025512614780684 4.017206153173551e-19)
(1.033631780091882 0.04671158627938939 0)
(1.200810096857477 -0.2429054766672062 0)
(1.565623682230784 -0.1904227996687625 5.169941102062389e-19)
(1.126970548501993 0.07265898339613217 -7.447149243970529e-20)
(1.078448714701287 -0.1425612875260938 7.768646788603186e-20)
(-0.009999102940629254 0.06704369399254895 3.311258935288181e-19)
(-0.06206619126224813 -0.1652647724457494 2.453554520798672e-19)
(1.07045037571876 0.2133934052469609 0)
(1.098565412186188 0.05769297143350641 2.101227402461201e-19)
(1.490582513263668 0.2858923782680451 -3.610226696538578e-19)
(1.32016294591455 -0.4861268131475679 2.343864004272228e-19)
(1.144128754267049 -0.1543246306383577 0)
(1.122219847132733 0.1508941436291258 0)
(0.5250351179741031 -0.6850107666742202 4.185588624891414e-19)
(1.31541561618568 -0.04072534343965527 -2.991306984259259e-19)
(1.000231821603537 0.1058096241333249 2.497411565510177e-19)
(0.3134512404703949 0.3618061936934076 -8.860128821350347e-19)
(1.025458528877216 0.110673069098856 -4.150981765492452e-19)
(1.03556467174578 -0.3943715482050139 -5.312932653745865e-20)
(1.463082890407493 0.1078230368787228 -6.555546362605074e-19)
(0.7775991479818202 -0.8810733065729389 0)
(1.05642694517763 -0.03092170706243622 0)
(1.119542468215824 0.1615523682822686 0)
(1.620737462440189 -0.04150165468210093 0)
(0.8164446310211245 0.5965443498966677 -1.994031141138082e-20)
(1.489013550298204 -0.3565374939477747 4.525769543070278e-19)
(1.5446807046248 0.1468359615649192 0)
(1.134097649253414 -0.4573847623019014 -1.603336670313745e-19)
(1.464442927253195 0.3442938413419153 -3.573306310925278e-19)
(1.010653892892946 0.02854628756322455 0)
(0.2149929744580435 0.01005034634547443 -2.433119920970479e-19)
(1.339367971609261 0.5116439490525141 0)
(0.9743715600388112 0.007949690341160545 -3.983558230136517e-20)
(0.7625646005344536 -0.2987641565019775 -2.077601288729078e-19)
(0.5084844579576248 -0.07930092293657073 7.893060758304044e-19)
(0.2327107231113363 0.06526307047682324 3.593560924784795e-19)
(1.06133025074771 -0.1378491786116104 0)
(0.04564471150699427 -0.01144480194452534 0)
(0.3461685537748804 0.04364422578197005 -3.010957558094767e-19)
(1.006558429720679 0.01780453614261357 0)
(1.456183966907447 -0.009599158004586744 0)
(1.007939302020283 0.02943313332212997 0)
(0.4675029595823387 -0.27088967873041 -1.010172036914482e-18)
(1.049504542219209 0.08885200974422057 0)
(1.527480753930107 0.03979794649543901 0)
(0.2443225042520947 0.116370668347707 5.540147239852438e-19)
(0.8787908175820752 -0.3203626320325784 0)
(1.368725785080518 0.05179579817963315 2.705870457418487e-19)
(1.239758085178754 0.2050678196436223 2.083522712785968e-20)
(0.8999426753356778 0.5560012001565838 1.511854925880191e-20)
(1.034261674617482 0.0995644402051685 4.67475131454696e-20)
(1.031580273240334 -0.1481650575651668 0)
(1.369830288060619 -0.02414256655993854 0)
(1.291746404770746 -0.1261111235385321 0)
(0.6243909089221626 -0.03776356261202975 -1.364396693642784e-19)
)
;

boundaryField
{
    FrontBack
    {
        type            empty;
    }
    Top
    {
        type            noSlip;
    }
    In
    {
        type            fixedValue;
        value           uniform (1 0 0);
    }
    Bottom
    {
        type            noSlip;
    }
    Out
    {
        type            zeroGradient;
    }
    circle
    {
        type            noSlip;
    }
}


// ************************************************************************* //
