/*--------------------------------*- C++ -*----------------------------------*\
| =========                 |                                                 |
| \\      /  F ield         | OpenFOAM: The Open Source CFD Toolbox           |
|  \\    /   O peration     | Version:  2412                                  |
|   \\  /    A nd           | Website:  www.openfoam.com                      |
|    \\/     M anipulation  |                                                 |
\*---------------------------------------------------------------------------*/
FoamFile
{
    version     2.0;
    format      ascii;
    arch        "LSB;label=32;scalar=64";
    class       volVectorField;
    location    "994.5";
    object      U;
}
// * * * * * * * * * * * * * * * * * * * * * * * * * * * * * * * * * * * * * //

dimensions      [0 1 -1 0 0 0 0];

internalField   nonuniform List<vector> 
808
(
(0.7562524276706225 -0.01749747284410606 0)
(1.03146282200103 -0.01261303069652924 0)
(1.112563400289773 -0.006173799792052071 -1.766898971610409e-20)
(1.085118150140037 0.01260892097195465 0)
(1.364921508658779 0.01550967471845359 -3.893361724307285e-19)
(1.03872594209035 -0.009339527785480934 -7.207139513701145e-20)
(1.013806070202622 -0.02106964441395635 -2.355134188927691e-20)
(1.078951903868957 -0.005390636471576936 9.014160721723897e-21)
(1.254879464240162 -0.01953425651260618 6.345650171460707e-20)
(1.08484799815121 0.01046597745834506 0)
(1.011461256880078 -0.007585973490516641 0)
(1.306773123865381 -0.05267479841133955 -3.544041655338144e-19)
(1.086121288124684 -0.001937113470053427 2.036812528004149e-20)
(0.6751561612511825 0.006381767399088334 0)
(1.28163876760548 -0.1132576479666762 0)
(1.081416572353719 -0.0001147464553075755 -3.834759266794428e-20)
(1.228463303502833 -0.1432826321273706 -9.629921713511929e-20)
(1.073912128823399 -2.555319655250586e-05 3.180799417321987e-20)
(0.9919638347098909 0.003969662103863442 0)
(1.026276338166512 0.00959109075777175 0)
(1.035494770444367 -0.009792821506979653 0)
(0.9874803572389417 0.04442059371444664 0)
(1.051138315815797 -0.005915228073098789 5.57946185602481e-20)
(1.053477567161383 0.00930561686415898 0)
(0.9325552468162047 0.1968740056252491 4.605273285165941e-19)
(1.166461881198636 -0.08454977370442023 0)
(1.186178648524022 -0.01825655548300698 1.581635814060461e-19)
(1.077429779449444 0.009471366148390789 5.199012549525077e-20)
(1.083771975445351 0.002333271246800241 5.06529588636154e-21)
(1.071839954226346 0.03088380719007717 0)
(1.075412176231561 0.002772210840481158 -1.174552193066051e-20)
(1.032968940316707 0.006830569617896719 -1.951139026299885e-19)
(1.059929550129505 0.01477330352886451 -2.37847647961697e-20)
(1.089075687100434 0.005505818137549347 -2.931218197918856e-20)
(1.120345940287956 0.03948784069729126 0)
(0.7551581790226748 -0.1242373411408682 -4.536671642247191e-19)
(0.9547336982555908 -0.005878425715143899 0)
(1.068850212957674 0.02229600019357188 0)
(1.068814223783981 0.007332775461337732 0)
(1.073674086402782 0.008975731543910098 -2.83597928053923e-20)
(1.092299025732308 0.02474156337086195 1.112466559645096e-19)
(1.150913899225782 0.004027059209093964 2.178822076200152e-19)
(1.096022751851868 -0.002299251752684331 0)
(1.015638203586691 -0.009007532584765601 0)
(1.134269873623542 -0.09464610360689812 -1.630242689390142e-19)
(1.044100483192787 -0.01158259246673422 -8.017744651014328e-20)
(1.058174234220761 0.02662035540583678 -2.792031564911206e-20)
(1.23185301012116 -0.1119678628698913 -5.611572991706241e-20)
(1.067628915807423 0.01212238363650374 -4.23330000648144e-20)
(1.258287795409296 0.01826630429210786 0)
(0.9962790993715163 -0.01895404571331466 2.126114209976507e-21)
(1.044657791731033 -0.001811263928983339 0)
(1.087641261539542 -0.002092265594148908 0)
(0.9993777550409058 0.006779010700236737 -1.833049426133258e-20)
(1.250323134512794 0.03468416137918576 -2.332193886878612e-19)
(1.06360797611322 0.01813123929997917 6.10687698648915e-20)
(0.992156904614483 0.009451393636244785 0)
(1.020287423865771 -0.007540669681401844 2.373502281423616e-20)
(1.107435958950551 -3.020390900143957e-05 -1.195193642145488e-19)
(1.061162976952107 0.03100570021339744 0)
(-0.08562697754693324 0.01065081948117819 7.284432730580516e-20)
(1.155285893970186 -0.05152645610986716 -1.909625214868685e-19)
(1.00716114876873 -0.006814761176429008 -2.607249943400331e-20)
(1.185485823957753 0.07045865440742846 -1.234859340898861e-19)
(0.9980834312038919 -0.00931336204699576 3.019736618961895e-20)
(1.084307667469547 -0.005501790899683318 0)
(1.247571455084754 0.09932570694008408 0)
(0.6960698721186235 0.003196617354679373 -7.473688957440563e-20)
(0.9892830212937138 -0.01331089180156664 -3.146395978280382e-20)
(1.461668590694472 -0.01772344591901263 4.483652822414763e-19)
(1.060477073814502 0.00760017621763909 -6.757060866134934e-20)
(1.369268654744521 0.09762558941580424 2.906378673582318e-19)
(1.054752522026893 0.006892021604350181 -1.904623154415141e-22)
(1.081193670072585 -0.01384406525134481 -4.183271766582828e-22)
(1.165564072872433 -0.2365237591161195 0)
(1.021696960602656 -0.01467087786705908 0)
(1.016979391291119 0.01773633967156932 -3.118672746318395e-20)
(1.384779450318881 0.3486029779075687 4.158552218562694e-19)
(1.097160764251278 -0.04238990797971894 9.381972981909424e-20)
(1.045197273109916 0.2090906052463925 2.526837509129928e-19)
(1.125673350269983 -0.06036902874831315 1.153954154637449e-19)
(0.9219686731781686 0.00512714028041377 0)
(0.9753808080747572 0.0185130793779821 0)
(1.004128444871706 -0.04897439905284483 2.729295769116621e-21)
(1.010029421921408 -0.01307137799950491 7.555197674922186e-21)
(1.029748485717486 0.02647806177522703 1.395812482721824e-20)
(1.531078197358551 0.03644652716724659 3.268227343158153e-19)
(1.288492474111318 0.07175427979137231 5.505593739896814e-19)
(1.072290901474819 0.003081982771807495 -9.195284383268269e-20)
(1.198838493089006 -0.0917694981409642 0)
(1.033676335080781 0.001916469233337476 1.341310301727417e-19)
(1.164954750462209 0.02287895363211695 -3.221634564578087e-19)
(1.001430451366 0.03231287400650881 0)
(0.9996260339909483 0.002037173275626126 0)
(1.044505882293695 5.611018914500083e-05 7.76141229883853e-20)
(1.212059827478673 0.1122398235400154 4.154155197257179e-19)
(1.011070927191502 0.006993581571467128 0)
(1.092613454060124 -0.0693027527622081 -1.050805226635078e-19)
(1.150433769548327 0.03838876202440746 0)
(1.213409896828468 0.09727126961422622 -1.955705524052576e-19)
(1.108117806388456 -0.02871932037997788 -7.67823629994282e-20)
(1.02720358567724 0.01174806696795724 0)
(1.085016183815998 -0.004624649548792863 0)
(1.018844643353534 0.02597175683993667 8.116727297534191e-20)
(1.071349399227672 0.05521454398924116 -9.558182823048084e-21)
(1.103842867727153 -0.004136253735778379 6.260345064818644e-20)
(1.111920014782832 -0.0943846674381032 1.504844263845604e-19)
(0.9629581774465369 0.004543946634888785 0)
(1.066054334670659 0.03111546079036969 3.838834089589797e-20)
(1.169339967905443 -0.07622333761066147 2.333839533332602e-19)
(1.05109736683606 0.04599612915644893 -2.914177572571159e-20)
(1.02253865050166 0.06723143158126527 3.735798097956315e-20)
(1.090298026824821 0.02602452313376588 0)
(1.016619365853893 0.01755012726423685 0)
(1.029006171967034 0.009407558000565126 7.892459113715939e-20)
(0.9486718239510745 -0.03368010358993256 0)
(1.052749137817919 -0.0056169262885417 -7.849323586928102e-21)
(1.343302726099899 0.05950515067246909 -1.583338623645332e-19)
(1.079974701472437 -0.01314270233372375 2.613723159745006e-20)
(0.74393643550783 -0.001732149260635955 0)
(0.5780508589578254 0.1852212738851424 -9.57376665144116e-20)
(0.7061884013199164 -0.002525810379195183 0)
(0.6988094689697703 0.01462731439133138 0)
(1.077623911651255 0.003667728366651628 -6.763673950577025e-22)
(0.9906447259455401 0.01452684153468814 0)
(1.277860706760518 0.1228777595045404 2.487755900246732e-19)
(1.012344397942203 -0.02779868427811401 -7.850958523483425e-21)
(1.04579019333118 0.02073476038749343 1.815966574416504e-21)
(1.058678384718555 -0.01164940216920085 0)
(1.126660584236611 -0.009117380536743123 -4.989958998585789e-20)
(1.267526489512002 0.140732396254863 -2.290152228263943e-19)
(1.089363807770858 -0.01118423193668307 -8.560284548807479e-20)
(1.069883146177923 0.02679114774714494 -1.102864575562299e-19)
(1.040726619459896 0.04673775900706074 6.954827948330487e-20)
(1.022577552290783 -0.00377345435633175 -3.457631744623304e-20)
(1.06089499967156 0.02352098773333712 6.045941123299624e-21)
(1.13137679777749 -0.001256072076287526 1.060344380298689e-20)
(1.039439135423266 -0.01576118030345907 -4.81564454958326e-22)
(1.087464848944842 0.03473368839600255 0)
(1.028004257967868 0.01360023020574249 0)
(0.7651485746581105 -0.06308360481695718 -1.810839115792412e-19)
(1.030172230696799 -0.001603911747170204 -6.886712323922573e-20)
(1.129659403906853 -0.006335496570746071 -1.273762229486852e-20)
(0.7034220375668104 0.006578616606044818 7.368588950053227e-20)
(1.174686035344948 0.02050905098622458 -1.9214520383456e-19)
(1.133988232622596 0.006876767241697761 5.121218642753003e-21)
(1.128963236324 -0.01000690069732779 3.467403552527829e-20)
(1.00093813328476 -0.002933029341657642 -7.524012799231092e-20)
(1.102357734167016 -0.06662645228230392 0)
(0.9868844244328621 0.003696888692775179 0)
(1.057864171741018 0.007068233850106995 0)
(1.005244549903173 0.1877017752564637 -2.463093368261173e-19)
(0.7791882738596553 0.01241486592458777 0)
(0.8568790473095186 0.1002299428879021 -8.427442284439797e-20)
(0.07442318469970283 0.0374509179150864 -3.001216850358268e-19)
(1.172340603704005 -0.02949650282716754 -2.236664819024936e-20)
(0.6713295495883694 -0.007296641079002581 2.440072149344856e-20)
(1.170359574848259 -0.100610769244957 6.88663328758159e-20)
(1.122603014162537 -0.005384998206168538 -5.793337241800238e-21)
(1.15512090476148 -0.04766530668184374 2.173486340037376e-20)
(0.1056588659290527 -0.2234286738769086 0)
(0.2422080005787427 0.08283658187194795 0)
(1.258951823375253 0.1127358835936306 1.930100796362669e-19)
(1.021147843075228 0.01978371730774153 0)
(0.7378509538091633 -0.00626873518860952 0)
(1.075394644054712 -0.01167839320553729 2.714673870736846e-20)
(0.9747867185234471 0.002802787983661046 0)
(1.295755707750367 0.1305456465460975 -1.580605559067834e-19)
(1.057449014130096 0.01113370721862971 0)
(0.9938344946403057 -0.007120842562942854 0)
(1.064994775517565 0.008314708446975558 0)
(1.006168967934584 0.02082217148573874 1.845082909167011e-20)
(0.9373055546996245 0.01661400603659849 1.109900428077447e-20)
(1.177690153656946 -0.2000559123415222 0)
(1.005214809424763 -0.005181374313596722 7.859987062970796e-20)
(1.05912319185964 0.006425190697084101 0)
(0.7746795119707743 -0.003278339083063376 0)
(1.217841833368104 0.02924993188696382 1.666465644129354e-20)
(0.7049421418898364 0.00134584707117531 0)
(1.436749724682078 0.08821808164526056 -5.285102198903139e-20)
(0.9950977552485633 -0.006439900494699785 1.704248788664368e-20)
(1.273177615090942 -0.001047244875679482 -2.939434157139924e-19)
(1.059501408939483 0.008947359894591016 1.383654436884799e-19)
(1.000911059808034 -0.01357657310828197 0)
(1.214409709690404 -0.1416548640477664 2.044009191566163e-19)
(0.7331938865193657 0.01378831439550398 0)
(1.09852785734438 -0.005041949567881085 0)
(1.152866188120629 0.06968016934722832 2.000971255717205e-20)
(1.007010309724878 -0.006603728847823765 -3.027827935760973e-20)
(1.120569699303801 0.05321859532413807 -1.761193847979491e-19)
(0.09504402231608887 -0.08680922813032289 0)
(1.071923189253186 0.03893919423833728 0)
(0.6617711995264997 -0.002917873907410753 -6.362606593838515e-22)
(1.012163570364071 -0.01938073788442173 9.631331056525158e-20)
(1.061321251355924 0.0007725566124148482 0)
(1.07507303751126 -0.1265940033679945 3.717615927515588e-19)
(1.002838038437325 -0.00619563132938817 -3.429815092706294e-21)
(1.00299886396034 -0.005188610862579492 6.941561196901963e-22)
(1.093921473353555 -0.009319118560351572 0)
(1.020661996986891 0.0205853835005021 -6.343522229451597e-20)
(1.106532951551487 -0.001573493284803507 6.635717166238965e-22)
(1.074512659501696 -0.01131684566899979 6.612213724056365e-20)
(1.085784431178116 0.02228283895572615 0)
(1.331430783715159 0.1627075920691935 0)
(1.002006253820346 0.0001771132341150147 4.413644470503748e-20)
(1.319690771712683 -0.1255488814747739 1.55660432732211e-19)
(0.04210731771332979 -0.1909743370713038 -2.482713300619999e-19)
(1.071254891033149 -0.005447270504082211 0)
(1.115079934499856 -0.003423562393273009 1.190889311691809e-20)
(0.7267933140077633 0.01782102678915437 0)
(1.061605946046878 0.008018138373745976 0)
(0.869081379551915 0.1653383895924176 4.718894138745746e-19)
(1.274423000386836 0.1343155947903957 1.929680515368299e-19)
(0.6543566991942323 -0.003096937033534208 -6.371146445664399e-20)
(1.040654153642036 0.0007715681780625365 -7.123979490042258e-21)
(1.054734193468252 -0.000261466650154132 6.600161869555763e-20)
(1.364477189741872 0.1229579479929901 6.75362930159794e-19)
(1.333870507619014 0.2521021767657989 0)
(1.060284882019162 0.002497690613771526 0)
(1.000425114308597 -0.006212389649094876 1.49658252123195e-20)
(0.9929185512690047 -0.00780810802693977 5.397823714297924e-21)
(1.381694196956949 0.1999261526341007 4.253618727237928e-19)
(0.6817813426927141 0.0004855781473341846 9.88834414447096e-20)
(1.005594466735087 -0.002156464474062126 -5.989234980997362e-20)
(1.098220812714572 0.01305801914794601 2.551797185273905e-20)
(0.6694668385281987 0.004982028191868045 0)
(1.066090971046936 -0.01201192211247862 0)
(1.014397869003546 0.1533838821881715 -1.313000394448003e-19)
(1.091885324316376 -0.008475078240235079 -2.489455642793996e-20)
(0.9820988382363277 5.424223285677343e-05 3.287236789853684e-20)
(0.9912110254922588 0.006034755842945509 0)
(0.63824722633127 -0.001075402330638677 0)
(0.9767578402932811 -0.001172523057305357 0)
(0.6421443695434695 -0.001470780478643733 2.661361429630709e-21)
(1.090270205732012 -0.05572295205454045 1.196278722897345e-19)
(1.113010707721929 -0.002320382753812857 1.188726175420832e-21)
(0.9579050366379507 -0.0008870838255361982 3.900101525064739e-20)
(1.016430402737221 0.01001142032669648 1.714288366859455e-20)
(1.067106553904025 0.001171474160834914 -2.535096215377996e-21)
(0.6346996925030738 0.008875295398394389 -3.634284914836292e-20)
(1.004620072173975 0.008206932396516656 -8.545986527591967e-22)
(1.036376334256225 0.006956942473463588 5.37458257289644e-21)
(0.9865462052418429 -0.01161682260920836 0)
(0.6099582690741754 -0.000478386806592922 0)
(1.068728863333736 0.02256064472332676 0)
(1.016998125526176 -0.01630750603327041 1.040163882413355e-20)
(1.023782504596018 -0.01010394579038038 0)
(0.9916503545799088 0.01369229247805249 -9.807597497893274e-21)
(1.010007968002359 0.0008089770534569836 0)
(1.129881891580339 0.001049176352109534 -1.152591657356391e-20)
(0.0382690445895232 -0.1440122448618933 -3.922168534918182e-20)
(1.035640110936362 -0.01827335818011135 -6.171535601867612e-22)
(1.041089174918747 0.004300797058266339 0)
(1.080910583262596 0.06780970828290769 8.470315659762903e-20)
(0.9677799107416561 -0.002402461106567285 3.11016901409098e-20)
(1.020374946693486 0.01671537956151085 -2.347330699240042e-20)
(1.001796772535288 -0.001690107431874676 2.470963234100607e-20)
(1.039666295269756 -0.007274400572376537 0)
(0.6408764741594953 -0.004034731782011241 0)
(1.025805241833706 0.02454283408031639 -7.403196091180286e-20)
(1.085852259791528 -0.006003635769752162 4.893978141951523e-20)
(1.016529913587087 0.005820479614405194 0)
(0.9790055392617371 -0.002098582167354644 -1.956309998353914e-21)
(0.8650413391750464 0.01335717825071692 -9.24622362882984e-21)
(1.014031255019796 0.002582926009373533 -9.916068706791134e-21)
(1.023806737089654 0.006008317583990466 1.865989101427507e-20)
(0.9844003742049543 0.005054218009457428 0)
(1.003668622996792 0.01188619701883936 3.454317131013746e-20)
(1.109957953001602 0.0002915103504329374 0)
(0.9267974101861439 0.004700997813955345 -3.113880929015597e-20)
(0.9572112332183559 0.001196911517170932 0)
(0.9122807637520741 0.2081899329697178 5.107607652327281e-20)
(1.01078953848538 0.06682048194025658 0)
(0.9925882850777391 0.004712646707414035 -2.266237020035563e-20)
(1.058743703510656 -0.0530689381463367 -2.875056133477739e-20)
(0.9923230913775437 0.0008270256679098951 3.330736311166821e-20)
(1.010395603429367 0.00667241459299131 0)
(0.9782570789114178 0.000569792971489416 -3.095101759400983e-20)
(1.171256608865218 0.1048930751264503 -3.432617442546078e-19)
(1.070042894359411 -0.2654720740987963 0)
(0.9930410677702542 0.0007497392957562833 -2.248121637606569e-20)
(0.9755496224016803 0.001512129705967623 4.983033824915331e-21)
(0.9638409162559 0.004510258088493804 9.936432357003455e-22)
(0.7459160839933007 -0.001046722971859723 0)
(1.124180039486525 -0.07892738664704223 0)
(1.003221659971188 0.00346780862255704 -2.251124251381999e-20)
(0.9072990885902341 0.01234849119267315 -9.7852498600121e-21)
(0.8503158653552839 0.007441267112686731 2.58287655688227e-21)
(1.014402318058427 -0.006482456623797232 0)
(0.9546269936527881 0.01060716329341082 1.409595743335616e-20)
(1.005563956932298 -0.0002501256558743019 -2.295391850806034e-20)
(1.022302775208539 -0.003081812842329948 -2.554203393890099e-20)
(1.114811204453865 -0.001077938252258162 -4.942020000038203e-21)
(1.119679223033982 -6.366289987033466e-05 0)
(1.013530328002649 -0.01041710328380605 0)
(1.019548789294841 0.001036561293900878 0)
(0.9417106666691608 -0.0007484968317151535 -2.026357609756346e-20)
(1.017851919563282 0.0136411662877902 5.396241990071461e-20)
(1.08440086329763 -0.004612633595350121 -2.261966738079667e-20)
(1.040574245375924 -0.008481198611866973 0)
(1.107165042291913 -0.003813908436099437 1.854358720277793e-21)
(0.9946119189960343 0.00241196100923849 -2.226394271189214e-20)
(0.98562858386967 0.003847582183128373 0)
(1.010993982403997 0.003297661240258705 4.655503622441311e-20)
(1.367471282515547 -0.3147199132721052 -1.131305173792429e-18)
(1.122301830868403 -0.04306279256623802 -1.086693413191354e-19)
(0.9648670073669195 0.003766059744550727 4.517375223599044e-20)
(0.7675580626472094 0.002299268360761499 -3.095658372326551e-20)
(1.223062462315902 0.05357472826216404 0)
(1.224764555192871 -0.1280407112712736 -1.466060658895284e-19)
(1.080043103662159 -7.281152590725342e-05 0)
(1.008089999293269 0.00106473149098327 2.272562849605365e-20)
(-0.181651697864724 -0.1408216682933442 0)
(0.9939661881603307 -0.004649878511716661 0)
(1.012426889038744 -0.02313448234005241 4.475104244944701e-20)
(0.7063692734648743 -0.01945944003411614 0)
(1.096788132392875 -0.01477739762548975 2.128169726977963e-21)
(1.042766284033916 -0.009273704726586276 1.808678420759653e-20)
(0.6331985325693879 0.004120245167469263 0)
(1.449787819331023 -0.1230366610123106 0)
(0.9863708745796181 0.001333910041901688 -1.081096575526799e-20)
(1.069814986608705 -0.01506139236602151 0)
(1.037834357650202 0.0003869275942757502 2.122171705827418e-20)
(1.081014327178321 0.006105136676164686 0)
(1.011252114178156 0.002556907454473275 -1.068332510086688e-21)
(1.005777372196311 0.00306298276954939 0)
(1.010127809253805 -0.005601417176963678 -4.007401996889435e-22)
(1.004176224881072 -0.02086630891212888 0)
(1.03574622637565 -0.001158395396105091 1.692897337480499e-20)
(-0.1764349810243434 0.02753978500955545 2.671965002955601e-19)
(0.7990489585254108 0.02055246357742718 5.227595244718207e-20)
(1.005576512817569 0.001796201130265902 0)
(1.129619400323789 0.01387095733956604 -1.110226228371182e-20)
(1.120360563896198 0.0116531542193971 8.288444073574239e-21)
(1.05457706781649 -0.01288953862093277 -1.289056540965204e-19)
(0.998781963047341 0.01035911007691148 9.243955616753661e-22)
(1.078158012573614 0.00268800982149213 0)
(1.187467183974911 0.05407287873037149 0)
(0.8354018299548409 -0.07679527805861618 4.591309724760911e-19)
(1.093769343091497 0.0004367862610023245 0)
(1.033520296979776 0.007364327917636125 -7.467128286711745e-21)
(1.042435450174213 0.005180992466410916 6.014598797219708e-21)
(1.055937413614699 -0.06034971621375729 -7.548192704283702e-21)
(1.13942096982617 -0.0006723226158694786 1.677929668105041e-19)
(1.086956200327458 -0.006206114767871054 0)
(0.9943286847590656 0.001450436064494474 0)
(0.9963573404659821 -0.02640025810899001 -2.341019463255644e-21)
(0.9900825519043922 0.003169164129604881 0)
(1.031420020419946 -0.03821441234171541 6.390372929648543e-20)
(1.291080929591802 -0.09286341667423434 0)
(1.042544360387299 -0.002453176056091302 -3.812816297414633e-21)
(0.9861678413199187 0.01702903213608819 -8.610091049108732e-20)
(1.032825661449853 0.04158304852720653 -2.403061222465223e-21)
(-0.07960905797518433 0.1512886298937603 -1.679953972695889e-19)
(-0.06980404180927111 -0.3031610631133397 -1.338500988512397e-19)
(0.8970869137569442 0.1404399554094907 0)
(0.2903364381368641 -0.03423261976609262 -3.309850554312109e-19)
(1.005404754429614 0.0003693982308581504 -1.373447060864748e-20)
(1.063820252766178 0.002702497924060894 -2.107081903900428e-20)
(0.9912951970897127 -0.01947714893080685 3.000633785275747e-20)
(1.022450589316549 -0.0316509538805646 2.585919541330237e-21)
(1.009971253738354 -0.03211794994550719 -6.564204782887328e-20)
(0.9888634216743086 0.004807321761233847 -3.470658256265033e-20)
(0.992932012061036 0.005140205919492625 0)
(1.02520285685594 -0.002347139145825926 -3.503233335399579e-21)
(1.938391404008348 -0.1559201773454766 1.076860069814943e-18)
(1.043091977545382 0.0001177752850979658 0)
(0.9955666766695582 0.008607934300449295 1.549928135694042e-20)
(1.003338398335734 -0.0003007343851278829 4.042648361964757e-20)
(1.159750690912992 0.1473101362787611 0)
(0.9981266403085379 -0.002967675890421048 8.007740585932525e-21)
(0.949607665995103 0.000381919012280273 0)
(1.037835733451102 0.04176808841123054 0)
(1.311218575073896 0.1620715618018502 2.363187564943889e-19)
(1.083663500305015 -0.001771503519472626 2.297566005023995e-20)
(1.017388957968832 0.02972909173337589 4.636447815212677e-20)
(1.086692146786456 -0.003275945951224847 -2.215865646510395e-20)
(1.047966814841851 -0.009389855862480694 -8.623833142820708e-21)
(-0.3850728984281146 -0.05274284602876247 0)
(0.9994954564379578 0.01397854764260993 0)
(0.1098745676090612 0.05486028069605293 -8.980313265124109e-20)
(1.007129034667368 0.0209690190063178 -4.156099794479357e-20)
(0.9988352151832941 -0.01812763308954747 0)
(1.001466915404826 0.005558117167520474 -4.976893331238982e-21)
(1.081867885271675 -0.04247862898129579 0)
(0.9943334141298638 -0.01685820024212706 -7.857735902989463e-21)
(1.10002118523673 -0.06004594528524359 0)
(1.445784046477332 0.1762445868498609 0)
(1.054740313361383 -0.01221282684180357 0)
(0.9903223344177546 -0.02430007278999304 -4.029652235892365e-20)
(1.000255998079932 -0.04550237992933338 -3.139681917987708e-21)
(1.014035148213372 -0.01943473923949077 -1.836091997336525e-20)
(0.99687895979601 0.01654669479147464 -5.634242645475192e-20)
(0.9957324929771436 0.01052893046998095 -1.510513461597929e-20)
(0.9945202682018843 -0.02867276926855128 0)
(1.002775329362048 0.02381192592053619 1.952492868794735e-20)
(1.057292685013861 -0.03968405220942077 0)
(1.111456770777526 -0.03565427088494851 2.621437862890159e-19)
(0.9957473898364342 0.01683983058675876 4.642412585539118e-20)
(0.6150572074439861 -0.008683750400204918 0)
(1.139341582086236 0.1545339398576286 -3.072532063905138e-21)
(0.8533164564848905 -0.09004993003082802 0)
(1.137683446152294 0.07315118774053281 -2.70353032449817e-19)
(1.317490736506039 -0.3896107887391287 1.300491944532251e-19)
(1.069151012189867 0.06252262121481234 -1.262101556307243e-20)
(1.010986858095702 -0.03224813834849827 0)
(0.956310909172905 -0.2166985845334578 0)
(0.5182648747857697 0.15721511148259 0)
(1.016267213467103 0.009432942874892819 1.293079779129879e-21)
(0.6891398424913571 -0.02929818288733341 0)
(0.9996117196589069 0.01721503665578371 3.578260345039196e-20)
(1.026480095766019 -0.004961845385895638 -2.780528695660014e-20)
(1.078977979911279 -0.00809494323890252 2.772872389679226e-21)
(1.047494871955607 -0.02379127592812095 3.08418145910353e-20)
(1.042433839880455 0.01179557815456648 0)
(1.064680833267726 0.02338510002862261 -9.138139466583326e-21)
(1.049414511744747 0.03585289805515738 -1.823064822581039e-20)
(0.983246329864831 -0.02282303905974473 0)
(0.6249155883161701 0.005098702718623324 9.172622988740997e-20)
(0.894150148888841 -0.00590399728908685 -8.848052138413251e-20)
(0.9093817448863349 0.005291013934007065 1.44923633594835e-20)
(0.6295851300994025 -0.006423489947694326 1.405792431204196e-20)
(0.9801565083364894 0.001265157998008181 2.522575148888829e-20)
(1.004437989143512 -0.01744885421074464 -3.56764098990929e-20)
(0.9815009479939936 -0.03754042064342746 -3.320456488970446e-20)
(1.085564346709583 0.001654757168925763 0)
(1.020214909294222 0.004887958263815512 1.009998422545782e-20)
(1.132139887612756 0.04897530481039089 1.307840093191171e-19)
(1.031525683965401 0.04051256877280483 0)
(1.022597293262602 0.002538995384536175 0)
(1.586436074966495 -0.1675398179492909 4.415303942575882e-19)
(1.057534046589263 -0.04786327513499992 0)
(1.01685589856417 0.009150389236359699 -3.816321086234628e-20)
(1.083578413565639 0.005329385090372269 0)
(0.4856838892278812 -0.01726440466752679 0)
(0.01030251777561517 0.02523279543620779 0)
(0.9912212005496193 -0.02430730667958868 1.221699738703572e-20)
(1.30264610054143 -0.09568345907844049 3.753770371466115e-19)
(1.033570203243143 0.03478399148524658 0)
(1.022240546313213 0.003490650547845794 -2.242809193813652e-20)
(0.9529584750504887 -0.1602022735828501 -7.009021851934252e-22)
(1.256368193835812 0.07857837244176938 0)
(0.5965465666032035 0.7279443684176655 0)
(1.314026611589384 0.1477915742959177 1.091227307199119e-19)
(1.679849380932091 -0.02523134735070583 0)
(1.049367457163153 0.1145361765659297 0)
(0.7091790648368115 -0.02233004583945854 3.693104500527003e-21)
(1.048840137948602 0.04341512777144861 0)
(0.7561704684917648 0.1267710661421485 1.275856376018328e-19)
(0.9967668168496986 -0.01652585329891116 3.569592431086341e-19)
(1.037511777228256 -0.04238265727061956 2.780817144332648e-20)
(-0.3828694531174569 -0.01856717505372978 0)
(1.072251369240759 -0.01645179591263355 0)
(1.086426327340941 -0.003388155336459552 0)
(0.6495334697946783 -0.5059341817839641 -2.458942437935671e-19)
(0.9895874370106167 -0.001415782497564217 0)
(1.092464552496745 -0.02127802918592728 4.68471251902368e-22)
(1.186815629578761 0.1211927119337202 -1.995653020735791e-19)
(1.09444754747964 -0.04960122944813172 0)
(1.006207086447642 -0.02121330177493549 0)
(0.7806795149079155 -0.1784818308869968 -1.628920503146141e-19)
(0.8796261386188008 -0.1286900302342165 1.51122775950213e-19)
(1.03081566623638 0.0148561526247937 -2.221393979224563e-20)
(1.023113238658642 -0.008926610174146882 -4.579940141736575e-20)
(0.880993111866614 0.01368207183637453 2.682209895751787e-22)
(1.507484899943388 -0.1940528135416612 0)
(1.308065203688281 0.1185966259565923 3.016439352472783e-20)
(1.242995747724942 -0.07322303264301114 -3.246938116035518e-21)
(1.095684210868006 -0.0184570013154686 -3.897468647276259e-20)
(1.035314687463082 -0.01283498627262353 2.601010792502369e-20)
(1.092839714280222 -0.03905146788709282 9.155621303567058e-20)
(1.031660409898306 0.02046780013629107 0)
(1.047477576865204 -0.03797382748620898 0)
(1.115958176036453 -0.008936077764614848 0)
(1.093357125044692 -0.04024963104438177 0)
(0.9981735232189992 0.01118779096107061 0)
(1.148816111010689 0.08175738950487328 9.585477478344517e-20)
(1.337300985246296 -0.1510370946783501 0)
(1.035337161665851 -0.02618207962958602 -2.217754888061429e-22)
(1.048652242751706 0.05075616088356053 0)
(1.010287253678973 0.01448390277395109 -3.952242616495592e-20)
(1.033898957301871 -0.007338304039263493 9.11856384204293e-21)
(1.08892119265288 0.01348319036934259 -3.261770791525042e-20)
(1.085373310901723 -0.02795442733019212 0)
(1.070663225770544 0.006418139131334316 0)
(1.107575459474378 0.09422924952161076 -1.420520397196574e-18)
(0.9356732576646225 -0.1507063989550591 -7.061900006173943e-20)
(1.168748854955206 0.115599520377282 1.140258288980838e-19)
(-0.4770355291467653 -0.007514342811491354 -2.900836688567468e-19)
(1.017922375555089 0.02879534930999421 -8.857707274078304e-20)
(1.004820011586673 0.004891196993403938 0)
(-0.2687688505774088 0.005365214953390761 3.553411714492324e-19)
(-0.03944526920460852 0.2859211738370354 7.771214900051138e-21)
(0.9952164547880431 -0.006250850109148108 9.769114631222093e-20)
(0.1868300654719444 -0.04359141588425251 1.351202371811758e-19)
(1.08525374280592 0.08338005823775707 1.43685347752232e-20)
(0.09401817364421879 -0.1120405894068932 -5.536893326095965e-20)
(1.108361549057352 0.00297044033133611 0)
(1.102864899738187 0.2558947245672453 0)
(1.021302714249202 0.02143762470701968 -1.732910538794471e-20)
(1.066863874409292 0.0504811832681298 0)
(1.02689777341615 0.02419976330651269 -9.029970713093427e-21)
(1.264869802675344 -0.5497256175930919 8.06394623629425e-19)
(-0.1194446028952819 -0.2277500912693777 2.172290558962931e-19)
(1.300642854407095 0.1167286018132934 -6.315839703982333e-19)
(1.121457809592724 -0.003313951739912185 0)
(1.120709085075989 0.1005276186626946 0)
(0.5269225849906725 0.08039535863505085 2.49705826395991e-19)
(1.023834047008184 -0.02033731843251742 9.344651075870475e-20)
(1.006620836411628 -0.02355074522149394 0)
(1.21002491855569 0.2702106383345434 -9.528283348047476e-20)
(1.264535944950278 0.1341129694854801 -1.578878394574536e-19)
(1.026624064362079 0.003357184886932127 1.539315014934239e-20)
(1.301610466778022 -0.08489793217623078 -5.013555385936563e-19)
(0.2963294237382618 -0.01671907019158523 2.756856489359447e-19)
(0.8264813203965653 -0.1460081349994707 6.725158607463393e-19)
(1.039812113978121 0.04835543151170556 1.066617765836367e-19)
(1.038532324674668 0.001990117240569121 1.853897076926071e-21)
(1.001298015963686 0.01929538235078523 2.979065750344374e-20)
(1.066502399766223 -0.03680386019924485 0)
(1.034781909631603 -0.03849721098711058 -1.539848289479595e-19)
(1.017386383372252 0.03328009258469254 -4.727095303508145e-20)
(-0.0436371090523619 0.06068142631184485 -5.095242131549961e-19)
(1.011085821632443 -0.0584075197414113 0)
(0.911694850945759 0.01816622569180993 0)
(1.089629446259867 -0.001792088188795188 0)
(1.369785609833706 0.2604015373827046 3.803129398905447e-19)
(1.701682462139989 0.1047395149934957 1.339133723375967e-18)
(1.409748176321446 0.1546235326627883 0)
(1.037103119777316 0.02310628776834977 1.089542689070459e-20)
(0.3522542701745529 0.03328216490462488 3.399348614340392e-19)
(1.133684962197591 0.01135220852528551 0)
(1.088537982656355 -0.01935458222089335 2.902712186615093e-21)
(1.088236603717621 -0.03049908053823345 2.302986276883524e-22)
(1.130939198374906 0.1025027038608325 0)
(1.302433437879332 0.05758115716751677 0)
(1.039460317614972 0.001266198557459003 1.173812913319836e-20)
(-0.1519374654237313 -0.1266724668215431 -3.990491077075332e-19)
(1.327535887165447 -0.1445448038896609 -2.153016278792058e-19)
(1.067782899346272 -0.007428870797203661 0)
(1.013152743333623 0.01490952422014684 3.131092507795885e-20)
(1.160242069900473 -0.1008337786361139 0)
(1.016796476554382 -0.01753446864412746 -1.116367521626517e-19)
(1.030699173710705 0.008426861860870454 0)
(1.515424679206312 0.08933903382472336 -2.859560701602557e-19)
(0.0066468620885219 0.05478010620792075 8.516193094846089e-19)
(1.095746069824197 0.05234764065934214 2.161383228738992e-20)
(1.092025561609661 0.0787704513231403 2.058832956237484e-19)
(1.009687698591745 0.008770474264240744 -6.248248130694839e-21)
(0.01019252745482812 -0.1152540576560003 -5.011300472374796e-20)
(0.02467366709030826 0.1058371698564344 3.576046867833596e-19)
(1.221977149333808 0.143667064244381 -1.598536915406365e-19)
(1.099152257154833 0.07736317151853926 0)
(1.087576979489612 0.0257348483033823 1.721286099567549e-19)
(1.007060280311301 0.02218134871693408 1.677250788446553e-19)
(1.029217689289892 0.0006134475233308693 -3.689904446424685e-20)
(1.212621228704526 0.1502520505724281 2.550025476655673e-19)
(1.395637192417645 -0.1266084098127677 -2.040754731647715e-19)
(1.065630137378502 0.05023791669438375 -7.051113852381116e-20)
(0.993342267778886 0.006836252155204886 0)
(1.080223337759439 0.06494711769387471 0)
(0.9821187293171849 0.00612494217354517 0)
(0.9919757429423655 0.00677721290717587 2.445750651338551e-20)
(0.4872564301523044 -0.06952978096878995 0)
(0.9928547208970473 0.006200733087129196 2.540882145304779e-22)
(1.291140896480973 0.08056998349263295 0)
(1.005218850110268 0.004230703615621566 2.227357674421329e-20)
(0.7962091235346864 -0.1194815480565572 5.542695328577102e-20)
(1.090529773375592 -0.01227477827458419 -7.962771478847266e-21)
(0.9398040648872047 0.01657175350204071 -1.764014575847267e-20)
(1.435618627812323 -0.2799038030432583 -5.240347580116096e-19)
(1.130352552512967 -0.09028247495041961 4.669783900019379e-19)
(1.088696262281412 -0.02523739127111056 0)
(1.936267944699418 -0.4715337761785969 0)
(1.626824862480638 0.1908110451141564 0)
(0.9860286651271273 0.00300706143025546 -9.716487342804382e-21)
(0.8576472056338394 0.7722566348631295 2.380236132318613e-19)
(-0.01216106810227824 0.1872039161380146 5.264560158253025e-19)
(1.039176280531448 0.004721826879749696 0)
(-0.213509246923865 -0.1176191859024939 2.146833481418093e-19)
(0.9834954187934266 -0.003878725849400923 4.109710261283665e-20)
(1.179660515858631 0.1614042095580537 -1.604426631801515e-20)
(1.044695753797537 -0.02196501326783292 5.690173258212382e-20)
(1.045165995455102 -0.1381287961046276 1.342373012888564e-19)
(1.136972163790963 0.008083296146202375 4.378818437440463e-21)
(1.098785991493836 -0.003302656188761811 0)
(1.307843736572563 0.5293382481982599 -6.000147842143534e-19)
(1.028814181672146 0.005936134352103476 -2.045946322433445e-20)
(-0.3277566320073552 -0.02793295094586441 -2.021174880697543e-19)
(0.6794687863558341 0.01844302407050096 0)
(1.089049626374373 -0.6994294545683277 -4.854662353418961e-20)
(1.310336409175007 0.0857235022416019 -1.098283852436852e-18)
(1.115241456875728 -0.1085510710350854 0)
(1.086435638362109 0.2781860165862809 0)
(0.972366373181451 0.002846421283802336 -6.148786024586931e-19)
(1.066481203667505 0.005147292444543611 -4.180051164694017e-21)
(0.9245869493907232 -0.01215653729704823 0)
(1.090718561486215 0.03087859825627228 -1.758932468413403e-20)
(1.37256196089696 0.2176383219904664 -1.89157675000375e-19)
(0.7323335492807711 0.09595468226515227 -1.052720483074682e-18)
(1.079057890145099 -0.0006919795494881211 0)
(1.263170225973588 -0.05640592102700009 6.951331084203216e-20)
(1.005273593424718 -0.0008513713071711183 0)
(0.8505729696785375 -0.7768240119747836 -7.834588554804053e-22)
(1.082185607463571 -0.05197897799661076 -1.117567689140306e-19)
(0.8754255376417027 0.3233679673159155 2.947769834521584e-19)
(0.8232912790002108 -0.1942741437627725 0)
(1.031944105500169 -0.03522916486954492 0)
(1.055000076996859 -0.02796485161446485 0)
(1.005722001986636 -0.003761460298387524 0)
(0.9812087574008592 0.00619451024913807 0)
(1.338570371927832 -0.2338297895590835 0)
(-0.07806962853911767 0.1250405347473447 2.505548590860687e-19)
(-0.01487011758706192 0.08302933099750376 -5.562717466851975e-20)
(0.222815242564789 -0.09863289797108013 -4.373219018852009e-19)
(1.522190288467912 -0.4393050979241272 0)
(1.034834146143036 -0.01681453787610139 0)
(1.774423455176487 -0.7597283415138166 -2.358409794769056e-19)
(1.140834821298031 0.009765958690013954 5.549383648672821e-21)
(1.323754415117046 -0.08794000292240062 2.781392847427795e-19)
(1.10611532061846 0.7076922505262701 1.454885280789501e-20)
(0.3379923104378745 0.5911239332524457 -2.258051068942161e-19)
(0.6755559772510794 0.4569666842228281 -4.806982675974268e-19)
(1.046661601346726 -0.1458048954438298 -2.445175767783053e-20)
(1.227432009504959 -0.3610071005848765 0)
(-0.09882056568107869 0.1929241144268223 -7.085326191992457e-19)
(1.046339080668844 0.02367649596823013 0)
(1.105932102727964 0.02663044113144449 -1.503413396506652e-19)
(0.81303311487035 0.8937696927927576 0)
(1.071383393960781 0.03321751269205843 7.09437115027975e-21)
(0.2881933487952499 -0.07015764337876208 0)
(1.107083833865559 0.02183251304135767 2.367927206003004e-20)
(1.368243768843051 0.324016707640846 -5.532865696771265e-19)
(1.074993080672316 -0.01165197419148715 -1.632234446790353e-19)
(1.468222356797511 0.1600087572894493 -2.510964956454299e-19)
(1.329534274826848 0.4177541455085131 0)
(1.166454462630416 -0.2632500367845307 0)
(1.304873525025392 -0.1308032797780875 -1.20296077967456e-19)
(1.066913662392246 0.01621469934988013 -3.322380264726646e-20)
(1.060569190967265 -0.01208959053154149 0)
(0.7474878859819715 0.1472088693385795 -1.167110803127585e-19)
(0.7755495302096548 -0.578632424567757 -5.60094613171618e-20)
(0.6666556094413317 0.2019020159208545 9.618237858561855e-19)
(0.9994111908289991 0.1242813297478107 3.589748131222211e-19)
(-0.005007962845330202 0.08304343110672777 0)
(0.5942083076329051 0.02415813974601503 -6.948459843951612e-19)
(1.059782232916943 -0.03923987913610653 -1.8659578992519e-21)
(0.6847354964116418 -0.113967750792593 -2.727994834425234e-19)
(-0.001526135749814282 0.2159604346164709 -3.014055264554106e-19)
(1.182020656160766 -0.07504792770434804 0)
(0.4075805245223668 0.01784014121176149 0)
(0.1602658993085451 0.3692961978896475 0)
(1.436827619736999 -0.257512743060463 0)
(0.2347784045738755 -0.3596475333993361 -6.374805614097287e-19)
(1.599002249882014 0.04022794138786839 -3.919829541445229e-19)
(1.026411922785921 -0.2026863290715608 0)
(0.6881370203142598 0.01721582559608081 2.604267467880506e-19)
(1.025114791147172 -0.01062868415881065 3.465563519907744e-20)
(1.136969143964428 0.2352917224084636 0)
(1.727041947714302 -0.1099593449499673 0)
(0.582117541337943 -0.7386531707739387 -6.90605522298121e-20)
(1.273100903690488 -0.1039105397218704 -9.935127488663595e-20)
(1.405754886820172 -0.08195895593054275 -4.258717119157802e-19)
(1.481622012055912 -0.06284012930564009 3.618621998254455e-19)
(0.09391923240274076 0.09787153051001529 0)
(-0.1467827986104032 0.08593572250360992 2.688596224194608e-19)
(1.038676993291414 -0.0637029900181026 -4.098541485361417e-21)
(1.121050436343747 -0.1408085223284452 0)
(0.6415505169498568 -0.3583282065419336 5.179928516852859e-19)
(1.049274677689847 -0.0634517138546568 1.500281848771073e-20)
(0.8370813888967314 -0.1337481077158901 0)
(1.314001941015985 -0.1268561295613476 -9.824623366080433e-21)
(1.114412743818292 0.08230200318615469 -4.368337007609152e-20)
(1.0909225178482 -0.005008475326542057 0)
(1.125739666087329 0.5689615440558345 -1.098560086412695e-19)
(0.3430323362193644 -0.6010476246534443 0)
(1.060362865673228 -0.003268819891286539 2.831432983949318e-20)
(1.097196322617354 -0.004700388025212646 2.618895454655722e-19)
(0.07288799755835772 0.157924266640409 -1.620960596427349e-19)
(1.178818664990638 0.9995810139704703 -2.218959399062554e-19)
(1.370560213194017 -0.1376300767144638 -8.935607879969168e-20)
(0.9390159900918432 0.1285859491127181 5.712842282015378e-20)
(0.9983960128819485 0.003448861013295281 1.062467734305979e-20)
(1.047745388757785 -0.1414014570817335 1.74833997818555e-20)
(1.510595835495109 -0.9505577793218648 -5.276338960439006e-19)
(1.530442414800357 0.9486197619095292 2.352425749130938e-20)
(1.434326491665848 0.2275411101170438 3.454979835973541e-19)
(1.028924309879595 -0.007398261792566977 2.037002078818935e-19)
(1.035562603424699 -0.03311546119348032 1.683150448049229e-19)
(0.9923797064253222 0.02164716483962881 -1.959807712071633e-20)
(1.057638975680675 0.03870409667064197 -1.432738699309343e-19)
(1.079439413147183 -0.06543224840695885 3.016956323008723e-20)
(1.433370207731675 -0.1314169602314217 3.3509238035926e-19)
(1.816953498592381 0.7474772388470438 1.862727859109567e-19)
(1.036781127602249 0.02980085167440238 1.048209091423225e-20)
(1.071856276523447 0.01432391286079471 -1.042962363369793e-19)
(1.983824905955051 0.4775175340727 5.333495580767643e-19)
(1.925566187499019 0.1607961547383404 9.278451079084935e-19)
(1.079449044972715 0.6371277752762888 -9.534839073836158e-20)
(1.108637382849323 0.171207927758077 0)
(1.044100406243624 0.02315412324095236 0)
(0.5100136602321856 0.4371665557634015 1.173262677845551e-18)
(1.377623687241478 -0.2991723176842977 1.895691963462396e-19)
(1.197193701423283 -0.1464268031958406 0)
(1.63080501488591 0.2357920618621175 -6.147065000612112e-20)
(0.79818605195864 -0.1457869974103065 -1.249983295805824e-19)
(1.328787043247106 -0.2093987231116575 -9.152529216767198e-20)
(1.248244110046303 0.3888454138438032 1.418895427864325e-19)
(0.492604430635739 0.1940687159762204 -5.624724289422282e-19)
(1.685467683565362 -0.01922556420970301 3.269913189971299e-20)
(0.8572645595223143 -0.5465732262695555 2.160430068943056e-19)
(0.9989754733677771 0.02299510840267406 0)
(1.615713383032733 -0.1843001620552973 -3.072699946321744e-19)
(1.089568147883135 0.1004374492747751 0)
(1.336930451650528 0.5799377434913437 0)
(0.9434132760418492 -0.4155320241371879 -2.739466929121507e-20)
(1.247557789793603 -0.02413413536806504 0)
(1.038631478172298 -0.003631483851650874 -1.230045274965477e-19)
(0.7355581108344381 0.1124287812713277 3.083604824954386e-19)
(1.326032503864979 -0.5827166662546693 -5.636268958015056e-19)
(1.053738507399198 -0.6347802595869503 1.276599750782385e-20)
(0.3521284862095348 -0.3806295030277444 -8.770657651752689e-20)
(1.007454214408096 -0.09639602186487481 0)
(0.4458670816538445 0.2997805249249303 1.687892515343474e-18)
(0.3235132963981132 0.06318792497575787 0)
(1.306151672603094 -0.130045644771266 8.040136635168006e-20)
(1.579818639154844 0.1924988663124671 0)
(1.165069584716427 0.4457388622433769 1.312063320366138e-19)
(1.052630763608062 0.152406231298514 -6.791925973632314e-20)
(1.03176626708797 0.004665175336321277 -1.969537416872241e-19)
(0.9556756865857094 0.4078071013119043 0)
(1.164643135000932 -1.013032694757561 5.924947437203558e-20)
(0.891102969287601 0.008529303365098247 0)
(1.067788464943778 0.3778353653976215 0)
(1.061707107596449 0.02789592513641718 -4.721797265610359e-21)
(1.475006220590256 -0.2998007921598301 0)
(1.245110563661861 -0.1852350058658787 -2.995741537895546e-19)
(0.007869832870559432 0.02687090133301627 -1.900483329898507e-19)
(0.2385504680943393 0.01512200848512628 8.85647606363007e-19)
(0.981401442667358 -0.09961025981405838 0)
(0.4712487267329865 0.6442883297843083 -2.565216946234201e-19)
(0.9173829648243468 0.02900663411244667 0)
(1.535273001283545 0.4143887601926846 5.448452859037087e-19)
(0.497539285555233 0.1673153660509739 -6.515953130303327e-19)
(0.01065723500324518 0.1929087713426674 0)
(-0.4361933121504297 -0.04817191034760316 0)
(1.032450804000113 6.389078652396752e-05 1.243126415086325e-20)
(1.661308376703209 -0.226539772408906 -1.109099876135922e-18)
(1.111183078851858 -0.5646402941092256 2.417921909455322e-19)
(0.7810155975447639 0.331323106828985 -8.790130809656379e-19)
(0.9414108168309575 0.1514305682143008 1.546503505006808e-19)
(1.0436934971922 -0.003668995600117444 0)
(-0.3043368234819863 -0.1368410629036263 4.107621335222489e-19)
(1.033250833319327 0.04664806048161386 0)
(1.18953944467532 -0.2363741628650988 0)
(1.558467764459109 -0.1862109470331261 5.069958339517307e-19)
(1.1212028514419 0.07759102931966695 -7.575304810284106e-20)
(1.060056889551256 -0.1364569688312892 8.049257640502814e-20)
(-0.04158504982995403 0.1067315070093728 3.449923012529972e-19)
(-0.08490829806617296 -0.1431344499917838 2.525660370197409e-19)
(1.079090797882285 0.216261715052703 0)
(1.094448306988484 0.06041770327190851 2.150792412782032e-19)
(1.49773543145114 0.289140338040495 -3.665434361321073e-19)
(1.325110993402391 -0.488564323335466 2.390507619866278e-19)
(1.158775487128348 -0.1440131422893666 0)
(1.120251071998761 0.1501815107721775 0)
(0.5279219387065858 -0.6927593585541169 4.100100782850994e-19)
(1.311616856196035 -0.03732067775248248 -2.936973733075281e-19)
(1.016384130503462 0.1054370264649007 2.602165965932964e-19)
(0.3127890419782801 0.3521071165353351 -8.949401970149882e-19)
(1.036647764528112 0.110840136674555 -4.202176712531285e-19)
(1.038360125647206 -0.3977558742572931 -4.415668444041654e-20)
(1.457703564958846 0.1090423633702989 -6.4674423992557e-19)
(0.7815795699665024 -0.8878390838880376 0)
(1.056883820310934 -0.03060728459031636 0)
(1.144084471059071 0.180607557316069 0)
(1.613720687632013 -0.03940821411685608 0)
(0.8132984727930578 0.5913626812520134 -2.10009470833321e-20)
(1.494713716087447 -0.3580015231557405 4.580396983878368e-19)
(1.538343169343769 0.1470507107955646 0)
(1.137710087587223 -0.4606601430474381 -1.692402870890956e-19)
(1.458577074680673 0.3429984695054019 -3.519916077608537e-19)
(1.009447951500033 0.02764803234967395 0)
(0.2068148055986566 0.003608944679540644 -2.421996404870324e-19)
(1.334008331276303 0.5091464612571484 0)
(0.9784057023311333 0.007826318467752688 -3.975824133599389e-20)
(0.7639281476930518 -0.3033591633525327 -2.052753944505315e-19)
(0.5085494566602721 -0.08497641307843855 7.872866012153331e-19)
(0.213152149025962 0.07053733325801842 3.565022131544345e-19)
(1.062514602418323 -0.1390701375814691 0)
(0.04988261650943097 -0.004422425763215439 0)
(0.3441057487272568 0.03738278876622401 -3.027751281554737e-19)
(1.005780747996954 0.01713585411454321 0)
(1.450812612531405 -0.006710845211091523 0)
(1.007140283171995 0.02801880972928499 0)
(0.4695981068379133 -0.2771691510889567 -1.002376584169748e-18)
(1.048656106929087 0.08831716115189926 0)
(1.521430741644521 0.04197462114620423 0)
(0.2170077244916261 0.1345412605665781 5.472268921710087e-19)
(0.8805422906023406 -0.3243540196231532 0)
(1.364269735401277 0.05357667301176845 2.667817346493623e-19)
(1.236473519328155 0.2043037232078039 2.034460873270357e-20)
(0.8967499740954696 0.5516812333353668 1.591197787575194e-20)
(1.033315849198128 0.09869658596039885 5.060638060756475e-20)
(1.032800812048354 -0.149716210580674 0)
(1.365375314490423 -0.0213932001188887 0)
(1.29106778884003 -0.1169683627016272 0)
(0.6247038857804812 -0.04279667637764607 -1.362975954274303e-19)
)
;

boundaryField
{
    FrontBack
    {
        type            empty;
    }
    Top
    {
        type            noSlip;
    }
    In
    {
        type            fixedValue;
        value           uniform (1 0 0);
    }
    Bottom
    {
        type            noSlip;
    }
    Out
    {
        type            zeroGradient;
    }
    circle
    {
        type            noSlip;
    }
}


// ************************************************************************* //
