/*--------------------------------*- C++ -*----------------------------------*\
| =========                 |                                                 |
| \\      /  F ield         | OpenFOAM: The Open Source CFD Toolbox           |
|  \\    /   O peration     | Version:  2412                                  |
|   \\  /    A nd           | Website:  www.openfoam.com                      |
|    \\/     M anipulation  |                                                 |
\*---------------------------------------------------------------------------*/
FoamFile
{
    version     2.0;
    format      ascii;
    arch        "LSB;label=32;scalar=64";
    class       volVectorField;
    location    "460";
    object      U;
}
// * * * * * * * * * * * * * * * * * * * * * * * * * * * * * * * * * * * * * //

dimensions      [0 1 -1 0 0 0 0];

internalField   nonuniform List<vector> 
808
(
(0.7562753553174151 -0.01752486232102697 0)
(1.031390453038463 -0.01252720414543189 0)
(1.113811345191862 -0.000956153656395872 -1.742930512325514e-20)
(1.085131003533261 0.01256985427022667 0)
(1.360528836666597 0.01306093904650195 -3.819521700163236e-19)
(1.038693751045999 -0.009428749607908044 -7.291046184434567e-20)
(1.014427062013377 -0.02044944172368255 -2.417559150425309e-20)
(1.07898709700345 -0.004828853175254053 8.997990987296705e-21)
(1.252392910099733 -0.02175001143455363 6.260102274706607e-20)
(1.085057821021421 0.00879316903469589 0)
(1.008631567503565 -0.01212451033635613 0)
(1.303439293587056 -0.05438604461361507 -3.463288379889449e-19)
(1.086326337420432 -0.001734561667099552 2.04041105132251e-20)
(0.6751270781418737 0.006379636293437145 0)
(1.277103580072476 -0.1229071533024466 0)
(1.081942041967955 -0.0002818421102901329 -3.856009749058948e-20)
(1.226825545838279 -0.1521853802853878 -9.763081521375314e-20)
(1.074408998570044 -0.0003694506067983378 3.195715773139424e-20)
(0.9891826290938738 0.005667340020647541 0)
(1.026963087012399 0.009335924843278148 0)
(1.036204526033018 -0.01590415998813492 0)
(0.9875880049021477 0.04543986805451839 0)
(1.051033757179649 -0.006198062539660983 5.79725121825185e-20)
(1.053787698171205 0.008292868120719473 0)
(0.9338722504514808 0.199893892013166 4.562966419466349e-19)
(1.160995480092031 -0.09017583921813795 0)
(1.184473093898077 -0.02005855631577768 1.540671591348309e-19)
(1.07716580831283 0.009642390120987202 5.236652177858529e-20)
(1.083943575090752 0.00185085526607483 5.119643825350135e-21)
(1.071898044227638 0.03097071315842627 0)
(1.075398838190337 0.002604855836907368 -1.183445303191273e-20)
(1.033458879754056 0.006364701550252526 -1.877434816382959e-19)
(1.06002147057767 0.01455030850067598 -2.365048519330513e-20)
(1.088736101297787 0.005436704494961868 -2.936216077321859e-20)
(1.121235351694553 0.03641057093954686 0)
(0.7548522459209779 -0.1200402097770166 -4.550089900337265e-19)
(0.9545465605924034 -0.005741533653950111 0)
(1.068855792086596 0.02234818202105187 0)
(1.068818519497216 0.007207980016286483 0)
(1.073752694355811 0.00861777920521902 -2.817430322899407e-20)
(1.093141864072911 0.02270829324934031 1.078505798718853e-19)
(1.149979858931081 0.001846833899860033 2.114223505921921e-19)
(1.095592907662898 -0.002387873374635321 0)
(1.015327860670461 -0.009429341207693828 0)
(1.127130235621725 -0.09569265369155008 -1.650483214309407e-19)
(1.04405549829182 -0.01179426433550062 -8.360564433531413e-20)
(1.058308482202824 0.02668736348740077 -2.709964556888056e-20)
(1.229117633581075 -0.1123282500881014 -5.568878384521444e-20)
(1.067570250082301 0.01212144851961337 -4.086079107723495e-20)
(1.255970027724967 0.0147845027593946 0)
(0.9973500672222477 -0.01860500592137992 2.172199005863868e-21)
(1.044675792725647 -0.002557460624752924 0)
(1.087302623454623 -0.002298746671568516 0)
(0.9979278541641673 0.007955520634463888 -1.915979835948627e-20)
(1.25258255313129 0.03248872991992094 -2.389678200779906e-19)
(1.063581595837342 0.01828889644390966 5.894502569969622e-20)
(0.9886207344637582 0.01096247122900252 0)
(1.014321103120263 -0.008970343704208003 2.558173058732355e-20)
(1.107093449083065 -0.001764495353845383 -1.155697259670298e-19)
(1.061559657312557 0.03132371869777887 0)
(-0.07242517369878525 -0.0261822352064362 7.649744751804532e-20)
(1.15365046881501 -0.05240383328453054 -1.848289572248117e-19)
(1.002141890883009 -0.006919689458011889 -2.810678290489059e-20)
(1.186864684936345 0.06426177431739238 -1.198884402847011e-19)
(0.9971314031119085 -0.01050182884990731 3.079300705933861e-20)
(1.08390613638094 -0.005486925339415942 0)
(1.246079891600682 0.09092086266667228 0)
(0.69604768808616 0.003161576003640789 -7.442113183141233e-20)
(0.9887656274924713 -0.01593540580464605 -3.207483483657142e-20)
(1.456339484839089 -0.01962428537171395 4.399350357026384e-19)
(1.06064819056489 0.007577948362215963 -6.561338799398757e-20)
(1.364357466223209 0.09340828839492912 2.846895427804849e-19)
(1.054867855435116 0.006735351430170298 -1.907346549687475e-22)
(1.080954770004334 -0.0141324253915719 -3.075846077223284e-22)
(1.162558470455406 -0.2349825767920993 0)
(1.022614986620844 -0.01491733994525424 0)
(1.01784006996305 0.01797688104069855 -3.004525728735839e-20)
(1.389776547933811 0.3496357940596767 4.236888838436102e-19)
(1.097336467786431 -0.04220608954192803 9.539498848205045e-20)
(1.046919185789243 0.2112634609608277 2.402045143099106e-19)
(1.122495192190974 -0.06277288102696116 1.180124655523018e-19)
(0.9220761778296369 0.005201959858811827 0)
(0.9754353832790819 0.01857498311640061 0)
(1.003970560268885 -0.04842384391660755 3.156715954433798e-21)
(1.010504788783735 -0.01374195408184134 7.713866102080771e-21)
(1.031210975797269 0.02634962425538731 1.35545003494544e-20)
(1.525106534447852 0.03407420756400643 3.216773268507424e-19)
(1.291814592003509 0.0700251341774291 5.631678012348433e-19)
(1.072688030532215 0.002969709392568656 -8.837787176219988e-20)
(1.19471957184808 -0.09909991530678958 0)
(1.03398364766211 0.001558266012392492 1.290708356424873e-19)
(1.164198310189764 0.01994352684799281 -3.124825578219097e-19)
(1.001530456068954 0.03255234309469591 0)
(0.999629749718592 0.00197589052087649 0)
(1.044149014965149 -0.0002992097798595869 7.990135193161907e-20)
(1.216380388495394 0.10177477041341 4.005883691427389e-19)
(1.01115369126069 0.006943718779885032 0)
(1.087572728426189 -0.06965308034984512 -1.070033626813069e-19)
(1.150607240264345 0.03487113796253399 0)
(1.213625092869597 0.08853270812507689 -1.881228380181414e-19)
(1.108269528369339 -0.02879322691851186 -7.785891952777349e-20)
(1.027944114164225 0.01179643076251719 0)
(1.085410779109239 -0.00462665345960212 0)
(1.020139705423577 0.02619407615590661 7.856860060983681e-20)
(1.075449352253398 0.05538289799818583 -9.301156710183756e-21)
(1.103628384330476 -0.004348264847329187 6.429101972549697e-20)
(1.103735966379543 -0.09390096585061758 1.529420724683869e-19)
(0.9613808451381075 -0.0022303529709713 0)
(1.066341955633065 0.03144730877437857 3.700855397912385e-20)
(1.16735444285729 -0.07668077390097078 2.258790500782234e-19)
(1.053832329513155 0.04645053734093681 -2.854043081914575e-20)
(1.023058857023185 0.0681817087844141 3.640512752896405e-20)
(1.090482284147586 0.02622418050552799 0)
(1.014500759723905 0.0137234979007743 0)
(1.028963248179483 0.009381960291742675 7.859114465055728e-20)
(0.9485587693116916 -0.03201399746695874 0)
(1.053241828219041 -0.005471527637631926 -7.431931577904538e-21)
(1.338926927722359 0.05600463433928975 -1.545125684256704e-19)
(1.079649984659567 -0.01328283767364273 2.639294248920345e-20)
(0.7441878677946799 -0.00176939977984647 0)
(0.556576835346377 0.1698852057361234 -1.049615141986971e-19)
(0.7058916117331784 -0.002484960829398214 0)
(0.6990245020393034 0.01466539812815662 0)
(1.077830781441145 0.003496704756365209 -6.464280996340121e-22)
(0.9906444923324349 0.01443371735705906 0)
(1.281205058116927 0.1221510024292262 2.551980739254036e-19)
(1.012210718542423 -0.02796766708416673 -7.392257890776283e-21)
(1.040045037169975 0.01694519085148345 1.270911687754912e-21)
(1.058440978965171 -0.01240765833489543 0)
(1.126381017063482 -0.009231198669190387 -5.124473982927062e-20)
(1.263748147228604 0.1223495507939155 -2.183406950107197e-19)
(1.088830436979026 -0.01087215219680954 -8.562119718564478e-20)
(1.071128218402225 0.02530947646741708 -1.068986051925181e-19)
(1.04112049178266 0.04678711480384278 7.426591916059548e-20)
(1.022406143512156 -0.003543056476238407 -3.468615216201735e-20)
(1.061275137687704 0.02371053657025255 5.724370415423319e-21)
(1.138936949779682 0.00153855920401335 1.047225153437259e-20)
(1.04046574335523 -0.01261245299710266 -4.690288322628661e-22)
(1.08760618110114 0.03479854703063134 0)
(1.028715138354129 0.01349427426212585 0)
(0.7912240939761451 -0.07920057015812391 -1.840924990096612e-19)
(1.030309800870028 -0.002096559119573652 -6.547676216722494e-20)
(1.136498664186081 0.002469076411402408 -1.277923350978592e-20)
(0.7035270798173924 0.00654439255134773 7.155204503291377e-20)
(1.176060266407889 0.01864849945874143 -1.970430156741499e-19)
(1.131721279020866 -0.002056311345359014 5.636234197269403e-21)
(1.129053139808607 -0.01010219105627627 3.367652942743773e-20)
(1.000935070524949 -0.002989555193008782 -6.721368442682881e-20)
(1.096166273240787 -0.05711147990923861 0)
(0.9886817841537744 0.001689700641488056 0)
(1.057930149637868 0.007028594847041839 0)
(1.00628438037048 0.1898334071971987 -2.357261908541809e-19)
(0.7794595925776446 0.01243498477221161 0)
(0.8570580664245364 0.1036459239106793 -8.192227213519718e-20)
(0.1049471288218406 0.03165905782567764 -3.013252545279516e-19)
(1.17256324232323 -0.03265407727154828 -2.289890625917223e-20)
(0.671235764219169 -0.007369856398586339 2.450459181468111e-20)
(1.162321673486955 -0.1047578049879967 6.99483114907538e-20)
(1.129077039639307 0.0009908215156482925 -6.035659751628501e-21)
(1.154055794385229 -0.0510276227493489 2.22520624269181e-20)
(0.07197045119843659 -0.1905925219924752 0)
(0.2567967081881404 0.06325140938645657 0)
(1.257214777596282 0.1034836599879041 1.8437895965902e-19)
(1.021454121763761 0.01988143053780487 0)
(0.7375698367938521 -0.006296488380887444 0)
(1.074801126159303 -0.01156956365559821 2.725904554289294e-20)
(0.975144535474781 0.002882778037869568 0)
(1.290748791518856 0.1178746176891453 -1.438143997622644e-19)
(1.05736032915048 0.01102472426689249 0)
(0.9923591452701311 -0.007856850997817848 0)
(1.06532160352984 0.008097048716614808 0)
(1.006260097125878 0.02091390379972426 2.188921521610405e-20)
(0.9259158040045432 0.003978401037914669 1.287073539540753e-20)
(1.175029874467158 -0.1989733218657154 0)
(1.004982311838906 -0.005222532448877717 7.991966206757514e-20)
(1.059237175369595 0.006173139528239138 0)
(0.7745367705557591 -0.003343546765147174 0)
(1.216448631119336 0.02554346062285331 1.617477221585576e-20)
(0.7051148234594123 0.001351852026118897 0)
(1.431131293384007 0.08454738502820802 -5.119536018098568e-20)
(0.9939326095376438 -0.005435872370383287 1.658393309696719e-20)
(1.27555364078102 -0.004474282334861853 -3.004068593285197e-19)
(1.059996309759868 0.008903546778269792 1.32983973493791e-19)
(1.000900053987117 -0.01355425163475933 0)
(1.21139318392584 -0.1519456776032906 2.048464362819414e-19)
(0.7331651363285426 0.01378733315515086 0)
(1.098034495068201 -0.004981134456783338 0)
(1.155841502601425 0.06434983061360508 1.894083402354454e-20)
(1.006281253309288 -0.006949373770581334 -3.041542308931829e-20)
(1.122815083164496 0.04979043056532736 -1.712066394361807e-19)
(0.1555041815565339 -0.09204657240179451 0)
(1.074071185143027 0.03765593607293839 0)
(0.6615484736157754 -0.002872548944751416 -5.191855079873501e-22)
(1.01206636625165 -0.01972463819776079 9.046022605235358e-20)
(1.061748384573812 0.0008126807027260495 0)
(1.085940863856654 -0.1410171184623118 3.799393396485135e-19)
(1.002508860114398 -0.006135883459802876 -3.318907511353923e-21)
(1.002442640456567 -0.003863949577290756 1.289356145965825e-21)
(1.094037026476029 -0.009172270486011063 0)
(1.020805903404592 0.02014559069275312 -6.641465031718743e-20)
(1.106801695007395 -0.001656627511255341 6.341994852513174e-22)
(1.074031804378909 -0.0106112686144647 6.601291432353497e-20)
(1.085631440620664 0.0222275043456471 0)
(1.323954021681006 0.1570411344845686 0)
(1.002095020458338 0.0005711789801634472 4.405598319052053e-20)
(1.321713985325643 -0.1340462734694302 1.600602437090993e-19)
(0.007511637707039838 -0.1376312779889482 -2.331595902044569e-19)
(1.07114582545034 -0.005437919810551016 0)
(1.112780126616015 -0.001652285943726393 1.188790539638524e-20)
(0.7268640687537575 0.01783110599546241 0)
(1.058557088343597 0.00755189294888918 0)
(0.8617636419393444 0.162028455264218 4.624585556552473e-19)
(1.28200220039282 0.1178185560908259 1.83835345200277e-19)
(0.6541188931338037 -0.00311311512542053 -6.480139045824969e-20)
(1.040787562267696 0.001695128666218829 -2.44339151551088e-21)
(1.054930477190019 -0.0002188082539315519 6.46813692405846e-20)
(1.359725752129053 0.1176633802073476 6.571598778505718e-19)
(1.338146170476644 0.252507777138317 0)
(1.057079016262127 0.009471505775629213 0)
(0.9962381377617356 -0.004735833426269557 1.382804948236831e-20)
(0.9942872208064639 -0.004107344560353047 1.323908829934888e-21)
(1.386152137763777 0.1996192296268859 4.329389982254238e-19)
(0.6817858241010079 0.0005983572339351234 9.930195525243164e-20)
(1.005720514743352 -0.002115992781001662 -6.004693961342062e-20)
(1.098028001929919 0.01313530031633646 2.553814950990829e-20)
(0.669452458444888 0.004969949135681031 0)
(1.066081441033228 -0.01203452668722703 0)
(0.9962004805981799 0.1260174733059579 -1.352679779303125e-19)
(1.083362870832817 0.005732189273487652 -2.557827354325623e-20)
(0.9818866894157365 3.472422522445697e-05 3.307701603508303e-20)
(0.9912113638510349 0.005988059721811357 0)
(0.6381558127048635 -0.001141592435037165 0)
(0.9767985878375887 -0.001306363148096691 0)
(0.6419602451460424 -0.001431300777085303 2.680529589665727e-21)
(1.086864356331665 -0.0567906806445989 1.217992369054081e-19)
(1.10912805413406 -0.004840104775198623 1.175036861674861e-21)
(0.9580655004438076 -0.0008779859583862695 3.888274785468379e-20)
(1.016756054637231 0.01074853335679662 1.707225620945015e-20)
(1.064079826107134 0.01062238261267549 -2.216100000019786e-21)
(0.6348261848088778 0.008852590916753512 -3.623267824394702e-20)
(1.00394558489931 0.01263402935442573 -6.302502842317125e-22)
(1.037166471857741 0.01128658053185901 5.106050650597583e-21)
(0.9866844813545784 -0.003449565361441332 0)
(0.6100552180309741 -0.0004475841626705697 0)
(1.068991712862383 0.02263017272990148 0)
(1.015687977485164 -0.0163640383818364 1.044750413703111e-20)
(1.021961157545937 -0.002577537395351412 0)
(0.9932130522703657 0.01449542844851675 -9.522721530213299e-21)
(1.010611136104075 0.006537555080876036 0)
(1.133264155891173 -0.001775913434476865 -1.263447072303973e-20)
(0.03068742666589289 -0.1383159599107318 -4.271010721584362e-20)
(1.034825388144407 -0.01642334129134777 -6.897294959327287e-22)
(1.045397159635163 0.009322346660488484 0)
(1.087443148620257 0.06846059511619765 8.4080194448499e-20)
(0.9686069207899458 -0.0007513022332387059 3.114611993242259e-20)
(1.020249667809038 0.01703651723834876 -2.250981980564011e-20)
(1.007103634680423 -0.000343120999710167 2.404495211783401e-20)
(1.039728464861949 -0.006222234687164042 0)
(0.6409832795245859 -0.004067033973498392 0)
(1.026025976047908 0.02447564470299491 -7.949161946231064e-20)
(1.083070035549646 0.004592993064756455 5.041161765416068e-20)
(1.011558243094699 0.005355065262762145 0)
(0.9817818141297134 -0.0008862951878158836 -1.911962913551276e-21)
(0.8607908158082426 0.01613086889595046 -1.367644479156859e-20)
(1.013940712405623 0.002982512741778976 -9.698405544381395e-21)
(1.024777575225704 -0.0009174349011121694 1.80868747970172e-20)
(0.9791527850292335 -0.001423578241899731 0)
(1.007527005152445 0.009099314717565787 3.234932906605071e-20)
(1.108457521099016 -0.004155422945823917 0)
(0.9344078788476116 0.008824114231283077 -3.37016839504945e-20)
(0.9554020830196035 0.004275261254385055 0)
(0.9020377299125202 0.2035899064181084 4.996051757692812e-20)
(1.011227883642939 0.06762407952665778 0)
(0.9906643128363475 0.004205456084669506 -2.308088594956275e-20)
(1.054551355507068 -0.04914489779925683 -2.728940768238452e-20)
(0.9933502501522814 -0.00107142051518157 3.304966216091844e-20)
(1.007462449770581 0.003345150262639008 0)
(0.9806523745600401 -0.0002202028385567771 -3.071322267070475e-20)
(1.177975558767784 0.09611907931791998 -3.325641829809469e-19)
(1.067613876299723 -0.2631478756623772 0)
(0.9950080885488958 0.001322515785537783 -2.231663473875995e-20)
(0.9781234280521365 0.007763004058745989 4.766829004745787e-21)
(0.9577941486360002 -0.00237484864524247 1.058116886700915e-21)
(0.7460380981168303 -0.001090498856211643 0)
(1.113925369686904 -0.07008036918097216 0)
(1.006700757726767 -0.0008075113413059463 -2.183434592088322e-20)
(0.9024915198867165 0.0003211771313864564 -1.091565518775548e-20)
(0.8429570333981169 0.00574258871278808 5.297212508190542e-21)
(1.010327081857528 0.0004011697900773203 0)
(0.9591799809157618 0.00880694562398252 1.581843840772709e-20)
(1.005767796616748 -0.0001935102037929471 -2.249967555200918e-20)
(1.025786665614717 0.001042698376374941 -2.487310818888118e-20)
(1.112141102537348 -0.005985595466637612 -4.892457955512152e-21)
(1.114220982714625 -0.005638365107545223 0)
(1.009630140332693 0.005601310008581699 0)
(1.025327765138802 -0.001943128959229493 0)
(0.9495184921734424 0.01070592467506771 -2.081697141334951e-20)
(1.017879856050135 0.0131626776377899 5.616386667981128e-20)
(1.08492504564689 0.003487177746071967 -2.33135862627544e-20)
(1.036959496939725 0.004437321658400929 0)
(1.108373238979234 -0.004339011669742336 1.812335293617918e-21)
(0.9953561286338426 0.0009093572719485921 -2.231114567520995e-20)
(0.9794504221559156 0.0005705856125214404 0)
(1.010516963110124 0.001892959906771156 4.701909261276479e-20)
(1.361862080782372 -0.3135282108539968 -1.119197791564655e-18)
(1.120801156926081 -0.04576549907849509 -1.111326640929508e-19)
(0.9759611738533377 0.01241303222568419 4.696519792909689e-20)
(0.7767019301591237 0.02070558808944288 -3.643739668747968e-20)
(1.222110701121588 0.04841781565087992 0)
(1.213518897554122 -0.1342473317566021 -1.482853515645411e-19)
(1.085282255781151 -0.0005408803721497346 0)
(1.009434238573353 0.0008607434368029895 2.2559219137113e-20)
(-0.1913710095429694 -0.0753152647522744 0)
(0.9939715945106725 -0.004676874815252822 0)
(1.012326417678699 -0.0230515528693524 3.904939734377937e-20)
(0.7062357126021154 -0.01941201772768678 0)
(1.096800581147991 -0.01502807206193233 2.370946175645589e-21)
(1.039128466715786 0.00412853839822222 1.405760772787188e-20)
(0.6331676731432072 0.004172907461679359 0)
(1.444708843535489 -0.1237179940229876 0)
(0.9860665606313219 0.002219838926422413 -1.070527622440238e-20)
(1.069598418776925 -0.01500624410578394 0)
(1.037986846307717 0.000584876383093151 2.070765947553828e-20)
(1.087305963852825 -0.00404965623439634 0)
(1.010441307269679 -0.005539085591318869 -1.263386804915774e-21)
(1.0062106484451 0.003267894047977278 0)
(1.010728667563551 -0.001640556349757486 -7.354911519485826e-22)
(1.003713407932291 -0.02002731529260263 0)
(1.034826655380148 -0.003777926634509965 1.859962736458866e-20)
(-0.2113569400275443 0.0517142863034387 2.806089300700475e-19)
(0.8175925510606393 0.03858986581732683 6.015324189594291e-20)
(1.005079693554286 0.002366451926937327 0)
(1.122295951388639 0.01787519078437464 -1.296525116380303e-20)
(1.108761097715395 0.008395119462783157 9.727414125902348e-21)
(1.05387942758898 -0.0129093197517744 -1.32450504361086e-19)
(0.9987735255869716 0.01040013674400961 -3.094126111615503e-22)
(1.085212421335392 -0.004269268906868206 0)
(1.187553993989319 0.0492349409121156 0)
(0.8350175122011428 -0.0736280670363378 4.607867764349025e-19)
(1.094488611717173 -0.01226853087255676 0)
(1.033153824929532 0.008057134440125424 -7.697506311133204e-21)
(1.042730346897132 0.005399702644265211 5.708043553035265e-21)
(1.050828488636127 -0.05915563514824772 -7.551612008805279e-21)
(1.139896397448902 -0.002641617767288314 1.721339220627517e-19)
(1.077088282605286 0.00244448376872502 0)
(0.9948395642067859 0.001882468315619112 0)
(0.9982033177715547 -0.02485193959735059 -2.372735508783492e-21)
(0.991425696369365 0.003253402246322732 0)
(1.029251866295737 -0.03667747583832698 6.503778632874638e-20)
(1.293437997056899 -0.0990782506094961 0)
(1.043906515956574 -0.006817481261654035 -2.300080340659672e-21)
(0.9861792612592546 0.01680264861295244 -9.062652285219947e-20)
(1.035071447245635 0.04283656030978328 -2.331467851895682e-21)
(-0.08722701988691729 0.1964837446779334 -1.718533974529666e-19)
(-0.06593083977222433 -0.2792193704249306 -1.33562419707111e-19)
(0.8612177595308554 0.110540742961116 0)
(0.2765009409725993 -0.0113791184129753 -2.887875978275584e-19)
(1.012331153106788 -0.01588087799848382 -1.051004596229343e-20)
(1.064020492132533 0.002663245102597151 -2.069640763303401e-20)
(0.9932276503633122 -0.02138973913637604 3.010119698852606e-20)
(1.026853819241363 -0.0274812693002573 2.619715657022554e-21)
(1.00885828091998 -0.03026395983816748 -6.698045006529707e-20)
(0.9887316845917246 0.004920163671377866 -3.492515332651746e-20)
(0.9939249053992476 0.00450599851491526 0)
(1.024341371150312 -0.001903245657710038 -3.532115137669769e-21)
(1.929556694654775 -0.1560643090752712 1.065201419113467e-18)
(1.052224196791999 -0.01849813487147844 0)
(0.9966858316307707 0.007279951347476013 1.487245165833538e-20)
(1.003299590112378 -0.0004634998376909463 4.018711329776222e-20)
(1.177342801597216 0.150184999300939 0)
(1.008374051629235 -0.02226039029014361 -2.204420343550643e-22)
(0.9533704526374559 0.001614330049653475 0)
(1.037850428041849 0.04170947797206 0)
(1.292952254659481 0.1504524548180652 2.156507078636278e-19)
(1.07724394935963 -0.00635207068227705 2.316630529897491e-20)
(1.016742517421312 0.03197188834107473 4.519180593308607e-20)
(1.077359602144142 -0.0001542997179649242 -2.232027082918681e-20)
(1.058848110427317 -0.02199082127367926 4.779135894888762e-22)
(-0.3874051418098993 -0.03655776691157136 0)
(0.9986862452158819 0.01265367490174089 0)
(0.1262844080191276 0.05630482349446735 -9.224900221914092e-20)
(1.005458264821876 0.02156499288521083 -4.008598627154612e-20)
(1.003745583110272 -0.01678053023702528 0)
(1.000436464875524 0.005496123350840943 -4.929851570248576e-21)
(1.081803210912031 -0.04216135008004313 0)
(0.9949918103520932 -0.0192277209360285 -8.022759042594622e-21)
(1.093859206259058 -0.04565205775447737 0)
(1.440532806918933 0.1706146337497822 0)
(1.054451658588876 -0.01168867780317587 0)
(0.9919570333589719 -0.02374840174475334 -4.048125732259908e-20)
(0.9828191593413588 -0.01956592807399022 -2.880026174412083e-21)
(1.019651331966521 -0.02042117602834014 -2.077897487456914e-20)
(0.9970555691899471 0.01725600373663481 -5.414908112417252e-20)
(0.9956499351859868 0.009315013009362515 -1.44942410198816e-20)
(0.9949105554174846 -0.02643982792394696 0)
(1.001758564588937 0.0252581380821267 1.888304498013151e-20)
(1.035518147165218 -0.02401929904471477 0)
(1.110436994697489 -0.03649556696312019 2.525607483969915e-19)
(0.9951053235632156 0.01688723666612699 4.487759599929952e-20)
(0.6150769482495353 -0.008685190259967552 0)
(1.155180170520478 0.1474832819456564 -5.806910891692155e-22)
(0.8245096322905229 -0.08937829237574225 0)
(1.139241505277353 0.07256614247497889 -2.797360889232633e-19)
(1.313049933776114 -0.387595009723025 1.274310058017154e-19)
(1.074991567320879 0.06633742544644931 -1.304446791028775e-20)
(1.010770920854296 -0.02936472236952965 0)
(0.9546979219450651 -0.2137430751205778 0)
(0.5401879913855595 0.1692095600847106 0)
(1.012920772825537 0.01396011441809369 1.004009689253405e-21)
(0.7142656876953024 -0.01092406239696089 0)
(0.9980935533183781 0.01687223918275549 3.451262189950293e-20)
(1.023298259432676 0.000229409981233536 -2.659940064582617e-20)
(1.079132356314454 -0.00800557698265171 2.65545724651006e-21)
(1.049272183559796 -0.01517625029107162 2.70910396277687e-20)
(1.042991654838745 0.0109725633245522 0)
(1.053006806268031 0.02493939072436416 -9.476535034144958e-21)
(1.051621884911867 0.03531215944671649 -1.769980000996524e-20)
(0.9834650098404637 -0.02173204849207519 0)
(0.6248955535459337 0.005134161969645155 9.178029698728683e-20)
(0.894173377873421 -0.005932788163736715 -8.85325662658788e-20)
(0.9093512077008199 0.005249017252010038 1.446464015457765e-20)
(0.6296355958224444 -0.006413687790314771 1.410749104576602e-20)
(0.9796967894386327 -0.0004804165371623015 2.540938979870678e-20)
(1.004420734577019 -0.01762155469439679 -3.305410391439613e-20)
(0.9719919937665813 -0.01487293283259326 -2.920037473938967e-20)
(1.085599978110484 0.001472356468899972 0)
(1.018644760541218 0.004989513705403716 1.083845364111268e-20)
(1.133307588010932 0.04808571567491696 1.348777005637437e-19)
(1.033169175920098 0.04297868649837611 0)
(1.022276192176658 0.002637695502625748 0)
(1.580096236044858 -0.1676194865216658 4.354946398845279e-19)
(1.044029628756715 -0.0274181247600742 0)
(1.022681806191563 0.008896634457901823 -3.577164021756468e-20)
(1.086214261004552 -0.001402243496154166 0)
(0.4896265347171696 -0.007246593253676816 0)
(-0.03593663657511121 0.001753427267950942 0)
(0.9903487788880216 -0.0234234148783858 1.249089950824646e-20)
(1.29925420458854 -0.09645976494008292 3.665003657213437e-19)
(1.032125629567371 0.03907009658438662 0)
(1.022658450059023 0.003450233433095543 -2.18781123800713e-20)
(0.9342452786249704 -0.1653553904636179 -4.341479715342634e-21)
(1.253813438332459 0.07294354250198701 0)
(0.5992209898707659 0.732580055428147 0)
(1.30464746071209 0.1427736925601654 1.052333128038062e-19)
(1.672790427467727 -0.02623880583768134 0)
(1.072092165422101 0.1303805527998274 0)
(0.73257156031431 0.003692172218572501 3.369486627854187e-21)
(1.048904273465451 0.04946041376778284 0)
(0.723232240320868 0.1014692545404047 1.321245769195716e-19)
(0.9968267695814882 -0.01625150906896465 3.584734659527534e-19)
(1.036130365149177 -0.03813045530149509 2.638319748648002e-20)
(-0.3691971005617923 -0.04818842214745932 0)
(1.071750093582704 -0.01611852511148341 0)
(1.091322397100501 -0.01697698698809741 0)
(0.6470828256806092 -0.5002789742380754 -2.508440341217121e-19)
(0.9918133721312665 8.028216071372799e-05 0)
(1.091844426565899 -0.02222575179776609 6.604274371932202e-22)
(1.189321283800913 0.1208736110242715 -2.048041239654623e-19)
(1.095841377993304 -0.03789687700310117 0)
(1.005095199547415 -0.02080272884376377 0)
(0.7995950554888405 -0.1981413636849503 -1.72493832029914e-19)
(0.8981566161886083 -0.1440842962656245 1.483793054089806e-19)
(1.031993441098092 0.01031544516215809 -2.074052281000464e-20)
(1.023133534825203 -0.009251021959793049 -4.283305401965252e-20)
(0.8669991749982852 -0.002084213989089608 -2.438705779496546e-22)
(1.501888083244098 -0.1941486231628158 0)
(1.303517473688213 0.1105841666033583 3.095233581233345e-20)
(1.242573119998811 -0.07988534767628137 -3.124497084064614e-21)
(1.095914454210456 -0.01882187113093567 -3.972421461176497e-20)
(1.042208414438746 -0.01827769168217188 2.961790771579598e-20)
(1.092799370065938 -0.03918971915077533 9.54705661513004e-20)
(1.032750761551286 0.01999302057380002 0)
(1.049674825562167 -0.031771252288234 0)
(1.115851723576458 -0.009046610423088486 0)
(1.097306087240082 -0.02965054062662097 0)
(0.9980870367856453 0.0107060899359551 0)
(1.154191229689651 0.07623718986692517 9.328849238739247e-20)
(1.345503318793685 -0.1596989267098231 0)
(1.043055800784105 -0.02384923998581042 -2.322977492376767e-22)
(1.05157543110664 0.05516428634593719 0)
(1.009930108782269 0.01428156383070844 -3.820515258571831e-20)
(1.033483236996926 -0.008119334442747112 9.362205894532742e-21)
(1.088997929614948 0.01331184878564676 -3.167935722809377e-20)
(1.084157575241171 -0.02961261690948235 0)
(1.075940482957045 -0.005386781185614402 0)
(1.100793887008257 0.0926819419915561 -1.399884546058507e-18)
(0.9348401761614014 -0.1479837091165797 -7.110880652185494e-20)
(1.180389427402815 0.1093505554145183 1.122892300778326e-19)
(-0.4550272873553611 -0.01942273004776586 -2.932263031944204e-19)
(1.019223213374116 0.02965139125934748 -8.573031530947198e-20)
(1.007052323628888 -0.005390900505867875 0)
(-0.2578862323026903 0.01550621685718273 3.575014340844751e-19)
(-0.04463490320021734 0.3402447146195774 7.690999880677194e-21)
(0.9952163083940124 -0.006330386178129263 8.943182541770745e-20)
(0.1852493495614679 -0.04206745575059084 1.336440692788464e-19)
(1.095096149282277 0.09068892512468169 1.483282457909401e-20)
(0.09335853784458734 -0.1067545615612289 -5.35389221772046e-20)
(1.108017238242612 0.003166044835724547 0)
(1.09381659141114 0.2503466556732035 0)
(1.021384409615683 0.02195193863534554 -1.679119624915169e-20)
(1.067244373609262 0.06120099166202708 0)
(1.024033318866556 0.02564914412988169 -8.747635806574933e-21)
(1.259978211463828 -0.5474386624693003 7.978902045701973e-19)
(-0.08403127842391056 -0.2214406075195671 2.093530047524134e-19)
(1.296726993045459 0.1111100616490483 -6.117988868792977e-19)
(1.12495292806681 0.0008033953547985739 0)
(1.134546232256538 0.1050391619573613 0)
(0.5207084858457487 0.07746424450435604 2.440083512916666e-19)
(1.022889213423059 -0.02088311327430452 9.584806015833712e-20)
(1.00535072087553 -0.02340489579026957 0)
(1.213402046404482 0.2715698109167969 -9.839317015696274e-20)
(1.249968927723116 0.1281699362128458 -1.503949749974944e-19)
(1.02648815657697 0.002699131968025119 1.59096869251817e-20)
(1.295409933711584 -0.08493041595677611 -4.95090349576274e-19)
(0.3091316642951519 -0.02292070886301349 2.834342976773598e-19)
(0.8354355826696264 -0.1504249928781759 6.903501734536539e-19)
(1.055856890880451 0.0713600597836876 1.089842807795859e-19)
(1.0404183907975 -0.00439595891778078 1.264949913358113e-21)
(1.000787158079028 0.01981184192781761 2.856637786835796e-20)
(1.066481549263816 -0.03688068082923092 0)
(1.034480884400996 -0.03844209375073099 -1.441269246646354e-19)
(1.017967382845339 0.03558242616390021 -4.607518768289416e-20)
(-0.06589294526706874 0.08650092668254082 -4.91077029537265e-19)
(1.01071554998116 -0.05771809865886642 0)
(0.8945136410255169 0.008185902050586478 0)
(1.092476504430999 -8.385720750744954e-05 0)
(1.359242802024564 0.2561969997717716 3.740952846503958e-19)
(1.692167774132601 0.1026738043653065 1.320521492013846e-18)
(1.40246634851521 0.145615296228684 0)
(1.029850098931537 0.02323121901135713 1.084777249764608e-20)
(0.3445756768395417 0.03109967930716724 3.323059690051355e-19)
(1.121823507063623 -0.001086443177410693 0)
(1.101184607015492 -0.02199672416446238 3.168316718309295e-21)
(1.098549766955592 -0.02576413354690361 2.410827728094429e-22)
(1.14312398642428 0.09993984616885347 0)
(1.298895178049395 0.05358616207553341 0)
(1.040140587448726 0.0007994274869429964 1.154648538707636e-20)
(-0.1483268044119284 -0.1007922302231452 -3.942792136361456e-19)
(1.330209770294687 -0.156753818699616 -2.187139292518916e-19)
(1.067910219045945 -0.007372199028244309 0)
(1.013769595042532 0.01531143581505756 3.016489771872415e-20)
(1.14111008729665 -0.09392034166972135 0)
(1.015790328961111 -0.01781556411887052 -1.145607162099203e-19)
(1.030694733406744 0.007714135937991322 0)
(1.509314221386023 0.08627411308550857 -2.806210779227685e-19)
(-0.07257026738927658 0.05678973723018021 7.482356737006929e-19)
(1.098479892428439 0.04992988695271345 2.06094106715127e-20)
(1.09316951970023 0.07884814482441124 2.145818488424078e-19)
(1.009820799102618 0.008383185055217833 -6.087815250807706e-21)
(0.004210514765037452 -0.1129617284353048 -4.965646680157785e-20)
(0.02400207340790553 0.1145119084869922 3.652765121262363e-19)
(1.238136212177835 0.1315968281677694 -1.558930425779018e-19)
(1.111474698175703 0.09694570625505405 0)
(1.088089173860412 0.02483460657212677 1.784074843652996e-19)
(1.00717080061375 0.02199196519459708 1.761970699386912e-19)
(1.028880005538572 0.001228660426022503 -3.690286831932533e-20)
(1.218735334800762 0.1315649253493716 2.545509947846217e-19)
(1.399763277087044 -0.1353765668453384 -2.096704954936134e-19)
(1.066220421108128 0.05003064438628144 -7.384197768836528e-20)
(0.9937755151675535 0.006606333275557726 0)
(1.086638828240377 0.07700907954909256 0)
(0.9783732787436463 0.006516511200796911 0)
(0.9971737562811949 0.007950472745234489 2.285764651694039e-20)
(0.4952062209041812 -0.07492530035947373 0)
(0.9900969175105199 0.004005480851980895 -1.86215977132589e-22)
(1.287717454159824 0.07528037944148988 0)
(1.008448880559949 0.007805967236038477 2.161451680098271e-20)
(0.8199644046543283 -0.1272288788835935 5.683482314499964e-20)
(1.10328810981482 -0.02058602951993853 -9.031106720786045e-21)
(0.9398056360274398 0.01662095038842043 -1.770244512650376e-20)
(1.44518580878864 -0.2866366275139117 -5.380143394569178e-19)
(1.138805315431352 -0.09260243133344011 4.753956036114396e-19)
(1.088863151532566 -0.02514431558607712 0)
(1.92839715007006 -0.469944588858056 0)
(1.619126366197981 0.1879271803497813 0)
(0.9860462759182693 0.00584331512609081 -9.220635032927806e-21)
(0.8611879277418696 0.7761405507141828 2.431350132047276e-19)
(-0.01573040653161741 0.2215123463067245 5.473324359709047e-19)
(1.043817265583113 0.009074023998691113 0)
(-0.211896136689728 -0.08291016603196845 2.096171887240202e-19)
(0.9840469020911549 -0.001822367819478844 4.077816809495977e-20)
(1.182268259607159 0.1618012886345775 -1.654665376529685e-20)
(1.044416104127787 -0.02239752824797403 5.424970571950385e-20)
(1.057800247267365 -0.1446759416311381 1.494489572463383e-19)
(1.132179169900679 -0.002423628348228762 4.550452020490964e-21)
(1.110947141470004 -0.01957863107006404 0)
(1.313127119440203 0.5315454933172135 -6.064604798130681e-19)
(1.030268759105397 -0.005536048243495494 -2.233443403679377e-20)
(-0.2883747328500671 -0.06790169151898905 -1.977052350312511e-19)
(0.6795759442844366 0.0184725485895171 0)
(1.084778871422506 -0.6962879722962254 -4.790056180734048e-20)
(1.317580182361954 0.08540257523618296 -1.112868210841678e-18)
(1.113685759957509 -0.1081435256042198 0)
(1.089041692558875 0.2804722997800252 0)
(0.9724994339485407 0.003886997695178699 -6.170674578469544e-19)
(1.06160794874385 0.009846037848996809 -4.230018622465798e-21)
(0.9246464938189667 -0.0120942339798976 0)
(1.090566639327598 0.03087928978444268 -1.755585017166605e-20)
(1.365506630291023 0.2126815051156502 -1.841188998990145e-19)
(0.732529096670855 0.1002151982658266 -1.050057610806647e-18)
(1.078633432505762 -0.0005770922544109632 0)
(1.264501029832486 -0.06173564578248961 7.101127128048014e-20)
(1.006119832720429 0.0004643901318634137 0)
(0.8469526616267553 -0.772822925580834 -3.052727686819352e-22)
(1.081322216938164 -0.05221481820884967 -1.074446947384551e-19)
(0.8773927811908657 0.3272800471823806 2.910017731654735e-19)
(0.8371580923599196 -0.2016366335842573 0)
(1.029999898738051 -0.03527653537268551 0)
(1.053529936351942 -0.02902798883838911 0)
(1.006562985991407 0.0009056750030055435 0)
(0.9811794118466192 0.006215037469485456 0)
(1.351763393227893 -0.2395146262648741 0)
(-0.09995240827629223 0.1778361936341014 2.408389489856244e-19)
(-0.06138240206164319 0.05964625096132069 -6.552389360845348e-20)
(0.2396122615590764 -0.121227776327259 -4.256032741225358e-19)
(1.516256552347783 -0.4374424500077532 0)
(1.034087609511773 -0.01650731839938675 0)
(1.767472591416404 -0.7566171016384761 -2.332214861465324e-19)
(1.130960588022893 0.001901321277261685 7.672288089398123e-21)
(1.327214266324549 -0.09341548740785705 2.850843954555763e-19)
(1.110482239294954 0.7108287460675752 1.46119657299638e-20)
(0.3398399672066397 0.5965424916157342 -2.140840071593615e-19)
(0.6772736457902764 0.4620634909798652 -4.738384773764418e-19)
(1.059438176496106 -0.1620797524738642 -2.062175428938297e-20)
(1.22365423977696 -0.3588191008560532 0)
(-0.05648771170539017 0.2101345199024192 -7.517802814506704e-19)
(1.047334507504877 0.02281713307986459 0)
(1.110586031540704 0.04430312838397892 -1.54513856496151e-19)
(0.8168245570805206 0.900493545988666 0)
(1.066649792622986 0.0434678512557511 6.993521078062138e-21)
(0.269154549852209 -0.05834969564199672 0)
(1.109044855721942 0.03516045524292561 2.3536754010629e-20)
(1.374353270918673 0.3252000537667593 -5.596339868774476e-19)
(1.074468383431447 -0.01308531917235889 -1.675072720932798e-19)
(1.473706464323845 0.1590822644690581 -2.556123510988796e-19)
(1.33432312969171 0.4198023731291201 0)
(1.1775408432436 -0.2723405503657309 0)
(1.305384888576636 -0.1399025879405205 -1.23604951570605e-19)
(1.066812536550087 0.01622205458511825 -3.32493195592119e-20)
(1.060710921458508 -0.01195919413053572 0)
(0.7371858298398577 0.1428082151312814 -1.142124901353256e-19)
(0.7723124844566259 -0.5736699294759066 -5.861689178209233e-20)
(0.6669445001529963 0.2066675045748912 9.558544927314718e-19)
(0.9679233778198206 0.1105845095290883 3.278543360663418e-19)
(-0.002110882516899581 0.09373815287648696 0)
(0.5536848445116426 0.01759759362822726 -6.387064246985944e-19)
(1.057564239194809 -0.03979761258124953 -1.902701004757951e-21)
(0.7019884427979834 -0.1212872004284534 -2.813692479544909e-19)
(-0.001024626112299594 0.2427582049447613 -3.031892018886017e-19)
(1.180813844620373 -0.08027008700402688 0)
(0.4002403925984354 0.01633593942620095 0)
(0.1611106431245982 0.3758332962954213 0)
(1.445569015547074 -0.2653545527777268 0)
(0.2332558470590821 -0.3543486781369877 -6.45501619778135e-19)
(1.592409537249708 0.03856301532233941 -3.857894291761394e-19)
(1.024609721188092 -0.200477587121116 0)
(0.665808662377086 0.0236271910685724 2.444223430266549e-19)
(1.024518940897479 -0.01126852072386191 3.560285148339762e-20)
(1.139612670422817 0.236802893734432 0)
(1.738795594943119 -0.1131007980671584 0)
(0.5792913217584331 -0.7339808938848265 -6.656524507462067e-20)
(1.271159665807095 -0.1120726306982265 -1.017334177992397e-19)
(1.410157156580924 -0.08777463433356029 -4.353007381099286e-19)
(1.487339641042922 -0.06768072306411169 3.697892469261073e-19)
(0.09667007053766476 0.1042865971391419 0)
(-0.1210531569913074 0.0962019360708587 2.859977548031568e-19)
(1.038106438269499 -0.06319735811292197 -4.740845691297123e-21)
(1.119243823653006 -0.1398868453698955 0)
(0.6397039421617372 -0.353156940420571 5.241489104089318e-19)
(1.048704720534765 -0.06312707549052891 1.354725435201172e-20)
(0.8583366016015377 -0.1471154604681228 0)
(1.31785182251515 -0.1390214068268925 -1.076692795913893e-20)
(1.122764225562258 0.0811062680235444 -4.381153252091289e-20)
(1.09107334461854 -0.005004061236454455 0)
(1.130134276163722 0.5722720016148903 -1.13599682513808e-19)
(0.3410109685102603 -0.5958776911224775 0)
(1.060935397303125 -0.003423222599205969 2.826174385377807e-20)
(1.097133659355793 -0.006300933489227278 2.690534267522281e-19)
(0.09402269735522019 0.1589629953382439 -1.702693880990712e-19)
(1.183859276272664 1.005101281651112 -2.267009325281383e-19)
(1.366308852627915 -0.1380721385291984 -8.745621263528111e-20)
(0.9224120806965993 0.1142389260379765 6.200671781094437e-20)
(0.997378198538823 0.004009315681050485 1.039150066390567e-20)
(1.065224396391746 -0.1536998242439655 1.848774934579997e-20)
(1.504470729414572 -0.9460945425286769 -5.187122557650148e-19)
(1.536666831650496 0.9529564750394536 2.385011691195964e-20)
(1.427848796908563 0.2227862728405162 3.37015064020081e-19)
(1.028221948166011 -0.007575792144476649 2.093027117064424e-19)
(1.03526595355885 -0.0331545389315876 1.580344754863954e-19)
(0.9918895960672562 0.0226290499189366 -1.89515489105944e-20)
(1.058077311484318 0.03830405395735402 -1.485036172956017e-19)
(1.078484170711849 -0.06542229787637981 2.818774825481599e-20)
(1.439026512949191 -0.1386151764784148 3.425935735559379e-19)
(1.824316426074074 0.750432993678792 1.876876920857127e-19)
(1.032481756402234 0.03325759576098237 1.014931308167827e-20)
(1.072038459429914 0.01343858152712972 -1.073249327603208e-19)
(1.99243983654238 0.478944869680988 5.395234394033696e-19)
(1.93552835245067 0.160164993599116 9.408751475983323e-19)
(1.083878045793007 0.6411044948259883 -1.001923125297112e-19)
(1.11075121780872 0.1722234544645569 0)
(1.04413199854895 0.02297221878602839 0)
(0.5115690895824055 0.4424758290583965 1.154358607285149e-18)
(1.373045883965194 -0.2980533097221656 1.856252281567402e-19)
(1.185907578308754 -0.1561406294934749 0)
(1.63772096090512 0.2361799728247493 -6.250445085922667e-20)
(0.8115816602837621 -0.1550752252127314 -1.284290134252218e-19)
(1.324749619777795 -0.2088974390574503 -8.959934425165881e-20)
(1.252307726211924 0.3909749060055143 1.464558717194968e-19)
(0.4926846148617861 0.1993883873359613 -5.581257652498935e-19)
(1.693344739216558 -0.02103774452280137 3.319426759747093e-20)
(0.854262791464686 -0.5422653657366712 2.343485923614281e-19)
(0.9989910014024348 0.02409005843894499 0)
(1.624380511423951 -0.1884080730113261 -3.142516498540376e-19)
(1.090959454930736 0.1008116637544486 0)
(1.342418363502599 0.5829082009913378 0)
(0.940781970445642 -0.411570074575817 -2.832188621053865e-20)
(1.24879687555076 -0.02811509913219716 0)
(1.03809380072443 -0.003983091915611068 -1.266403134836882e-19)
(0.7224219578320454 0.1102690610864141 3.000812402949443e-19)
(1.320846020070457 -0.5797057123749727 -5.515409219199481e-19)
(1.049465148840018 -0.6306923415499812 8.359638487539153e-21)
(0.3504269531442653 -0.3730730573439314 -8.588257816575219e-20)
(1.006770248090372 -0.09494362517717231 0)
(0.4461569787515234 0.3061218940071152 1.675227603407246e-18)
(0.26483328063766 0.02391324344179368 0)
(1.316039577933291 -0.1415473400881524 8.140022625377398e-20)
(1.572682740283687 0.1892327367654373 0)
(1.168983019969472 0.4486755869600723 1.366898663470564e-19)
(1.054126282115705 0.1537517170964053 -6.110030455197255e-20)
(1.031723537929608 0.004304713904269923 -2.047087725130662e-19)
(0.9585701541106654 0.4115769205950893 0)
(1.159493525780355 -1.00727864318823 5.70717558874237e-20)
(0.891113062161466 0.0112683584676722 0)
(1.070896120664333 0.3808793785222296 0)
(1.053102785422586 0.03434445822559574 -4.294149520684665e-21)
(1.469609511813335 -0.2988465676637569 0)
(1.241966576573594 -0.1846186661260416 -2.915692606989736e-19)
(0.01355153789903054 0.004118456778785471 -1.918622820829348e-19)
(0.2400289571536956 0.02358877834127794 8.86012070601182e-19)
(0.9807017727883245 -0.09769636682146544 0)
(0.4734809159641545 0.6519467332804041 -2.519608052531502e-19)
(0.9175713057633832 0.03157460170096839 0)
(1.541659108193128 0.4161191289190259 5.524318484261756e-19)
(0.470405101002165 0.1373929562402092 -5.862309987654106e-19)
(0.05748769770974403 0.1774334269428872 0)
(-0.4101343308294684 -0.04855553477939311 0)
(1.032271052005702 -0.0003995702926561511 1.297463179709776e-20)
(1.654663366575713 -0.2259675887319824 -1.093423126618692e-18)
(1.107066935563005 -0.5612679375574965 2.327060729437924e-19)
(0.782644968329361 0.336076104245931 -8.695091184606159e-19)
(0.9034727417792335 0.1319092507981589 1.411264346310381e-19)
(1.044192505744507 -0.003621660932616728 0)
(-0.2815824321455639 -0.1009217183336276 3.957432831535323e-19)
(1.03365436605591 0.04673328782731592 0)
(1.20201087074605 -0.2454336215733404 0)
(1.565902060810521 -0.1913900191020882 5.211043088460763e-19)
(1.127641847491318 0.07374651525177926 -7.476248246026086e-20)
(1.079526404391643 -0.1459765942368211 8.01561061062016e-20)
(-0.01890146702700463 0.07357807560892354 3.348747980877338e-19)
(-0.06425948769541344 -0.1687205873818938 2.550676881895781e-19)
(1.068512540525151 0.2112075124398121 0)
(1.09887498129691 0.05855053697411921 2.098929775550598e-19)
(1.489731229219571 0.2845206852049992 -3.579816429989387e-19)
(1.32009991070357 -0.4862481056925234 2.338892950671564e-19)
(1.143481262405684 -0.1525485799942536 0)
(1.122251598993464 0.1508330315554383 0)
(0.5251344985352214 -0.6852818880457958 4.186634540303586e-19)
(1.315163850694146 -0.04128549245577735 -3.011285422519288e-19)
(0.9976451534334998 0.1027066651854733 2.467879464420586e-19)
(0.3133475793047378 0.3612858629038853 -8.857255724138885e-19)
(1.023354455228769 0.1082906926348341 -4.083127925467996e-19)
(1.035539789929845 -0.3944680823009091 -5.403351536920494e-20)
(1.463156704171613 0.1073826643403773 -6.581755870166732e-19)
(0.7776990716007212 -0.8813071585341165 0)
(1.056432574340736 -0.03095836890991279 0)
(1.123384835533354 0.1598763004386233 0)
(1.620977558473167 -0.04204994791247275 0)
(0.8164055887766269 0.5963986270046114 -1.983095059764791e-20)
(1.488881022487821 -0.356695371637709 4.515351988397556e-19)
(1.544843706621798 0.1465502844803657 0)
(1.13406716859529 -0.4575166675710257 -1.593887636393183e-19)
(1.464544112446289 0.3441122348115967 -3.584792900965447e-19)
(1.010363889378977 0.02864744150166991 0)
(0.217962905246219 0.007100267869223833 -2.476741612190626e-19)
(1.339401416241383 0.5115306499954476 0)
(0.9745465242878816 0.007531639611345424 -3.943174218732743e-20)
(0.7625358376990412 -0.2988538583587043 -2.078242098184429e-19)
(0.5084463936497317 -0.07948110654937716 7.892362314589138e-19)
(0.2320413234757633 0.05726718150078274 3.670249785127323e-19)
(1.061289552751665 -0.1378370132881916 0)
(0.04038537982490421 -0.005526891368151167 0)
(0.3459886928272116 0.04345911516319671 -3.010248821480313e-19)
(1.006336415617546 0.0178591917398488 0)
(1.45617462406143 -0.01030177040052148 0)
(1.007584255142596 0.02941554510667208 0)
(0.4676182409457321 -0.2711212111325871 -1.009989574136429e-18)
(1.049557998426737 0.08887351170530088 0)
(1.527563630991175 0.03917218271106437 0)
(0.2417333881923951 0.1122357131643242 5.500501746265728e-19)
(0.8787629189614745 -0.3204157190427573 0)
(1.368703002335512 0.05135710855628157 2.71748243742621e-19)
(1.239801710015386 0.2049089729937333 2.097457809507314e-20)
(0.899953927284893 0.5558798642842946 1.503516575589802e-20)
(1.034314038834051 0.09959191703585063 4.553595975223307e-20)
(1.031557144241906 -0.1481436002610752 0)
(1.369720298266421 -0.02473894608922158 0)
(1.289738051037656 -0.1264345031809422 0)
(0.624412787346985 -0.03787909252976817 -1.364150302219299e-19)
)
;

boundaryField
{
    FrontBack
    {
        type            empty;
    }
    Top
    {
        type            noSlip;
    }
    In
    {
        type            fixedValue;
        value           uniform (1 0 0);
    }
    Bottom
    {
        type            noSlip;
    }
    Out
    {
        type            zeroGradient;
    }
    circle
    {
        type            noSlip;
    }
}


// ************************************************************************* //
