/*--------------------------------*- C++ -*----------------------------------*\
| =========                 |                                                 |
| \\      /  F ield         | OpenFOAM: The Open Source CFD Toolbox           |
|  \\    /   O peration     | Version:  2412                                  |
|   \\  /    A nd           | Website:  www.openfoam.com                      |
|    \\/     M anipulation  |                                                 |
\*---------------------------------------------------------------------------*/
FoamFile
{
    version     2.0;
    format      ascii;
    arch        "LSB;label=32;scalar=64";
    class       volVectorField;
    location    "1223.5";
    object      U;
}
// * * * * * * * * * * * * * * * * * * * * * * * * * * * * * * * * * * * * * //

dimensions      [0 1 -1 0 0 0 0];

internalField   nonuniform List<vector> 
808
(
(0.7562762537077559 -0.01752302451377898 0)
(1.031452794526441 -0.01255084317943675 0)
(1.112848206041207 -0.002039954721234074 -1.729251559560026e-20)
(1.085130065223814 0.01257220168844623 0)
(1.360874315971479 0.01273479249602738 -3.811291489978185e-19)
(1.03871383350952 -0.009435956129729129 -7.314181345456777e-20)
(1.014527580684274 -0.02059063412054187 -2.432527361937452e-20)
(1.079101999610589 -0.004939092111520914 9.023711498702329e-21)
(1.25275404223476 -0.0219243282020087 6.251118291354682e-20)
(1.085190997285302 0.008922544310790901 0)
(1.00790972213155 -0.01156047587813517 0)
(1.303773109900973 -0.05463480988703762 -3.455056704915594e-19)
(1.086383099101013 -0.001818413502024778 2.043746547185529e-20)
(0.6751582571710079 0.006369216077999947 0)
(1.27584131608721 -0.122124217528996 0)
(1.08191614841923 -0.0003757577109656433 -3.870794231163294e-20)
(1.225416254747519 -0.150771651119682 -9.662828050977962e-20)
(1.074365379869052 -0.0003943828633246102 3.208745201278217e-20)
(0.9888016559116092 0.00509628452302485 0)
(1.026901778262729 0.009443196052285083 0)
(1.034747581873403 -0.01549022831413155 0)
(0.9875969350801455 0.04543407385801763 0)
(1.051040862336079 -0.006161125220510379 5.818490809170809e-20)
(1.05382911770531 0.008420283230079999 0)
(0.9338046627843211 0.1996768788867608 4.561882475507992e-19)
(1.160782042367868 -0.0892878098046678 0)
(1.184723896278757 -0.02014607272567686 1.536664624968785e-19)
(1.077175752423294 0.009670787145084332 5.240821782170605e-20)
(1.083839338070652 0.001907309088820414 5.131596006835029e-21)
(1.071841554952291 0.03095523876664466 0)
(1.075334864131333 0.002661485565712401 -1.184767243936415e-20)
(1.033435737301409 0.00646506707307144 -1.870064957478027e-19)
(1.060053316148401 0.01451413593629755 -2.357510263559049e-20)
(1.088715129127471 0.005518808746026092 -2.938488198453276e-20)
(1.121515772512348 0.03668747489769926 0)
(0.7548422329673403 -0.1203618569882428 -4.551412928898411e-19)
(0.9546275592750982 -0.005758006703715565 0)
(1.068815204686479 0.0223001282261216 0)
(1.068811169558439 0.007203177013742015 0)
(1.073778300988526 0.008625257463597213 -2.816230957663276e-20)
(1.093274891180295 0.02295570618927195 1.075786264482866e-19)
(1.15023351004549 0.001869914732502371 2.10896851300191e-19)
(1.095650563637628 -0.00234606495946449 0)
(1.015228731634566 -0.009429263120846756 0)
(1.127467266908332 -0.09465307980889687 -1.643002358626395e-19)
(1.044058311807947 -0.01177136535896665 -8.393000061726744e-20)
(1.058250277827468 0.02667849414111542 -2.688392324354293e-20)
(1.229348972014028 -0.112506353306098 -5.561092556369723e-20)
(1.067527645171565 0.01207820643191432 -4.067994497882961e-20)
(1.256460325312011 0.01461208711116605 0)
(0.9973183202939965 -0.01882833133433245 2.195497041673731e-21)
(1.044709938144708 -0.002488268172361177 0)
(1.087335368299043 -0.002246439619003884 0)
(0.9982262168053768 0.0080074838077792 -1.910247551743916e-20)
(1.252293864108713 0.03242714256257685 -2.394837928681955e-19)
(1.063510988496237 0.01822366008526841 5.868408688713139e-20)
(0.9891359804378854 0.0113191981527032 0)
(1.014317682742109 -0.008107049773240419 2.563642250182414e-20)
(1.107252217934421 -0.001701184222692518 -1.152052075065186e-19)
(1.061438791763482 0.03131521639571124 0)
(-0.07661590284511238 -0.02184133508270542 7.764125796531397e-20)
(1.153808179614402 -0.05248542331070742 -1.842388341844337e-19)
(1.002762263287602 -0.006387618818164395 -2.816252899135422e-20)
(1.187569189168014 0.06470971562518585 -1.198398694876955e-19)
(0.9970309358402027 -0.0103060880545196 3.097651498536285e-20)
(1.083987839839652 -0.005471893221842949 0)
(1.247216432540356 0.09097078883330384 0)
(0.6960604417769176 0.003158976053527746 -7.431080059746806e-20)
(0.9885090349781133 -0.01569650136370188 -3.226727761901539e-20)
(1.456607995062421 -0.01999138859676768 4.389921712810962e-19)
(1.060619032543575 0.007588265461888966 -6.531989038716287e-20)
(1.364817885436188 0.09283098512572381 2.8375758467768e-19)
(1.054878927343572 0.006750353216945446 -1.926978734257459e-22)
(1.080928610916011 -0.01409431251100286 -2.705174446476926e-22)
(1.162757166322762 -0.2351744573780056 0)
(1.022495872685417 -0.01502781354997919 0)
(1.017683833022102 0.01804691148613764 -2.990038650293701e-20)
(1.389473740671374 0.3493631550623714 4.240279758653693e-19)
(1.097398401335635 -0.0422936751490574 9.577747315424112e-20)
(1.046851355659445 0.2111143855114566 2.396539900428573e-19)
(1.122411222246902 -0.06229116688054018 1.181793042099972e-19)
(0.9220393775178903 0.005197709735851644 0)
(0.9754000471743816 0.01856134757569473 0)
(1.003970202536566 -0.04842009436768501 3.194229161914539e-21)
(1.010307693003036 -0.01379142949325327 7.782690676804217e-21)
(1.03106121474283 0.02654912642237039 1.350431646619582e-20)
(1.525383175431239 0.03365506051112579 3.210293779533234e-19)
(1.291534608228186 0.0698859996692742 5.643592044355064e-19)
(1.072633233615569 0.003012071859783836 -8.798665217300246e-20)
(1.194194083918194 -0.09832045137851199 0)
(1.033965785995214 0.001628018661704008 1.285636455256603e-19)
(1.164549478461335 0.0199899990830444 -3.116989268463302e-19)
(1.001527355063539 0.03256080227001174 0)
(0.9996291981004944 0.00198163939939798 0)
(1.044171698058356 -0.0002308998651237253 8.016056013970503e-20)
(1.217594740139546 0.1029050325208405 4.020437468231193e-19)
(1.011157517392641 0.006949816652310996 0)
(1.087979467414956 -0.06895506447633939 -1.069923608490067e-19)
(1.150980209760329 0.03507065371906781 0)
(1.214808258879232 0.08885551272855748 -1.885474748107782e-19)
(1.108301644486965 -0.02884918631948764 -7.81238478441236e-20)
(1.027834938944799 0.0118565871419313 0)
(1.085338338992584 -0.004611308241095432 0)
(1.019958469533884 0.02633485048092307 7.826710848797605e-20)
(1.075064809423723 0.05592152469942457 -9.369254300433073e-21)
(1.10364951520821 -0.004309178594732966 6.446901404949055e-20)
(1.104157723996341 -0.09297747454366294 1.519026382927074e-19)
(0.9622404526079319 -0.0009621489103201468 0)
(1.066231542510136 0.03141059154457611 3.68329572731244e-20)
(1.167517014619361 -0.07681603886844501 2.251608998954667e-19)
(1.05346429823327 0.04685420763170938 -2.846761111156591e-20)
(1.023064058744889 0.0681778520893398 3.635471083341318e-20)
(1.09038661616912 0.02618787653095545 0)
(1.015581527274528 0.01361039819973053 0)
(1.028968085366711 0.00937118539322008 7.847462646267478e-20)
(0.9485396223825914 -0.03204983959844242 0)
(1.053141825012793 -0.005443426064492057 -7.383547964206557e-21)
(1.339368952040787 0.05557117442685797 -1.539882586059106e-19)
(1.079633319097318 -0.013244297121487 2.654790218894701e-20)
(0.7441530458405007 -0.001757445457827299 0)
(0.568214598290104 0.177005883070447 -1.09520803241168e-19)
(0.705954068096129 -0.002479467521012551 0)
(0.698956605595188 0.01465653916635355 0)
(1.077808297676851 0.003529955125443241 -6.434860438995115e-22)
(0.9906480193872755 0.01444129571843672 0)
(1.280958214554473 0.1220168906709107 2.557015915849581e-19)
(1.012209541834219 -0.02795028579723381 -7.349454099105243e-21)
(1.041217585220514 0.01641899360497718 1.309590869901996e-21)
(1.058491901688775 -0.01236316489529752 0)
(1.126419852464089 -0.00920689421227232 -5.13865525337903e-20)
(1.266628788139992 0.1229494151608726 -2.201325241823062e-19)
(1.088900488565323 -0.01085730420345706 -8.592054626650627e-20)
(1.071169061955633 0.02557681717746971 -1.066297394044398e-19)
(1.041114347252001 0.04679647578203242 7.463833262439789e-20)
(1.022463287786578 -0.003568029986554271 -3.475946432108077e-20)
(1.061176194012842 0.02371378011273153 5.687099682820518e-21)
(1.139419709361351 0.002961965482884199 1.040611512264271e-20)
(1.040059760565849 -0.01292964900778395 -4.712318295378101e-22)
(1.087528595056484 0.03477675836589299 0)
(1.028622137485008 0.01357689794467882 0)
(0.7892280778949954 -0.08073904897660095 -1.832951605488773e-19)
(1.030315192104193 -0.002031877949652959 -6.514724915367031e-20)
(1.13526409590971 0.001858047369846965 -1.264919344742864e-20)
(0.703507552917416 0.006546204372038704 7.123195212930424e-20)
(1.175861693659639 0.01864138007400033 -1.975173310995803e-19)
(1.133682576281164 -0.0002131895693744617 5.504451879785256e-21)
(1.129045612275643 -0.01009068220223425 3.358120918826141e-20)
(1.000934036769873 -0.002984519727127353 -6.648428676222155e-20)
(1.097819462652422 -0.05643473319902625 0)
(0.9893635125698761 0.00287586496446967 0)
(1.057894638019552 0.007022209310682121 0)
(1.006241741017886 0.1897142010378814 -2.352436245291672e-19)
(0.7793989430530149 0.0124378859290878 0)
(0.8570656853030638 0.1034355263436507 -8.182749808943403e-20)
(0.103001104454618 0.03097560874267806 -2.993055715509986e-19)
(1.172269238601565 -0.03253698066712132 -2.295189339006072e-20)
(0.6712372986432062 -0.007363516151091301 2.452566385526381e-20)
(1.162376917566678 -0.1036869037953448 6.974482750718574e-20)
(1.128569171409676 0.001349706426943429 -5.971884181412512e-21)
(1.153772176798671 -0.05076566143493183 2.230351303337742e-20)
(0.07270241599215838 -0.1939033125064286 0)
(0.2509232389304251 0.06169558788737369 0)
(1.258863941539868 0.1032325098621236 1.841154626044864e-19)
(1.021359380602 0.01987072608702225 0)
(0.737605560041961 -0.006280584779182308 0)
(1.074823785690197 -0.01149695561523858 2.735325939842346e-20)
(0.9750609026521051 0.002889052826408018 0)
(1.292849622078068 0.1173479364926665 -1.442342020619769e-19)
(1.057350497948835 0.01098453197440415 0)
(0.9924568029549035 -0.007619623938699669 0)
(1.065287796864108 0.008150689692439296 0)
(1.006261084449826 0.02091945817042649 2.21642970079266e-20)
(0.9284733698959796 0.005371649537434946 1.297422795848567e-20)
(1.175208812322218 -0.1991326744762137 0)
(1.005000386272158 -0.005215151570105163 8.031633293604672e-20)
(1.059227953650333 0.00620826088131322 0)
(0.7745457449855836 -0.003332617767621333 0)
(1.216966272479754 0.02548213598139373 1.613672494877637e-20)
(0.7050913934971943 0.001359712711367871 0)
(1.43146364801223 0.08390871201295504 -5.09793644357861e-20)
(0.9942302609282269 -0.00527671973541481 1.662464811957412e-20)
(1.27515696998539 -0.004561631623882822 -3.010337242367442e-19)
(1.059920509008042 0.008954122338410695 1.323951801633011e-19)
(1.000902464747358 -0.01354313496714322 0)
(1.210286883001256 -0.1497380418053807 2.051112882982809e-19)
(0.7331661658820881 0.01378613332672146 0)
(1.098112317792517 -0.004947065105290493 0)
(1.156351438953961 0.06494975707749169 1.882684988137501e-20)
(1.006268814696317 -0.006779815459567323 -3.047164738456876e-20)
(1.123083116511507 0.05028779820881097 -1.710201932311061e-19)
(0.1498324882584951 -0.09316083161102424 0)
(1.074016545830597 0.03807643973101528 0)
(0.6615898867143968 -0.002869392545350316 -5.001576246567345e-22)
(1.012074326869375 -0.01969318442744744 8.989493425373577e-20)
(1.06166567420852 0.0008439994545010859 0)
(1.084124935993421 -0.1411897630996029 3.791729443378647e-19)
(1.002552383946644 -0.006128968114798678 -3.298419259413936e-21)
(1.002709608048542 -0.003847555247816517 1.233762672436238e-21)
(1.094032629250686 -0.00917100481137329 0)
(1.020799240969149 0.02017600365974621 -6.669543688963416e-20)
(1.106765007799743 -0.00163780124083988 6.31313492499475e-22)
(1.074184313109879 -0.0106263722555356 6.625133977682108e-20)
(1.085619882841045 0.02219688603091774 0)
(1.324127079258767 0.1558893710060882 0)
(1.002095771589187 0.0005879502234704341 4.406322517022634e-20)
(1.320806555426947 -0.1343834151325463 1.606099044674008e-19)
(0.004887888500797237 -0.1417522565630902 -2.30741683351544e-19)
(1.071117871524741 -0.005401539382684392 0)
(1.111900563222116 -0.002974121559043206 1.178124640915034e-20)
(0.7268218459376609 0.01781710590042991 0)
(1.058106661878834 0.009053660727980251 0)
(0.8609652221211528 0.1614236529728404 4.601504368809533e-19)
(1.283746944518871 0.1191117485171757 1.853349979298618e-19)
(0.6541391418556487 -0.003110164051987311 -6.515396089560939e-20)
(1.040310880678005 0.003427734713327048 -2.699792967035156e-21)
(1.054898687165897 -0.0002091562250613144 6.447165534924363e-20)
(1.36044431459761 0.1167311946579262 6.54861863959744e-19)
(1.337885374927237 0.2523062830192622 0)
(1.057195314261931 0.01014391335975579 0)
(0.9970763896311142 -0.004326884470721669 1.371563892915371e-20)
(0.9939498651567619 -0.002884949550583305 1.561277677075538e-21)
(1.385873416545215 0.1994295739697121 4.334200334388332e-19)
(0.6818177989930782 0.0005658838401038509 9.955290277412362e-20)
(1.005724118973618 -0.002146923324061686 -6.016880135398899e-20)
(1.098069410961606 0.01315006436326524 2.557831818814107e-20)
(0.6694508240091296 0.004960638098276156 0)
(1.066082237155704 -0.01203310722364849 0)
(1.000983923414622 0.1289478954149169 -1.379324645870964e-19)
(1.084871964128084 0.005218063627821666 -2.575605359500212e-20)
(0.9818828360330704 5.806353607355895e-05 3.312499503240572e-20)
(0.9912115932555569 0.005988907705011084 0)
(0.6381344533094546 -0.00112789260628223 0)
(0.9767647453126497 -0.001296557890330256 0)
(0.6419745486565012 -0.001421097185908884 2.661514994146424e-21)
(1.086907808743315 -0.05636024038521902 1.218089258970928e-19)
(1.109062210170193 -0.005472106345375735 1.159037319345817e-21)
(0.9580441409381359 -0.0008667588165230083 3.88287650073918e-20)
(1.016989900550649 0.01064738478745876 1.720965365411823e-20)
(1.064506975258706 0.01011891871397874 -2.274869174797013e-21)
(0.6348191920269507 0.008857560599148958 -3.61823723534035e-20)
(1.004698905187285 0.01216656419787636 -6.10207728515481e-22)
(1.037539468350021 0.01025980487884737 5.183095446196295e-21)
(0.9862495095049972 -0.003325327311018769 0)
(0.6100331984626487 -0.0004422292869571087 0)
(1.069022920073174 0.02258122756421733 0)
(1.015780596212868 -0.0165915395490371 1.039624942587659e-20)
(1.022260388392951 -0.003648136644611214 0)
(0.9933265943123673 0.01418255456788377 -9.632167199942765e-21)
(1.010045064068001 0.005823275078361424 0)
(1.134209088339215 -9.352835748579802e-05 -1.251018308225631e-20)
(0.03037643759314167 -0.1391242239295576 -4.132419423528548e-20)
(1.034526124537788 -0.01694309136640942 -6.567073619142484e-22)
(1.044761291271199 0.008955762298441429 0)
(1.086693995697634 0.069388466736879 8.414152833734092e-20)
(0.968127671155392 -0.0008532726977501405 3.112809452292061e-20)
(1.020160823736001 0.01695030848826463 -2.23745031765641e-20)
(1.006980828339443 -0.001187131205689227 2.396382171302766e-20)
(1.039380200788327 -0.006831196186001512 0)
(0.6409700207317127 -0.004078791871336907 0)
(1.026019593013208 0.02448266772812769 -7.992496520439154e-20)
(1.08470410407898 0.003053744862643295 5.07829999593993e-20)
(1.011545678134341 0.006302758472202527 0)
(0.9815757605792939 -0.000566291757801302 -1.918294577606979e-21)
(0.8577459553255511 0.01327780102164046 -1.285555511506361e-20)
(1.01394603117108 0.002908207989042112 -9.596746953764609e-21)
(1.023824038580652 -0.0001512484167704176 1.82840289067841e-20)
(0.9801432627476733 -0.0008569483427562115 0)
(1.007930326856363 0.009672095123798704 3.208526652717793e-20)
(1.109334230966448 -0.003248966382998324 0)
(0.935061450070466 0.01062904736885597 -3.311738043269593e-20)
(0.9543500030716217 0.002495797444351298 0)
(0.9007212173844327 0.2025184486599456 4.964095500145322e-20)
(1.011231822626103 0.06761966057500567 0)
(0.9905619734694894 0.00444709894660544 -2.301569901498327e-20)
(1.055641367613515 -0.04878158877842396 -2.742001079397101e-20)
(0.9937343214638362 -0.0007185971927777123 3.277004840181005e-20)
(1.006903613003838 0.004242370997440114 0)
(0.9807069573260914 9.297278586260984e-05 -3.041389367858651e-20)
(1.178781768192677 0.09752917337353575 -3.34138624882808e-19)
(1.067758058073472 -0.263361073711842 0)
(0.9949091139931561 0.001008867340214687 -2.244299965324037e-20)
(0.9764916105739492 0.006340767641084098 4.743715700462713e-21)
(0.9581615798475449 -0.002660336683625953 1.047771311200645e-21)
(0.7460307435654853 -0.001082226822705117 0)
(1.115439634800231 -0.06894610793522041 0)
(1.005754433775436 -0.0009500909340005174 -2.206500398299753e-20)
(0.9046845955709742 0.002788316125221057 -1.092459580589282e-20)
(0.8412842807218315 0.002569324847391522 4.803184664640361e-21)
(1.010833636101961 -0.002175326937215079 0)
(0.9609264856150084 0.01082515472749014 1.558788210969458e-20)
(1.005726307379941 -0.0001893639233892444 -2.242583671792936e-20)
(1.026396830222863 2.740479151318814e-05 -2.478559045984565e-20)
(1.112776565547579 -0.005479966235548192 -4.895068566716211e-21)
(1.114675154386662 -0.005758966085218111 0)
(1.00935487031468 0.004838431505514982 0)
(1.024748528941882 -0.002666421988031754 0)
(0.9482275578583163 0.009886160055557284 -2.043103206936532e-20)
(1.017876017843075 0.01320853940070262 5.63789538758555e-20)
(1.086374073138742 0.001057520448528497 -2.350545142821517e-20)
(1.03738186909172 0.002180170748897684 0)
(1.108782428535493 -0.003573069354903544 1.818227860664539e-21)
(0.9949533646718766 0.0008500363371289704 -2.237656271325171e-20)
(0.9791960339076343 -0.0003342417366187514 0)
(1.010214867676139 0.002009262011874276 4.70223445915523e-20)
(1.361961997544803 -0.313629941465332 -1.118396198856454e-18)
(1.120621213324624 -0.0454454234606841 -1.112894110719262e-19)
(0.9751889974767251 0.01258881154253266 4.611136855745943e-20)
(0.7733137343850349 0.01703858740214352 -3.656753408821859e-20)
(1.222774600629615 0.04843269029132503 0)
(1.213796608710184 -0.1324935504850683 -1.483394987366436e-19)
(1.085864088033653 -0.002402667584813395 0)
(1.009233542797092 0.0006521716786232525 2.268696588603391e-20)
(-0.196178430330211 -0.08467818748586647 0)
(0.9939710454987957 -0.004676530061208692 0)
(1.012319346045224 -0.02303736541114455 3.853826958326244e-20)
(0.7062957285578159 -0.01941624615836842 0)
(1.096797164956172 -0.01499815211308051 2.373538844245555e-21)
(1.038781714191502 0.004847032833882273 1.424715800414177e-20)
(0.6331900554475821 0.004163157704914268 0)
(1.444958582326099 -0.1239750213471242 0)
(0.9859098969851641 0.002205068342826414 -1.068052972260975e-20)
(1.069608626937758 -0.01503412870124871 0)
(1.037928507902886 0.0005762540231357299 2.055019405330809e-20)
(1.086485867808647 -0.003724571055190406 0)
(1.011104878011361 -0.006452395436161316 -1.261721150532606e-21)
(1.006156556635019 0.003303187909430064 0)
(1.009589738023057 0.00103632170291006 -9.805025289976518e-22)
(1.003952953053161 -0.02007026650761885 0)
(1.035358308337719 -0.005814747800041813 1.847491816522951e-20)
(-0.2072029567926239 0.04903366124436632 2.819900043108999e-19)
(0.8135335566669968 0.03595476027187415 6.047307724033032e-20)
(1.00503201907324 0.002312978560223464 0)
(1.121429119334424 0.01508507461002637 -1.269635553507059e-20)
(1.10836164026246 0.006077488841454416 9.642022765725023e-21)
(1.053970397631846 -0.01284449054823684 -1.328958552699071e-19)
(0.9987721557410535 0.01040432597345359 -4.075239432542921e-22)
(1.085262922786695 -0.005601423688331398 0)
(1.188165704330331 0.04939746850686071 0)
(0.8350057250545462 -0.07381851924436279 4.609350364669309e-19)
(1.092329502923961 -0.009759514765652882 0)
(1.033420623614716 0.008032594085114775 -7.72431707619719e-21)
(1.042678669714177 0.005402782670859583 5.653907646840165e-21)
(1.051487139007981 -0.05867753575905696 -7.569682551331471e-21)
(1.139720159847459 -0.002565271904061809 1.725479147436944e-19)
(1.078080801289085 0.003178473413749534 0)
(0.9946510174230215 0.001951670854944854 0)
(0.9983174336169151 -0.02537442883726299 -2.403504007381918e-21)
(0.9912011439531613 0.003419359018210511 0)
(1.029641361708109 -0.03649570182466083 6.518589986236572e-20)
(1.292748515445913 -0.09922994620870468 0)
(1.042642998863415 -0.003591417391732071 -3.001978961713897e-21)
(0.9861838845978463 0.01682233616417103 -9.104257846957654e-20)
(1.034640483076449 0.0430890008170919 -2.321245060114946e-21)
(-0.0834346864868989 0.1970269967473282 -1.730364791458021e-19)
(-0.06733394249457604 -0.2803122906497447 -1.317271681055927e-19)
(0.8663976621158558 0.1113582758620611 0)
(0.2756616492572659 -0.01650298981910059 -2.906845228746632e-19)
(1.011082800582434 -0.01282998399075252 -9.794471864148916e-21)
(1.064009962971312 0.002683020210510052 -2.063720576814777e-20)
(0.9929234152122841 -0.02171941147429134 3.052068903945112e-20)
(1.027255167995676 -0.02830582532440978 2.653557961517228e-21)
(1.009199932909236 -0.03021824323082627 -6.714449856943848e-20)
(0.9887628188313605 0.004914707311799693 -3.495337383539172e-20)
(0.993910062672532 0.004670182723204796 0)
(1.024313613789304 -0.001994081717742586 -3.509933983668156e-21)
(1.929541876437528 -0.1562630332119899 1.064441167097097e-18)
(1.050946332299799 -0.0165886575962697 0)
(0.996789290129139 0.007445545551764461 1.482608373272196e-20)
(1.003441348351838 -0.0005164107417590288 4.004741697982017e-20)
(1.175498501717888 0.1544167631667668 0)
(1.008340273309989 -0.02271389302985601 1.379654084556264e-21)
(0.9536699480216161 0.002671565331302595 0)
(1.037849351555701 0.0417108071012416 0)
(1.294747009277504 0.1490783471846985 2.164238406213276e-19)
(1.076338261002991 -0.004232458545233964 2.327200587173102e-20)
(1.016360140156048 0.03159648102614118 4.485202796247681e-20)
(1.077174731637881 0.002024362373901886 -2.241318722826596e-20)
(1.059225480649659 -0.02369200478895831 -1.306326717975059e-21)
(-0.388882052692421 -0.03882195376013976 0)
(0.9990000643709338 0.01248220859472724 0)
(0.1269538982003639 0.05515620270596289 -9.356654508054224e-20)
(1.005523261596014 0.02108637896771996 -3.991028655341871e-20)
(1.005662737504966 -0.02097519900470717 0)
(1.00062253480471 0.0054073187748853 -4.899074350689865e-21)
(1.081896726560365 -0.04222433298845506 0)
(0.9946316758202758 -0.01925610680898619 -8.094605558462968e-21)
(1.096067731839679 -0.0465123566023372 0)
(1.441093363407522 0.1695559444395359 0)
(1.054592923464865 -0.01174435753454862 0)
(0.9919320385570137 -0.02419541503638323 -4.104071612459505e-20)
(0.9855440700935615 -0.01927341283906353 -3.106857756219199e-21)
(1.018869053334264 -0.0211444627516999 -2.145618985202358e-20)
(0.9968853370059565 0.01718387730724799 -5.386408098766538e-20)
(0.9958441983339673 0.009309958207260733 -1.444906251730295e-20)
(0.9951884771097331 -0.02675172577066125 0)
(1.001601644209895 0.02491208642818378 1.87740527029463e-20)
(1.037216770082947 -0.02242490486539905 0)
(1.110541836647013 -0.03652556934322235 2.516524558262254e-19)
(0.9951356332016655 0.01674853504342649 4.463463176308098e-20)
(0.6150624705073033 -0.008689636414752259 0)
(1.156886290172796 0.1528593942069052 2.313074750720053e-22)
(0.8225557959024693 -0.08476041476910696 0)
(1.139111772893593 0.07251535860036727 -2.805567518797264e-19)
(1.313304698911011 -0.3878648340949709 1.273325193750042e-19)
(1.073754879568614 0.06696951259174772 -1.28815025543596e-20)
(1.011191624306478 -0.02959429571563551 0)
(0.9547920261840432 -0.2139458353791435 0)
(0.5464867299837045 0.1739901137690797 0)
(1.013640272593895 0.01404824314775189 1.006745949591418e-21)
(0.7145439936274283 -0.01088824170223461 0)
(0.9982706865668648 0.01655966957121114 3.436239222945528e-20)
(1.024422099544352 0.0001989090755374671 -2.655665677758198e-20)
(1.079097744484344 -0.008003174456780787 2.635559802936571e-21)
(1.051790228287793 -0.01906539316842328 2.600959067128735e-20)
(1.043003204404389 0.01111217263365741 0)
(1.053462945445729 0.02323652880625956 -9.213433651056339e-21)
(1.051436878852876 0.03566450094847724 -1.763418322299422e-20)
(0.9836655373072049 -0.02187458275213983 0)
(0.624886876389066 0.005128360410173522 9.175301515246265e-20)
(0.8941701756372872 -0.005943173943675542 -8.850615733376804e-20)
(0.9093527918509415 0.005234646508931358 1.448304992403132e-20)
(0.6296460958403467 -0.006424608037589537 1.411469070465975e-20)
(0.9801870051001634 -0.0004787835551512875 2.510899433576702e-20)
(1.004413594021745 -0.01760376832264896 -3.280802376182689e-20)
(0.9751815075877287 -0.01870777083377535 -2.805195698076918e-20)
(1.085621731877634 0.001501643541467272 0)
(1.018735440136779 0.005146632735561464 1.076322635008291e-20)
(1.133194876591533 0.04807589735407478 1.352512899127313e-19)
(1.032596923128548 0.04301947595144477 0)
(1.022373150408316 0.002634641487278622 0)
(1.580377923204704 -0.1678742038360344 4.350753136647658e-19)
(1.047407911066036 -0.02968388705490325 0)
(1.022549397150312 0.009620020524609939 -3.567394118805465e-20)
(1.085012018698317 0.0004937135968679859 0)
(0.4917672112097853 -0.001475460069471213 0)
(-0.02829900670794078 0.001273998112630307 0)
(0.9905942759783668 -0.02339634391834742 1.253384060955569e-20)
(1.29953535085544 -0.0966799094035137 3.656726406480855e-19)
(1.031442955768249 0.03845065111822367 0)
(1.022648934544545 0.003497899992957097 -2.178890899061964e-20)
(0.930784570024179 -0.1640778333957882 -5.412246337639192e-21)
(1.254618290259238 0.07279170975349487 0)
(0.5989990500579151 0.732101180024845 0)
(1.304826911567244 0.1414385515418111 1.042104964016107e-19)
(1.672993984323615 -0.02651533092757059 0)
(1.070677475644592 0.1330462795194438 0)
(0.7322004128701634 0.003068879456669015 3.636240187903758e-21)
(1.047794655674561 0.04902914268579722 0)
(0.73062821296645 0.1050455232250138 1.346625387705508e-19)
(0.9968271659569007 -0.01624480220973821 3.586894372987216e-19)
(1.037173744697997 -0.03818748377429913 2.650713370265935e-20)
(-0.3698255809006717 -0.05403860894589877 0)
(1.071879122039071 -0.01611672783286243 0)
(1.089120382204419 -0.01591273777927764 0)
(0.6472808358621434 -0.5008227273072785 -2.506603214436901e-19)
(0.9913539868186826 0.0001411998863569122 0)
(1.091949279427654 -0.02221142558089364 6.881777353231102e-22)
(1.189139406396084 0.1207748677732711 -2.052016357328257e-19)
(1.097626140209757 -0.0392882738835218 0)
(1.005278687288939 -0.02073387720240518 0)
(0.7917118626320947 -0.1975583723618831 -1.710077618158074e-19)
(0.8951292458175762 -0.1442242743443124 1.468884196922801e-19)
(1.03297313178559 0.01088517734713127 -2.051692448581703e-20)
(1.023134510490314 -0.009210588303451388 -4.254942444581972e-20)
(0.8680588319667409 -0.002288679261270995 -1.294281969989078e-22)
(1.50214436011075 -0.1944454887407406 0)
(1.304848078033114 0.1095374680150057 3.060260242090469e-20)
(1.241868522349563 -0.0796314585853229 -3.179519237872201e-21)
(1.095894539684908 -0.01882910355993947 -3.999365659001017e-20)
(1.040719601757876 -0.01874618319521361 3.056404561763559e-20)
(1.092801769428116 -0.03917688785129132 9.584099583407045e-20)
(1.032678166098985 0.0201763260441274 0)
(1.050652787333856 -0.03240084974116952 0)
(1.11586014922818 -0.009035430581139939 0)
(1.099181604858932 -0.03246404278780404 0)
(0.9981602842614659 0.01070115991660924 0)
(1.154569152630792 0.07729040532507074 9.332274073802134e-20)
(1.344806544880055 -0.1606491528028299 0)
(1.042773006033487 -0.02501013663481767 -2.452418330327126e-22)
(1.050519751646247 0.05529559364294827 0)
(1.009968672443479 0.01420913816836842 -3.799781966500056e-20)
(1.033483269701335 -0.008004294247086428 9.388115635442027e-21)
(1.088992191584818 0.01333044754870235 -3.158968864087028e-20)
(1.084130440828507 -0.02936338143863461 0)
(1.075047347798828 -0.004171672268506536 0)
(1.100337274754246 0.09244251164727826 -1.396816286838576e-18)
(0.9348712061295954 -0.1481364477166396 -7.114432677655273e-20)
(1.180611761994441 0.111595329916556 1.130386451212663e-19)
(-0.4531958132514829 -0.02557953418082542 -2.928282502377363e-19)
(1.018946297497182 0.02973686197441086 -8.540142952386288e-20)
(1.007318595212267 -0.004043262020359356 0)
(-0.2502827448184555 0.007809783105468803 3.577753111075142e-19)
(-0.0402772074780544 0.3355031615525186 7.792197926960181e-21)
(0.9952126060173265 -0.006322546964769502 8.866614000632228e-20)
(0.1841086263235384 -0.04308946750824904 1.311138216793789e-19)
(1.093032075572971 0.09164773211303415 1.465066083024014e-20)
(0.09331345021908798 -0.1072086770327894 -5.355030893894567e-20)
(1.108115637261385 0.003154958730727157 0)
(1.093176179193803 0.2492627910881342 0)
(1.021256583465012 0.021871974923949 -1.672611785220731e-20)
(1.065131313966394 0.06046623838093229 0)
(1.024062280809434 0.02498385866512338 -8.543531315518576e-21)
(1.260200447519908 -0.5475979674431987 7.976829856972821e-19)
(-0.08759056274894468 -0.2282490100499185 2.076890412949838e-19)
(1.297697896316476 0.1104713504049488 -6.099638128686234e-19)
(1.124781414285597 0.0008154264513530132 0)
(1.132994459901307 0.1067544646889369 0)
(0.5198374652801258 0.07652579392461116 2.417462378093029e-19)
(1.022947214331692 -0.02073131984092463 9.611659121358725e-20)
(1.005502415905895 -0.02327187335423283 0)
(1.213206085512679 0.271386135897191 -9.849668253808478e-20)
(1.250852528152137 0.1264886896695555 -1.491947887157338e-19)
(1.026479471722961 0.002775556143677271 1.596227267559919e-20)
(1.295283994751189 -0.08503955220221707 -4.943949771371492e-19)
(0.3104852311753791 -0.02399557701450962 2.878681230714715e-19)
(0.835946773290674 -0.1508681040245468 6.932067302900549e-19)
(1.052895795902671 0.06993551851907251 1.095271335512021e-19)
(1.039886184791841 -0.002344234824162138 1.280241490209674e-21)
(1.000712684671289 0.01964530232834319 2.839691742117366e-20)
(1.06648128222261 -0.03687763919802234 0)
(1.03448463156069 -0.03844238101396321 -1.432203238412237e-19)
(1.017513891999699 0.03544704571277996 -4.572884400146515e-20)
(-0.06815612933631544 0.08843820005502463 -4.898355931975557e-19)
(1.010729536100743 -0.05770808022353226 0)
(0.8947598297520211 0.007131729579109979 0)
(1.092782873695325 0.000631525789655515 0)
(1.358342927215256 0.2554854698070955 3.730551100518266e-19)
(1.691769694103946 0.1023312591103878 1.318047646910963e-18)
(1.403665269445554 0.1444823408116891 0)
(1.030514419317909 0.02213686974616263 1.050431334181728e-20)
(0.3429877167926896 0.02984431751112983 3.264820260407835e-19)
(1.12334293416624 -0.00100408300818939 0)
(1.100994431621915 -0.02455041342571786 3.256917152957414e-21)
(1.09889882888638 -0.02820031272367513 2.544826696250276e-22)
(1.142636831555967 0.1020425669932791 0)
(1.299437461263693 0.05326498805996331 0)
(1.040096292367114 0.000881978302084575 1.159167148667893e-20)
(-0.1488752992548805 -0.1003224156435631 -3.8780067511245e-19)
(1.328445913144602 -0.1565703862544459 -2.18217739326675e-19)
(1.067915521008397 -0.007362772626237731 0)
(1.013604411386843 0.01533470792426842 3.001945315815664e-20)
(1.142719634735643 -0.09147492204965146 0)
(1.015867430520611 -0.01768162508845158 -1.14882656077279e-19)
(1.030681356135188 0.007778698142325919 0)
(1.509570335020512 0.08579241996396318 -2.797691662100711e-19)
(-0.07168402206522446 0.04784031250498987 7.531241593469401e-19)
(1.098577308763484 0.0504653299345452 2.053977254943979e-20)
(1.093115447410337 0.07881686063635539 2.1530867565645e-19)
(1.009876711067063 0.008410419904348976 -6.062206222155988e-21)
(0.003456743371163968 -0.1137862924293749 -4.855697347895119e-20)
(0.02225819754464429 0.1112653121191682 3.69776867063642e-19)
(1.238720365652356 0.1345486291443389 -1.578907284900992e-19)
(1.109176213877064 0.09728517113716571 0)
(1.088026689251473 0.02486586766345431 1.790095211175442e-19)
(1.00717403129193 0.02201088807508998 1.769829553952917e-19)
(1.028728137698408 0.001175924574902697 -3.688658113611252e-20)
(1.221412673389835 0.1345476968589512 2.580337887168563e-19)
(1.398970852877737 -0.1359054655611428 -2.103636636239959e-19)
(1.066191363593875 0.0500350234017522 -7.411740867679083e-20)
(0.9937936878669422 0.006673050976044145 0)
(1.08409218762447 0.0768964256522504 0)
(0.9785608335675035 0.006183731370140899 0)
(0.9964950158750537 0.008372479131494779 2.280912619897412e-20)
(0.4959084237674911 -0.0758475836473286 0)
(0.9907000271592492 0.003887823042287947 -4.504594192989621e-23)
(1.288472129140163 0.07494586983628276 0)
(1.007465483028646 0.007765536961664396 2.174550725371935e-20)
(0.8150011682280346 -0.1268665245994549 5.844394377393575e-20)
(1.101783380471335 -0.02202876339316474 -9.271206691676135e-21)
(0.939829159759843 0.01660115679000896 -1.771144364127749e-20)
(1.44514168216364 -0.2871326482761484 -5.399369027144541e-19)
(1.139043939066724 -0.09278966206720844 4.762464192104856e-19)
(1.088835357286296 -0.02516484072456835 0)
(1.928637465735386 -0.4701446163806935 0)
(1.619158848605521 0.1875264293972748 0)
(0.9852906404897452 0.005634707129845395 -9.367745458750449e-21)
(0.8609180841503098 0.7757771736501115 2.429941816112065e-19)
(-0.0121891829059126 0.2161186914994802 5.523325013080892e-19)
(1.043556658114234 0.009263834476167873 0)
(-0.2151642100439133 -0.08256811691094086 2.059467159828893e-19)
(0.9843101333629187 -0.001998777759587988 4.093896899920416e-20)
(1.182100431650165 0.1616822526355972 -1.657960769377895e-20)
(1.044445704888623 -0.02237952416774695 5.399520676733957e-20)
(1.053901677710739 -0.1436966629849575 1.483299376575586e-19)
(1.133700553673469 -0.001416747495234717 4.542984291262666e-21)
(1.108906793315831 -0.01945596403522467 0)
(1.312869446316687 0.5313796792307348 -6.065198349532587e-19)
(1.030560971255616 -0.005164279340480712 -2.2169418216711e-20)
(-0.2857894792249329 -0.07285887185101882 -1.992537726036759e-19)
(0.6795457131363775 0.01846983913137294 0)
(1.085051840844611 -0.6965327659804181 -4.79004353832293e-20)
(1.317583481715385 0.08530632569482546 -1.11374521739417e-18)
(1.113763851486256 -0.1082419560496647 0)
(1.088887952566131 0.2802743006988389 0)
(0.9724862468252391 0.003897791375531531 -6.174104301885042e-19)
(1.06182109686491 0.01055708226582343 -4.289584764147545e-21)
(0.9246212468465458 -0.01209963793484841 0)
(1.09059148299744 0.03087251880583181 -1.757814604318245e-20)
(1.365539412606737 0.2118288909814787 -1.829047833910471e-19)
(0.7325084333102498 0.09988633173036117 -1.049973234797278e-18)
(1.078725120367265 -0.0005669492669085186 0)
(1.26388314902296 -0.06174599514591465 7.112038068449428e-20)
(1.006266881379137 0.0002252460881253316 0)
(0.8472291827525893 -0.7731686730831395 -4.114376020902606e-22)
(1.081370937926952 -0.05223964246285934 -1.07034942845665e-19)
(0.8772720496214134 0.3269385830597173 2.910076099230764e-19)
(0.8381325441749093 -0.2025758992625538 0)
(1.030213821810631 -0.03500577111501069 0)
(1.053580342636457 -0.0287876508411744 0)
(1.00740176229733 0.0005347505541491749 0)
(0.9811642146142721 0.006199476910063362 0)
(1.352297083282491 -0.2400337398364793 0)
(-0.09528084423947786 0.1794976875535822 2.418415519034394e-19)
(-0.05151872910185357 0.06351001732367841 -6.994115180508392e-20)
(0.2306567093680054 -0.1180332256508023 -4.245805708119857e-19)
(1.516599434253312 -0.4376623755413903 0)
(1.034223921040169 -0.01646716949405201 0)
(1.767851751666031 -0.756894715601709 -2.331623156372383e-19)
(1.131782307783202 0.0008929037069156235 7.215019902370251e-21)
(1.326647326135975 -0.09367878675868495 2.858314396588078e-19)
(1.110201932449137 0.7105709290360758 1.450108244130065e-20)
(0.3396749679096662 0.5959339549365654 -2.147979771324814e-19)
(0.6771817306788843 0.4616080417266055 -4.740967668776365e-19)
(1.056644746534951 -0.1610571098672317 -2.041435182241416e-20)
(1.223884155828913 -0.3590903377913564 0)
(-0.04947150618375067 0.2059765772574293 -7.552116848722619e-19)
(1.047306149948813 0.02302937245657762 0)
(1.10794662317693 0.04185242022019604 -1.557983878742134e-19)
(0.8164933188579403 0.8997702295373957 0)
(1.064991257709083 0.04170887874653982 7.206330727755991e-21)
(0.2681210713972449 -0.06186921425470646 0)
(1.105830548755727 0.03168376874173306 2.388007916027175e-20)
(1.37418261062133 0.325093827971442 -5.598340218984862e-19)
(1.074408029235136 -0.01294229638064422 -1.679626077924372e-19)
(1.473380696719427 0.1588729137891817 -2.558672883027092e-19)
(1.334013842985555 0.4195330949075944 0)
(1.177737910321788 -0.2731639567259457 0)
(1.304226526040666 -0.1400517246161931 -1.23764988512368e-19)
(1.066829187017989 0.01621976834856469 -3.330162013994304e-20)
(1.060693722072932 -0.01197232451333723 0)
(0.7360775256092197 0.1414524293775054 -1.118408781287499e-19)
(0.7725864253214652 -0.5741306218859382 -5.858490542614611e-20)
(0.6669489900440408 0.2062693583128893 9.55989304150713e-19)
(0.9698394751468176 0.1084071591576619 3.281892793844487e-19)
(-0.002690479585604083 0.09130686211028256 0)
(0.5544406218260741 0.01423306176463187 -6.386621252840425e-19)
(1.057726637342301 -0.03946664661919218 -1.905741773194868e-21)
(0.7029786006669564 -0.1235824268446395 -2.831220965579621e-19)
(0.000363417885575906 0.2344637851921452 -3.076971073271129e-19)
(1.180312299067753 -0.07995596468622695 0)
(0.398514200499267 0.01526520314335439 0)
(0.1609908638077661 0.3750655011746387 0)
(1.445349937575083 -0.2659988984184618 0)
(0.2334007224707712 -0.3548282927288566 -6.450461117001573e-19)
(1.592628990181699 0.03824808318273373 -3.849707129003365e-19)
(1.024717584797864 -0.2006455802826168 0)
(0.6653459030740276 0.02027314366245553 2.433197398389213e-19)
(1.024536763396608 -0.01115208825150265 3.570471329074451e-20)
(1.139475003804348 0.2366322500004164 0)
(1.738953978411845 -0.1133606853111599 0)
(0.5795277551171532 -0.7344031280764436 -6.662733426380772e-20)
(1.270203841377808 -0.1118623705521498 -1.018252418847247e-19)
(1.409639835037609 -0.08815711668240774 -4.364689714170686e-19)
(1.486928662991792 -0.06803942635789981 3.707145501038136e-19)
(0.096221282906294 0.1036247675757087 0)
(-0.111092111925176 0.09174979819463784 2.875313279591446e-19)
(1.038116321352255 -0.06321505621306235 -4.797188627249429e-21)
(1.119344183722537 -0.1400087311699759 0)
(0.6398672173461861 -0.3536393058453637 5.240078391917537e-19)
(1.048704227429676 -0.06314413373306529 1.341728893425725e-20)
(0.8533992847558255 -0.1457254548569917 0)
(1.316387672942501 -0.139411002299707 -1.090268677533647e-20)
(1.122302032520519 0.08245413765320248 -4.374018398429973e-20)
(1.091074546436802 -0.004981414147915478 0)
(1.129838929849439 0.5719629691959659 -1.13673301194107e-19)
(0.3411973844973 -0.5963626466994836 0)
(1.060855310648587 -0.003359759593677877 2.81913905747709e-20)
(1.097048743444284 -0.006198317489541394 2.697956788310392e-19)
(0.09330660577583516 0.1500960930686892 -1.72019447232541e-19)
(1.183451435945443 1.004546600979895 -2.265662562452098e-19)
(1.366586448705491 -0.13832950304403 -8.72879428892707e-20)
(0.9313454854138954 0.1200606115658926 6.616448914578061e-20)
(0.9974566172943315 0.003929399618531415 1.028272552736454e-20)
(1.062634092021366 -0.150882353038642 1.843311618367619e-20)
(1.504904110877473 -0.946489057604725 -5.188304491571278e-19)
(1.536222403523736 0.9525504245745253 2.384653790500495e-20)
(1.428010787902688 0.2220425837541286 3.350249559190187e-19)
(1.028289658600989 -0.007482227425741437 2.100068596806212e-19)
(1.035272148495536 -0.03315237118919287 1.570871208440719e-19)
(0.9917470214229296 0.02241876602478962 -1.88420196154965e-20)
(1.058059681214392 0.03832513974735759 -1.490045284576864e-19)
(1.078525180731091 -0.06546569938085083 2.800131607714312e-20)
(1.43849283099576 -0.1391996827037717 3.436029252788495e-19)
(1.823892699476815 0.7501555255660067 1.875090223850861e-19)
(1.032158925742679 0.03236290900746323 9.914469502487053e-21)
(1.071990887588037 0.01349505542449947 -1.076361147809438e-19)
(1.992104475592172 0.478753299414023 5.397146457734148e-19)
(1.935392055720569 0.1599939707746525 9.416908515718293e-19)
(1.083545246840629 0.6407481543691557 -1.001901925874572e-19)
(1.110638466741236 0.1721051287829792 0)
(1.044129817330435 0.02298569154502142 0)
(0.5114692096243528 0.4420229471866419 1.155219490562989e-18)
(1.373297513121422 -0.2983189728716424 1.853390459831457e-19)
(1.186003662425879 -0.1536766724101518 0)
(1.637387729701996 0.2360086590932339 -6.255471069689085e-20)
(0.8122203891283313 -0.1561942451410319 -1.304804231194436e-19)
(1.324991913394149 -0.2091098205674851 -8.949780531659682e-20)
(1.252034702539272 0.3907006444447284 1.466158296405051e-19)
(0.4926585739560924 0.1989437725901269 -5.583070734833434e-19)
(1.693050882521141 -0.02121652002570031 3.322754258076141e-20)
(0.8544777804811426 -0.5426590840881281 2.343643210155274e-19)
(0.9987684119340663 0.02394691227194266 0)
(1.624189135010639 -0.1886876519447037 -3.15048638369173e-19)
(1.090891230251943 0.100766080975546 0)
(1.342033043163699 0.5826319278582056 0)
(0.940947036178526 -0.4119166749937814 -2.820907944863007e-20)
(1.248361611494264 -0.02806966202432157 0)
(1.038128436358012 -0.00389580179186218 -1.27049456149898e-19)
(0.7210685418330424 0.1085858699313175 2.964388310961434e-19)
(1.321196601046286 -0.5799878970954099 -5.512032162466485e-19)
(1.049796792070247 -0.6310628905858189 8.35904781962788e-21)
(0.3506102330097333 -0.3737879918115395 -8.59156687579123e-20)
(1.006799162686686 -0.09498187066733509 0)
(0.446177526581042 0.3055136591319135 1.675841704878914e-18)
(0.2698157478247988 0.02312111881959219 0)
(1.314917136923743 -0.1423323045783338 8.153515431595912e-20)
(1.572776901921212 0.1887657930148572 0)
(1.168715889516022 0.4483648193928757 1.367339435181256e-19)
(1.054066870773219 0.1536506859360418 -6.065510747802907e-20)
(1.031725746904968 0.004349295493579584 -2.054681600951122e-19)
(0.9583856501887462 0.4112191496765114 0)
(1.159912399202354 -1.007809383739737 5.712942215590765e-20)
(0.8910850187079479 0.01115995962287007 0)
(1.070688567725768 0.3805873111036095 0)
(1.052403578314939 0.03256806710321851 -4.122497455318003e-21)
(1.469874731625103 -0.2990919572306164 0)
(1.242176362327335 -0.1848060776284959 -2.908774092835254e-19)
(0.005545123105450872 0.008706947549349843 -1.978118895169046e-19)
(0.2397405934762113 0.02267779893051389 8.860899829841899e-19)
(0.9807389423898062 -0.09776166803246471 0)
(0.4732827237543671 0.6510763845119946 -2.522241684704943e-19)
(0.9175477902281052 0.03147783991244797 0)
(1.541257621359733 0.4159237166778763 5.525499967549077e-19)
(0.4702434222009538 0.1347645129708326 -5.919696130442213e-19)
(0.05850950448149532 0.1715849744270435 0)
(-0.4136315741331751 -0.05373009655549096 0)
(1.032273706792538 -0.0003377830741566068 1.302752615800232e-20)
(1.654986448551229 -0.226155751814213 -1.092323462362421e-18)
(1.107338922268024 -0.561588603808198 2.325249970963148e-19)
(0.7825328315108085 0.3356527832013343 -8.69550856073666e-19)
(0.9063132708031935 0.1301853564575624 1.42614921772493e-19)
(1.044025688750745 -0.003587803137713005 0)
(-0.2845054545259834 -0.1021511957321059 3.918799556294262e-19)
(1.033644700463028 0.04674688031885536 0)
(1.202056777254244 -0.2466704744952713 0)
(1.565596318846344 -0.1917484509301748 5.229410203027673e-19)
(1.127691277096001 0.07483598807276609 -7.489552247466249e-20)
(1.079008518758096 -0.1478056785560369 8.18844154484757e-20)
(-0.02711254809849273 0.08055537277356971 3.383297533859633e-19)
(-0.0678301837057933 -0.1693144629462063 2.617066746399043e-19)
(1.067803329334008 0.2099325549581861 0)
(1.098796034014325 0.05932442979796859 2.097206487234489e-19)
(1.489650647139217 0.2838220867794421 -3.561887389354991e-19)
(1.320397965066952 -0.4864971929934384 2.337957488274296e-19)
(1.143947591174016 -0.1502842352529259 0)
(1.122138587190757 0.1507449645699391 0)
(0.5253999413873855 -0.6859980804980628 4.183231829553364e-19)
(1.314735184906845 -0.04142865421488942 -3.018941634930177e-19)
(0.9969710409809047 0.1005733556887579 2.452532657676613e-19)
(0.3132269989128928 0.360264857531076 -8.863826192410773e-19)
(1.022704628915683 0.1066955622178161 -4.037403575012571e-19)
(1.035714966807245 -0.3947646927505399 -5.427659778588154e-20)
(1.462836200522055 0.1071702472694352 -6.590889497881386e-19)
(0.7780399389745867 -0.8819303249880982 0)
(1.056466179302386 -0.0309600265582192 0)
(1.127666498361066 0.1600203567052774 0)
(1.620655256688756 -0.04227396969989106 0)
(0.8161629794834738 0.5959444392019411 -1.985521058010246e-20)
(1.489184140278056 -0.3569021862873845 4.511152662203187e-19)
(1.544516922585621 0.1463729038943805 0)
(1.134294851075994 -0.457829927248293 -1.5915729777122e-19)
(1.464208063915308 0.3439008188457099 -3.587611476953501e-19)
(1.010081105771686 0.02865166752855777 0)
(0.2194701067983237 0.004749795481213268 -2.500755307283912e-19)
(1.339055174519303 0.511282617031478 0)
(0.9749538352051889 0.007236471462912645 -3.914851610931403e-20)
(0.7626092721279514 -0.2992285520122003 -2.077797438770731e-19)
(0.5084253154127951 -0.07999187362195113 7.8927162577096e-19)
(0.2302239335660756 0.05232752135653737 3.714054698767888e-19)
(1.061342258969672 -0.1379091594356427 0)
(0.03596448432875064 -0.0006341167078104705 0)
(0.3457243512692585 0.04290483649514935 -3.01170423517827e-19)
(1.006129584321104 0.01784831053234477 0)
(1.455799166248219 -0.01057453134638063 0)
(1.007285029561559 0.0293020458032845 0)
(0.4678410821626496 -0.2717085737990336 -1.009618691332952e-18)
(1.049537104879762 0.0888543933943914 0)
(1.527203473735035 0.03890207312048719 0)
(0.238455690621082 0.110647780970391 5.467091471360042e-19)
(0.8788641095274684 -0.3207237856665497 0)
(1.368381710094063 0.05118452937100575 2.721580055089093e-19)
(1.239606259310015 0.2047503436033368 2.101661764247468e-20)
(0.8997427172046341 0.5555011379315771 1.505254918297726e-20)
(1.034285409117167 0.09955465699842188 4.520319088228052e-20)
(1.031624550541593 -0.1482318182315079 0)
(1.369341372636908 -0.0249508426212009 0)
(1.288353445171788 -0.1260539990201237 0)
(0.6244495371442694 -0.03830141170637423 -1.364272000119346e-19)
)
;

boundaryField
{
    FrontBack
    {
        type            empty;
    }
    Top
    {
        type            noSlip;
    }
    In
    {
        type            fixedValue;
        value           uniform (1 0 0);
    }
    Bottom
    {
        type            noSlip;
    }
    Out
    {
        type            zeroGradient;
    }
    circle
    {
        type            noSlip;
    }
}


// ************************************************************************* //
