/*--------------------------------*- C++ -*----------------------------------*\
| =========                 |                                                 |
| \\      /  F ield         | OpenFOAM: The Open Source CFD Toolbox           |
|  \\    /   O peration     | Version:  2412                                  |
|   \\  /    A nd           | Website:  www.openfoam.com                      |
|    \\/     M anipulation  |                                                 |
\*---------------------------------------------------------------------------*/
FoamFile
{
    version     2.0;
    format      ascii;
    arch        "LSB;label=32;scalar=64";
    class       volVectorField;
    location    "799.5";
    object      U;
}
// * * * * * * * * * * * * * * * * * * * * * * * * * * * * * * * * * * * * * //

dimensions      [0 1 -1 0 0 0 0];

internalField   nonuniform List<vector> 
808
(
(0.7562613558300124 -0.01750323277052913 0)
(1.031547956122355 -0.01262737146900173 0)
(1.111301970491361 -0.006447569952916303 -1.733226780319308e-20)
(1.085120610788882 0.01260059024148001 0)
(1.36416327868326 0.01418466961243347 -3.857952783165595e-19)
(1.038751319272208 -0.009378062024199836 -7.285461612777198e-20)
(1.014166208045543 -0.02111899161887449 -2.410003338749111e-20)
(1.079160005771072 -0.005407665734339335 9.058362030910459e-21)
(1.25474448824715 -0.02052513911955499 6.305260455920801e-20)
(1.085152044242199 0.01017129198104234 0)
(1.009360224698925 -0.007962876955969202 0)
(1.306325316303447 -0.0536419981960846 -3.506978367894631e-19)
(1.086284512230173 -0.00201929140602231 2.04330274663133e-20)
(0.6752010115891203 0.006363310794640388 0)
(1.278012978675877 -0.1149060321541418 0)
(1.081534770921404 -0.0003235856459068311 -3.858695374196258e-20)
(1.225493991605461 -0.1435658727359186 -9.503651065232958e-20)
(1.073987766142112 -0.0001723835034608825 3.200523264510018e-20)
(0.9904765482206582 0.003502498754856402 0)
(1.026385351848383 0.009699001217666054 0)
(1.033263675503962 -0.01095700788667994 0)
(0.9875291081971271 0.04472135715868036 0)
(1.05111803370588 -0.00593829481921302 5.697311591670482e-20)
(1.053650341766506 0.00921426922894991 0)
(0.9328424840032249 0.1974155558956617 4.587339746829516e-19)
(1.164298977642582 -0.08467993551635961 0)
(1.186093773007592 -0.0189664461021004 1.563153501344563e-19)
(1.077368488230665 0.009570303466841113 5.217313471960145e-20)
(1.083643487511725 0.002287763944781382 5.098002466595203e-21)
(1.071759893418154 0.03088373933864978 0)
(1.075296965016171 0.002820046316828725 -1.179348480154462e-20)
(1.033083831572236 0.006860264856420651 -1.916046156856489e-19)
(1.060010191992001 0.01464336368387438 -2.359153588289431e-20)
(1.088937652981838 0.005625111323149753 -2.936490923585471e-20)
(1.121122544084584 0.03901878460883377 0)
(0.7550429370176088 -0.1235129084535769 -4.541130731233362e-19)
(0.9548152354982841 -0.005864869442776663 0)
(1.068781162182473 0.02223005562373905 0)
(1.068801714100814 0.007287720716440287 0)
(1.073740074608883 0.00887979636900769 -2.826139603789455e-20)
(1.092798511974359 0.02454661751701062 1.097789640747259e-19)
(1.151071170799309 0.003391344923912031 2.151437996167498e-19)
(1.095991069566636 -0.002254464907785961 0)
(1.015379784955119 -0.009132908637565483 0)
(1.132875096837318 -0.09317322572363956 -1.62566564502771e-19)
(1.044091240508151 -0.01160891134279826 -8.201644485657314e-20)
(1.058113806579332 0.02662459009408403 -2.716499875105045e-20)
(1.231413959042718 -0.112393781326407 -5.585300752988742e-20)
(1.067537401347902 0.0120503190075574 -4.144702149780671e-20)
(1.258430910344199 0.01688319346029036 0)
(0.9965520761770794 -0.01923188077240516 2.193682300353113e-21)
(1.044727364803981 -0.001923379180647503 0)
(1.087594305387176 -0.002064451838139675 0)
(0.9994514380368628 0.007220430703990567 -1.848633086833198e-20)
(1.250509647601124 0.03390250764401127 -2.360643091966295e-19)
(1.063479542495757 0.01806973988183647 5.979060345331414e-20)
(0.9919720240332682 0.01051787050837637 0)
(1.018454259413485 -0.006464360624457232 2.446127603490629e-20)
(1.107612107492351 -0.0004591687921586618 -1.177654982964416e-19)
(1.061079433393752 0.03109002682316123 0)
(-0.08926820097825268 0.008087808309875396 7.535972204801892e-20)
(1.15506056924159 -0.05194396454529667 -1.882196277845365e-19)
(1.006710014090718 -0.005940447474336468 -2.686473598408277e-20)
(1.187141503548824 0.06933694367005536 -1.223972236446608e-19)
(0.9976318965896924 -0.009334387098729822 3.080102154086905e-20)
(1.084325363133478 -0.005471401692302149 0)
(1.249120135495707 0.09679474498847468 0)
(0.6960840157764256 0.003181379542906129 -7.439736714315612e-20)
(0.9886895382392449 -0.0136919507957871 -3.209224741596191e-20)
(1.460489809145082 -0.01894746359474739 4.443185269272414e-19)
(1.060477010081172 0.007611518455538854 -6.626475257539082e-20)
(1.368541016261015 0.09531702105361331 2.87339004814478e-19)
(1.054804603563402 0.006871220410556253 -1.956482349525058e-22)
(1.081080182452032 -0.01386697600407871 -3.037970544444983e-22)
(1.16498509040549 -0.2363905684426094 0)
(1.02176959850908 -0.01493383121226525 0)
(1.016977658067248 0.01793043099822771 -3.054367785813569e-20)
(1.385785498454921 0.3484442458770248 4.189987533046731e-19)
(1.097320294424409 -0.04248407713169789 9.520329929496659e-20)
(1.045605410593335 0.2094912513136007 2.473053350641278e-19)
(1.124557916901019 -0.06018170457205581 1.166695089957233e-19)
(0.9219366381897661 0.005142258355759896 0)
(0.9753349301357586 0.01850811604372091 0)
(1.004079093802736 -0.04880261093278559 2.909180173850414e-21)
(1.009835146201356 -0.01335221100447344 7.753156620011615e-21)
(1.029943333065201 0.02678536837906113 1.374036133690287e-20)
(1.529718542118655 0.03498863975642249 3.242160150229789e-19)
(1.289022596400058 0.07097865117791595 5.569454543336165e-19)
(1.072321123720757 0.003119616235561422 -9.01512068819662e-20)
(1.196580239517551 -0.09271254414432949 0)
(1.033743667102788 0.001925862669563371 1.317197340045128e-19)
(1.165338017686933 0.02205285822155953 -3.180612357350497e-19)
(1.001455291245961 0.03240045465867437 0)
(0.9996261318225919 0.002029139442658464 0)
(1.044435650288383 6.584607126372672e-05 7.89442662247638e-20)
(1.215540362386995 0.1110572174477107 4.138366599908728e-19)
(1.011101048364169 0.006988952895409009 0)
(1.091843482739685 -0.06824379738444439 -1.059278540358452e-19)
(1.151142384730357 0.03764692679495406 0)
(1.215556866007909 0.0951084985012326 -1.942423679712899e-19)
(1.108218559209079 -0.02883747818378577 -7.773147418604342e-20)
(1.027245366951929 0.01186586589071037 0)
(1.08501527548418 -0.004599086630081875 0)
(1.018931450388597 0.02628370335011807 7.973609805681493e-20)
(1.071944845339619 0.05620924019254534 -9.623547908818531e-21)
(1.103813377747134 -0.004133391489687384 6.355211650232123e-20)
(1.11042955127218 -0.09267693552473948 1.497569164383479e-19)
(0.9639564573328565 0.004663561166193547 0)
(1.065955070969512 0.03115576078274807 3.756860036283645e-20)
(1.169013934519358 -0.07660536103442193 2.300344022845121e-19)
(1.05130206905246 0.04684262170411638 -2.880546129792471e-20)
(1.022706161894402 0.06751375585193242 3.691850187420264e-20)
(1.090191781761677 0.02602425017917266 0)
(1.017815735121145 0.01621504309155933 0)
(1.028999779595241 0.009381012967371049 7.85660379511233e-20)
(0.9486034430358283 -0.0332371484086546 0)
(1.052730642824919 -0.005523098530280378 -7.626252593341471e-21)
(1.342713377900156 0.05766741472593798 -1.563377388702199e-19)
(1.079850684126431 -0.01311988381549001 2.654792828359985e-20)
(0.7439551684167434 -0.001723333961842412 0)
(0.591507912527773 0.1939987791502557 -1.066028958797675e-19)
(0.7062054593673592 -0.002504229392849965 0)
(0.6987598590747617 0.01462393950443666 0)
(1.077650863117747 0.003672389766638198 -6.622664600296079e-22)
(0.9906508002494242 0.01451160452199471 0)
(1.278455186459102 0.1224188230813925 2.518365754061876e-19)
(1.012303070444863 -0.02782420928796729 -7.646595495830542e-21)
(1.046028893292313 0.01869998300514806 1.613710977839142e-21)
(1.05869869926803 -0.01180804010037874 0)
(1.126641585845045 -0.009110095413646654 -5.065564998670453e-20)
(1.271494377344342 0.1360037917574865 -2.29452054084902e-19)
(1.089325522135334 -0.01106547318364537 -8.621925899850386e-20)
(1.070341648756375 0.02680026096645987 -1.088260942730417e-19)
(1.040835068816664 0.04676571823599034 7.189726659927122e-20)
(1.022626129214153 -0.003747006194826732 -3.474238510838308e-20)
(1.060843432572182 0.02358571489978977 5.874089750239402e-21)
(1.134436752171076 0.002014239813131159 1.038997454067435e-20)
(1.039056463937766 -0.0153564051987833 -4.814571521899818e-22)
(1.087376129187793 0.03471685890238015 0)
(1.028064682493008 0.01371056106763716 0)
(0.7702206896551032 -0.07095469890109669 -1.810366677813093e-19)
(1.030227689363639 -0.001644967069814238 -6.729944403050927e-20)
(1.129616958632834 -0.004749999762177917 -1.249736064529724e-20)
(0.7034196562155619 0.006571918571395561 7.226194760119949e-20)
(1.174755695461789 0.01992450866100257 -1.94700545899558e-19)
(1.136699135647225 0.007381823289855551 5.008666270303505e-21)
(1.128979217193671 -0.01001699670722974 3.42153266089751e-20)
(1.000935495405719 -0.002942343170470585 -7.171993631884551e-20)
(1.103307326576564 -0.06280052977929809 0)
(0.9885956712588083 0.005112503196639066 0)
(1.057822846106369 0.007045867296244245 0)
(1.005488943717091 0.1881426072054289 -2.416953466137283e-19)
(0.7791691043510049 0.01242578795976231 0)
(0.8569470356223833 0.1009057594249559 -8.325898098078739e-20)
(0.08133267488154314 0.03544553000205668 -2.980123418723714e-19)
(1.171884145897558 -0.03026078057411345 -2.265033980512869e-20)
(0.6713047943571431 -0.007306900948915592 2.448566433159641e-20)
(1.167987745848683 -0.09986809643391434 6.889909610654078e-20)
(1.123671316407491 -0.00288628792259882 -5.696934641640788e-21)
(1.154286286445827 -0.04822562057047802 2.201046426548716e-20)
(0.09635658763522986 -0.2187220596271922 0)
(0.2376238887523169 0.07358030379592138 0)
(1.261304375643781 0.1094425607733073 1.899997568286615e-19)
(1.021081096021077 0.019796444947837 0)
(0.7378269401915238 -0.006250034076977734 0)
(1.075256686114378 -0.01152157902981162 2.738207678412746e-20)
(0.9747551790293233 0.002838291567477291 0)
(1.297963534749202 0.1257163258574088 -1.545918624384033e-19)
(1.057404020604496 0.0110331963677344 0)
(0.9935704515253868 -0.006936882051289284 0)
(1.06503936499532 0.008340156989082186 0)
(1.006198429770366 0.02085957331751668 2.01868825924615e-20)
(0.9382679737579395 0.01527371561823365 1.180403086430141e-20)
(1.177183719047867 -0.2000071216160892 0)
(1.005178271404438 -0.005181426648817536 7.988900781245004e-20)
(1.059144774708682 0.006407744239829537 0)
(0.7746513321328806 -0.003279781698675088 0)
(1.218319572055247 0.02798910969910597 1.646068645287089e-20)
(0.7049529719100001 0.001361584321027235 0)
(1.435593108802925 0.08598382985068867 -5.201241546105103e-20)
(0.9952590469198285 -0.00587504726084436 1.70139577037999e-20)
(1.273211458146665 -0.0022562721219155 -2.972594566648582e-19)
(1.059525494860839 0.009019862368213206 1.356535852991912e-19)
(1.000911937821239 -0.01355093895522198 0)
(1.211419819885625 -0.1406874027956769 2.054405463196231e-19)
(0.7331870354352898 0.01378603373759289 0)
(1.09851136629564 -0.004965627296843026 0)
(1.154682157934164 0.06909952713301974 1.948686243122384e-20)
(1.006773837806544 -0.006418308613479307 -3.04629264127723e-20)
(1.121738979186421 0.05302710271340378 -1.743826972887871e-19)
(0.104217374066264 -0.09111443025041512 0)
(1.072494031191169 0.03927875995043442 0)
(0.6617765257131882 -0.002898653949326823 -5.523367255380992e-22)
(1.012149880194794 -0.01943431885445633 9.362883664202667e-20)
(1.061312227400626 0.0008387949283961116 0)
(1.075318047536555 -0.131446004911072 3.737552819357076e-19)
(1.00281611760753 -0.006165863376384547 -3.344910521358522e-21)
(1.003285554099 -0.004767868701451167 7.833430204781447e-22)
(1.093947926555827 -0.009272963760952904 0)
(1.020693055251286 0.02050238422740938 -6.501675626001379e-20)
(1.106554520125495 -0.001566790724990874 6.497385110052089e-22)
(1.074628829701161 -0.0111304967219988 6.656744883564097e-20)
(1.085717147358225 0.02221370255940822 0)
(1.329468888705354 0.1589944252818625 0)
(1.002034789842242 0.0003267610535624909 4.408523390170198e-20)
(1.31876100574456 -0.1287705698896627 1.581174654624463e-19)
(0.02649807436603232 -0.1809188629596145 -2.399035351129942e-19)
(1.071173521061393 -0.005382203687923788 0)
(1.112883783177709 -0.005133861184728814 1.169451509358341e-20)
(0.7267430266193811 0.01780071266230389 0)
(1.059914989225021 0.01044831806878987 0)
(0.865442673942288 0.1632701388801807 4.65205360105762e-19)
(1.279973133688376 0.1314119052721178 1.932715359309975e-19)
(0.6543216247001493 -0.003096810327362208 -6.48220357160658e-20)
(1.039878045143363 0.004013204027718909 -6.12261530008443e-21)
(1.054736556422786 -0.00023207811270548 6.506562429685727e-20)
(1.364235718856023 0.1197349201135172 6.661428931372227e-19)
(1.334727245253484 0.2518735135368528 0)
(1.059521756441029 0.005753649645801276 0)
(1.000608214187862 -0.005078061146163059 1.443358814347258e-20)
(0.9927458801112399 -0.004601985120508192 4.550728219234274e-21)
(1.382575936707638 0.199499351737662 4.286916168858857e-19)
(0.6818387667298627 0.0004643183215554539 9.949131476304918e-20)
(1.005640834488807 -0.002197831673059018 -6.01522862068011e-20)
(1.098233932265766 0.01310603154722396 2.559309036223424e-20)
(0.6694584473909204 0.00496246903039137 0)
(1.066089402434569 -0.01201618192386209 0)
(1.017676699388523 0.1505125831231207 -1.38966022158795e-19)
(1.091927131685313 -0.005119108204954111 -2.54548583519144e-20)
(0.9820294893003552 8.779573322409283e-05 3.300691624047584e-20)
(0.9912115296145668 0.006022494452190193 0)
(0.6381836078917081 -0.001071774353917265 0)
(0.9767126532228146 -0.001196603579561694 0)
(0.6421143151985094 -0.00144224085551993 2.638433289236996e-21)
(1.089350562227197 -0.05525053007782418 1.206238526380766e-19)
(1.11172338007963 -0.004162299717252962 1.156055299728626e-21)
(0.9579156462927692 -0.0008652707821524357 3.885302325581306e-20)
(1.016928911293986 0.01006077254438672 1.735859608792701e-20)
(1.066927758139873 0.003156017450668458 -2.54316799331661e-21)
(0.6347249345920561 0.008876933383797784 -3.620495032604236e-20)
(1.005706330281758 0.008738554784106692 -7.514508820895917e-22)
(1.037250876600272 0.006502199505958373 5.430658421605278e-21)
(0.9858431912391393 -0.008944006310668157 0)
(0.609949093361641 -0.000460067132517118 0)
(1.068861541815419 0.02249860645878274 0)
(1.016761545868078 -0.01671377983930749 1.032313852276785e-20)
(1.023748553464066 -0.009673279648281127 0)
(0.9923148576619979 0.0133998775942233 -9.910317048573574e-21)
(1.009222725633603 0.001317669726256116 0)
(1.132493163838273 0.003125879485623936 -1.155732508874534e-20)
(0.03514547136987541 -0.1435753376078433 -3.813962059124938e-20)
(1.034883927048951 -0.01860448633089853 -5.806263646483036e-22)
(1.041299168354405 0.005188907188217193 0)
(1.08161622329433 0.06962720700883444 8.455416616714833e-20)
(0.9672090602885146 -0.002079712067661219 3.107745605785491e-20)
(1.02018517707575 0.0166685551161469 -2.283856551389003e-20)
(1.003175315781454 -0.002714520985633085 2.439765337611777e-20)
(1.039087752125151 -0.007995514923566713 0)
(0.6408865008742702 -0.004065501888516879 0)
(1.025860989511885 0.0245322827151588 -7.675985221912541e-20)
(1.087808511959304 -0.005485675722064549 5.007145735446652e-20)
(1.015010223651192 0.007300889139050825 0)
(0.9794888993571814 -0.00118858121438573 -1.952804211005373e-21)
(0.8585442588998464 0.009335325330746991 -9.494380726622489e-21)
(1.014012346942671 0.002576138361729193 -9.644308809918189e-21)
(1.02247209022843 0.005217151693178415 1.885040978378937e-20)
(0.9845029253677166 0.004079371232934783 0)
(1.005530548512963 0.01202455689185327 3.310599330680348e-20)
(1.111003636168167 0.0005093637769049827 0)
(0.930184412110343 0.008989770051187314 -3.085401431923458e-20)
(0.9548850911822818 -0.0009234120947989214 0)
(0.9068367629506807 0.2049102678771766 5.02102875606827e-20)
(1.010929574408584 0.0670570473327859 0)
(0.9918344629477792 0.004978220603258409 -2.269225429624915e-20)
(1.059305948039526 -0.05126341140702406 -2.881327120086146e-20)
(0.9932878995631924 0.0008577144759873836 3.271015322198933e-20)
(1.008557493611384 0.007201959390178832 0)
(0.9790721980895967 0.0008662337615618529 -3.032738939869887e-20)
(1.174728409115453 0.1046926463493785 -3.430505965158207e-19)
(1.069548000408657 -0.2651358560916657 0)
(0.9934614831989683 0.0003883800396680806 -2.272067275824108e-20)
(0.9735462901478528 0.0009758086801511232 4.875067342157303e-21)
(0.9626401058302244 0.0019471069137687 9.953576642185494e-22)
(0.7459420882415578 -0.001046207636847228 0)
(1.123855786805477 -0.07458262320078779 0)
(1.002655331108949 0.001930327627526254 -2.273379812597547e-20)
(0.9096698146603061 0.01298773774471353 -1.012824771406834e-20)
(0.8452029519589797 0.001301782313242739 2.685336533552513e-21)
(1.014039045075205 -0.008817195759183436 0)
(0.9590106273846715 0.01349597579847839 1.416276690367265e-20)
(1.005552173268598 -0.0002258275359376835 -2.263006753426697e-20)
(1.024388046664281 -0.003576834531302372 -2.521915826413195e-20)
(1.115096847233854 -0.001696712273694137 -4.926994391678221e-21)
(1.11881175576962 -0.001958493205844241 0)
(1.011899025291992 -0.006906305941714104 0)
(1.020298100551045 -0.001078389599428208 0)
(0.9418472705791034 0.001307818772800875 -1.975523745564412e-20)
(1.017852167339283 0.01357399565859698 5.515126614564609e-20)
(1.087022164903354 -0.006331974087180322 -2.316013090033771e-20)
(1.040206474418472 -0.008454120295994879 0)
(1.108221732218665 -0.002657183690426734 1.850850671542137e-21)
(0.9941522859366804 0.001849543660475886 -2.241217542296741e-20)
(0.9833417157306776 0.001308518845144352 0)
(1.010337660672869 0.003075146119470538 4.674027361600359e-20)
(1.36591898581833 -0.3145299610902315 -1.126348131631071e-18)
(1.121523078155645 -0.04332652470313118 -1.09868167924248e-19)
(0.9668585239697944 0.006650576540053247 4.420393070886774e-20)
(0.7645070746414779 0.001784985775841923 -3.342736411182207e-20)
(1.223932817660787 0.0520092689760497 0)
(1.221584426767253 -0.1263063780886202 -1.476624021438375e-19)
(1.082612403440439 -0.003366084598505334 0)
(1.008153501766182 0.0006457105902474102 2.296799986362154e-20)
(-0.1936737569260342 -0.1349829352838376 0)
(0.9939670294065613 -0.004657345049327065 0)
(1.012383919152509 -0.02308845696827935 4.22748244769152e-20)
(0.7064311141955971 -0.01945244031798669 0)
(1.096788301579556 -0.01479852334004307 2.225274653720681e-21)
(1.041088493794954 -0.00404179338015529 1.719902639768721e-20)
(0.6332273240175554 0.004119591708595253 0)
(1.448655892249891 -0.1236961004667026 0)
(0.986010677576808 0.001575116342105976 -1.069650990542348e-20)
(1.069766664660914 -0.01509253928548457 0)
(1.037778079664638 0.0004300142029023453 2.070406971337465e-20)
(1.081508326188526 0.003600067975588279 0)
(1.012134971997589 -0.001439105364640105 -1.116338113894596e-21)
(1.005812216140719 0.003186001380256843 0)
(1.008338458823103 0.0001615556796451223 -9.671002762071394e-22)
(1.00444441534618 -0.02068788287280104 0)
(1.036370725615166 -0.005419679263300488 1.721347253413169e-20)
(-0.1780528836264324 0.03077846085252977 2.736646631389206e-19)
(0.7975178542299243 0.02166080817804217 5.627504912903329e-20)
(1.005341644568479 0.001874314468157411 0)
(1.125933549185353 0.01054937220596798 -1.167861748776447e-20)
(1.116060638391111 0.006868471439579101 8.84463175888367e-21)
(1.05452205378469 -0.01278399967539076 -1.310859821874305e-19)
(0.9987768489748312 0.01037937442280792 2.998880761118062e-22)
(1.080367600893968 -0.001663747923992137 0)
(1.188559185831057 0.05285851725684013 0)
(0.8352612913454424 -0.0761591727405061 4.597085898701888e-19)
(1.090328185947559 0.000826396820943751 0)
(1.033867004323778 0.007529780317165135 -7.583053259953961e-21)
(1.042432369023859 0.005251497933738662 5.785222542682932e-21)
(1.055523133447373 -0.05924100367000325 -7.609920353616873e-21)
(1.139252822180238 -0.001139044784087312 1.700431944250077e-19)
(1.085685303218021 -0.002323180598991668 0)
(0.9941628962760646 0.001700710344242768 0)
(0.9970976284667549 -0.02680499383506653 -2.425491648747753e-21)
(0.9901016514620289 0.003480094804220151 0)
(1.031439248250823 -0.03744308834298574 6.475467466699918e-20)
(1.290609021113944 -0.09505274270353378 0)
(1.040787269988659 0.001809962662011804 -4.5611807074623e-21)
(0.9861788275316133 0.0169926620006035 -8.848755237926658e-20)
(1.032765870576236 0.04240307095854605 -2.358733364047058e-21)
(-0.0746231798139726 0.1654660042808276 -1.716527280782024e-19)
(-0.07116805158675008 -0.2970657437981569 -1.310172008088327e-19)
(0.8949732833593287 0.1323034450703852 0)
(0.2836486326074322 -0.03627463220245371 -3.21419487313055e-19)
(1.00536691599931 0.0007230124357690191 -1.149411771835363e-20)
(1.063860409393436 0.002724636452494622 -2.081013883934921e-20)
(0.9913717647973341 -0.02062311282539301 3.093728459937608e-20)
(1.024427271282562 -0.03176313601171687 2.678636544087515e-21)
(1.010216804264406 -0.03147788228574285 -6.658937017851109e-20)
(0.9888772870992474 0.00483143402127574 -3.481548587038362e-20)
(0.9931978183086849 0.005228185141558789 0)
(1.024895244249849 -0.002369562216252013 -3.472722227275784e-21)
(1.935644560798974 -0.1563101731027035 1.07210482111695e-18)
(1.043614458447162 -0.0022743466249982 0)
(0.9960698484439903 0.008486766645510593 1.513005130949111e-20)
(1.0035674563308 -0.0004405462962481523 4.007347747952222e-20)
(1.161964826016287 0.1556868301623358 0)
(1.001082799148225 -0.0096834904165374 8.069906742766318e-21)
(0.9512517603210747 0.002559634516772607 0)
(1.037838391169854 0.04175138953016629 0)
(1.308731223885006 0.15603385435681 2.316155277049217e-19)
(1.080190480276358 0.0005003829411203839 2.324338179591693e-20)
(1.016545851250994 0.02976812714063887 4.514757430776219e-20)
(1.083552430182921 0.001474345190420114 -2.23938970312492e-20)
(1.051886803637825 -0.01624438572015024 -8.728070792268967e-21)
(-0.3867933663399082 -0.05149849688077066 0)
(0.9997828701314955 0.01329072663980355 0)
(0.1158660052428843 0.05362125417592362 -9.296059279103974e-20)
(1.006736591187697 0.02033660278430132 -4.043506832682719e-20)
(1.003597019415699 -0.02492027523067031 0)
(1.001473287513363 0.005388968583515806 -4.903118218773456e-21)
(1.082007457162588 -0.04248843405820046 0)
(0.9939183878374016 -0.01761852558578182 -8.064075878675959e-21)
(1.101870399795951 -0.05719873718722361 0)
(1.445151724400428 0.1727019480681206 0)
(1.05489293895986 -0.01214873052336519 0)
(0.9907743976985998 -0.02489193607301943 -4.15582158603732e-20)
(0.9996046090721961 -0.03744613840012732 -3.441695810039559e-21)
(1.014422046808651 -0.02095123569179852 -2.035011932155548e-20)
(0.9966440859810262 0.01664205605037513 -5.500300456661615e-20)
(0.9960320531947526 0.01015469909351878 -1.47453102798033e-20)
(0.9950971095838058 -0.02852980286982704 0)
(1.002204678738212 0.02366306208871355 1.902818439844711e-20)
(1.053507215163403 -0.03231404066384649 0)
(1.111329363746196 -0.03596995622930401 2.57864524598374e-19)
(0.9956045941121439 0.01662088665391043 4.531533588057528e-20)
(0.6150370342947263 -0.008691892369260015 0)
(1.146834816688636 0.1618079203126625 -7.402981756908373e-22)
(0.8409853051909245 -0.08288742027874432 0)
(1.137931885855088 0.07287971914423851 -2.750836543872009e-19)
(1.316566894288468 -0.3894634411773725 1.291231740635066e-19)
(1.068792794237236 0.06476449856087173 -1.236884736524007e-20)
(1.011629657080741 -0.03178508104020171 0)
(0.9559809031560352 -0.216153678696811 0)
(0.535027775692796 0.1699659685447325 0)
(1.01649169567433 0.01094672726406084 1.211279699767283e-21)
(0.6976883459764183 -0.02419044842844411 0)
(0.9994554215741385 0.0165851680445652 3.481497988484772e-20)
(1.027458680627137 -0.003470153229952284 -2.739414336244906e-20)
(1.078963334212552 -0.008063519197840379 2.686735559376973e-21)
(1.052517833298387 -0.02769313391045826 2.768874572678518e-20)
(1.042630657677353 0.01178355849202647 0)
(1.061960187299087 0.02097816381516474 -8.617024783845646e-21)
(1.049776869153831 0.03629899006570976 -1.7944928510941e-20)
(0.983651111179733 -0.02273255844272208 0)
(0.6248941845728329 0.005099360384684096 9.168807049999966e-20)
(0.8941509402175402 -0.005930457944862268 -8.844352392668603e-20)
(0.9093756944238984 0.005253772951250096 1.451535356632372e-20)
(0.6296185828714698 -0.006439089503057665 1.408468159410432e-20)
(0.9808532516196032 0.0007415871242016786 2.474603845885421e-20)
(1.004421681405931 -0.01747524377900426 -3.449995185798775e-20)
(0.9843995802394112 -0.03717935143877672 -2.985012308289188e-20)
(1.085610939471541 0.001649733476564212 0)
(1.019896201496681 0.005188250026217592 1.01974975423718e-20)
(1.132296952069432 0.04868465450906854 1.328766780503949e-19)
(1.03104413811546 0.0413327473363698 0)
(1.022665360263227 0.002563405627453792 0)
(1.584976045281787 -0.1680077481263054 4.390513244521168e-19)
(1.059349487013942 -0.04569961557422971 0)
(1.018378856825119 0.01029889903129312 -3.705647926142757e-20)
(1.082320547737007 0.006535373537159286 0)
(0.4898763973549708 -0.005002469534756895 0)
(0.01099153926133633 0.01981146899843058 0)
(0.9913746814731953 -0.02399862365544719 1.242188036480386e-20)
(1.302090401082746 -0.09630965798793535 3.714361501105247e-19)
(1.031963887629917 0.03502848951890861 0)
(1.022348888641915 0.003561274700892402 -2.202790683152941e-20)
(0.9414604613825084 -0.160371760784349 -3.611835917454434e-21)
(1.25701369227746 0.07655584945071359 0)
(0.5969832656955102 0.7285364358333688 0)
(1.311503531987922 0.1438825845483344 1.063030893199692e-19)
(1.678031167152352 -0.0260227612092679 0)
(1.053802860055771 0.1238765658650715 0)
(0.7155310428085512 -0.01599097560243312 4.044612244648031e-21)
(1.046956376411412 0.04448675723041638 0)
(0.7595180093949311 0.1245954946652806 1.351035706741938e-19)
(0.9967856093622842 -0.01642984263792048 3.574855581952675e-19)
(1.038868463310412 -0.04119579818929672 2.786106835715443e-20)
(-0.3805669655553412 -0.03674318770533393 0)
(1.072320363571565 -0.0163486975495965 0)
(1.084215103209435 -0.005800319394846233 0)
(0.6491241881865908 -0.5051484063474651 -2.469771151087929e-19)
(0.9894719535019393 -0.0008617162005540123 0)
(1.092461603612436 -0.02154769907734296 5.665686806095233e-22)
(1.18726494747636 0.1209190417413712 -2.020358876018481e-19)
(1.097894131776521 -0.0484396396385283 0)
(1.006182469361845 -0.0209734888950689 0)
(0.7729601299840541 -0.1832208626606092 -1.626845000534138e-19)
(0.8800721482425611 -0.1342968438131945 1.477374147215017e-19)
(1.032853042728856 0.01447959139858837 -2.114507384203353e-20)
(1.023124093074725 -0.008958147781999638 -4.445774490139441e-20)
(0.8785054271643502 0.008581438028608302 3.079407621723786e-22)
(1.506205548480703 -0.1945994320728166 0)
(1.308945038712038 0.1143710114209334 2.974378915185679e-20)
(1.241610346289409 -0.07486091984906436 -3.291130780571403e-21)
(1.095719600295668 -0.01857601037633677 -3.980140757766899e-20)
(1.034914896881358 -0.01534316123985993 2.887573387466015e-20)
(1.092831389483763 -0.03907196005851015 9.365615218502999e-20)
(1.031874008140572 0.02063903167430109 0)
(1.049776722395714 -0.03720636821402123 0)
(1.115940209662428 -0.008950769485613939 0)
(1.097663342024649 -0.04180038046960248 0)
(0.9982680737029123 0.0110362617733499 0)
(1.151130672334483 0.08189626709679405 9.521686497495663e-20)
(1.338675236525448 -0.1553044841843554 0)
(1.037186212231994 -0.02739921359916779 -2.527340664268227e-22)
(1.047724066620319 0.05231018507736276 0)
(1.01024311392274 0.01430254135103431 -3.857743197655079e-20)
(1.033770774639998 -0.00737557923643612 9.255158946256079e-21)
(1.088936594793911 0.01346069724011895 -3.218619613287917e-20)
(1.084951170840968 -0.02801856716637322 0)
(1.070734758853482 0.004923341305969282 0)
(1.104694043104188 0.09333793058260464 -1.409198561425845e-18)
(0.9354739010621449 -0.1501478895774478 -7.079138012172653e-20)
(1.172704513035296 0.1175589533400343 1.148687498869896e-19)
(-0.4665712225998662 -0.02069900436491222 -2.904397170023375e-19)
(1.017845611851785 0.02920388326987378 -8.701355472753455e-20)
(1.005954678379793 0.004087534329102833 0)
(-0.2518430659173448 -0.003899662352706081 3.564461324864704e-19)
(-0.03403616379527141 0.2935540771849887 7.451662796778616e-21)
(0.9952108582351775 -0.006264292643570511 9.401699085746394e-20)
(0.1843188164358441 -0.04488322296869867 1.30692998996764e-19)
(1.084560809025495 0.08731732503756737 1.408183833160766e-20)
(0.09373529314709474 -0.1112200626534385 -5.482943668718705e-20)
(1.108425321482593 0.003010678663570045 0)
(1.098968238729055 0.2523045817189027 0)
(1.021110998063971 0.02146023782630107 -1.703072181451417e-20)
(1.063369090057819 0.05242583286393059 0)
(1.026082314627723 0.02350997727167048 -8.412045251617053e-21)
(1.263751834279239 -0.5492991973335758 8.035266820246179e-19)
(-0.1140914064840224 -0.2393946345063701 2.129047915147811e-19)
(1.301051961603853 0.1138533642307626 -6.225973301998091e-19)
(1.12221833103725 -0.002056622823641029 0)
(1.1222120324991 0.1049877459637682 0)
(0.5235013940650191 0.07786051726089603 2.44262177212553e-19)
(1.023647506325031 -0.02023842868124082 9.486206827313198e-20)
(1.006498894010045 -0.02328303861731735 0)
(1.210717756666058 0.2703033123300865 -9.649718080542004e-20)
(1.261509916843759 0.1292036130513828 -1.536597283590188e-19)
(1.026566328906058 0.003289303757057937 1.567740630521362e-20)
(1.299483472205299 -0.08509691861469132 -4.983134064148947e-19)
(0.3025536890501432 -0.02038223593963548 2.86094814952994e-19)
(0.8301050596890667 -0.1481231333767044 6.831498052674188e-19)
(1.039695274556367 0.05256617860311805 1.094844540758282e-19)
(1.038191410223803 0.003568584306340652 1.698489305684788e-21)
(1.001017317743151 0.01917068926386386 2.899697248225442e-20)
(1.066495881103835 -0.0368218279388857 0)
(1.034696970320569 -0.03848762748705585 -1.496541011275933e-19)
(1.016790299792577 0.03374972872795638 -4.603033733899849e-20)
(-0.05459250465651448 0.07179227015433111 -5.036661274363538e-19)
(1.010996391382456 -0.05818149973853784 0)
(0.9068330548316672 0.01320677252126661 0)
(1.091005495877942 -5.532194571864093e-05 0)
(1.364974880011908 0.2578707936179505 3.767012194061558e-19)
(1.698060139284546 0.1035084126879568 1.329395638279699e-18)
(1.409629881944851 0.1499305000096305 0)
(1.036033938858803 0.02129208803630117 9.9330963500027e-21)
(0.3471202370059635 0.03044202139657003 3.282288610324495e-19)
(1.132674501047261 0.007618993697236223 0)
(1.091928380112459 -0.02431573335917029 3.266705334188807e-21)
(1.091745283495784 -0.03313191342284721 2.623461809131337e-22)
(1.133839156196755 0.1053854767617602 0)
(1.302282719549019 0.05578858660636497 0)
(1.039588461885827 0.001265849701820156 1.175264185394334e-20)
(-0.15205561424409 -0.1172652631335649 -3.881621090592114e-19)
(1.325319379137699 -0.1480901400905306 -2.158625161242892e-19)
(1.067829521400545 -0.007395744705246782 0)
(1.013059863828937 0.01507326770646399 3.066531649277776e-20)
(1.157606002147271 -0.09485926498287969 0)
(1.016627775502096 -0.01738987636621625 -1.133417181526878e-19)
(1.030672095447313 0.008322578163396816 0)
(1.513986822316764 0.08755893247368579 -2.829547521341674e-19)
(-0.01888304847747533 0.0419090857612447 8.312400188427915e-19)
(1.096763033170882 0.05253283460998518 2.124407000039637e-20)
(1.09227928935724 0.07873618082472666 2.102243005203444e-19)
(1.009821366873775 0.008700289504991065 -6.13192702097534e-21)
(0.007024994414817775 -0.1160134344774892 -4.82243341831283e-20)
(0.0218554051177784 0.1035848226976867 3.68562906130974e-19)
(1.227798639385701 0.1451943593377237 -1.628550421151288e-19)
(1.098883994602428 0.08357554843669492 0)
(1.087622065831266 0.02551376355686016 1.754407970529208e-19)
(1.007098515480585 0.02215393571656876 1.722037382901193e-19)
(1.028855413672842 0.0007083706663601442 -3.686411543321468e-20)
(1.219263852043264 0.1500693067590511 2.614506310793054e-19)
(1.395560570668454 -0.1302343355164747 -2.071989350466571e-19)
(1.065758632889413 0.05017851003324107 -7.217403187381809e-20)
(0.9935026692957214 0.006881713054675266 0)
(1.077713918364779 0.06839580774817229 0)
(0.9813090748461906 0.005669650659994497 0)
(0.992366255921078 0.007844717962228841 2.376347481590127e-20)
(0.4908802275982205 -0.07273903875207263 0)
(0.9930519828966584 0.005337753950576733 3.575747936680054e-22)
(1.291392357909316 0.07832017022136907 0)
(1.004504502784903 0.005240127494174935 2.220896717513037e-20)
(0.7938127805604993 -0.1198244129216561 5.778420394504218e-20)
(1.091820445370007 -0.01712972107079453 -8.889569302262028e-21)
(0.9398449797921969 0.01655325774235229 -1.767369181948178e-20)
(1.438487208243203 -0.2828198490944979 -5.318971519363948e-19)
(1.13335974623308 -0.09131918684425525 4.711275803010482e-19)
(1.088698256754149 -0.02524449206980665 0)
(1.934262781585014 -0.4713927596919181 0)
(1.624513601453535 0.1892262520609068 0)
(0.9847450771923557 0.00350731459420878 -9.775844775329107e-21)
(0.8582671343061975 0.772819577937892 2.394181140448607e-19)
(-0.008412424464012896 0.189197196554128 5.426253173282808e-19)
(1.040129464507558 0.006355895240899615 0)
(-0.2193218835601855 -0.1063273003945734 2.078845196516211e-19)
(0.9841074888610257 -0.003557444020287209 4.131984624280875e-20)
(1.180166096505969 0.1613143398357356 -1.627207982837525e-20)
(1.044665492187524 -0.02207024988605677 5.569979953006922e-20)
(1.041637170309692 -0.1369525327882201 1.367764268007853e-19)
(1.138172501982832 0.006581076817543025 4.365990217138792e-21)
(1.09906464645402 -0.008096665198611444 0)
(1.309020828184234 0.5297294531396642 -6.021684476794243e-19)
(1.029759536950745 0.003112230176800983 -2.074537577274739e-20)
(-0.3105098984181183 -0.04963610446170784 -2.045947894002056e-19)
(0.6794479909191521 0.01844696328590978 0)
(1.088211053421092 -0.6988889304782423 -4.835655262380031e-20)
(1.312568066058318 0.08545799694074138 -1.104450419698493e-18)
(1.114901501581102 -0.1086038571258236 0)
(1.086965213338218 0.2785366114526855 0)
(0.9723839845781397 0.00318248322076196 -6.156054831457496e-19)
(1.065378644228792 0.007781835540831177 -4.301740489818735e-21)
(0.9245607629479782 -0.01214706520366616 0)
(1.090714951202109 0.03086791229713261 -1.761719945399541e-20)
(1.370459272074236 0.214632287594936 -1.856473651246081e-19)
(0.7323568857229867 0.09668627244089489 -1.051331968831398e-18)
(1.079086250529481 -0.0006400510141734974 0)
(1.262492097601892 -0.05807202483623958 7.023131051909256e-20)
(1.005777136280256 -0.0008561925637061898 0)
(0.8499410485114387 -0.7761952338734253 -8.204424958487909e-22)
(1.082008020253864 -0.05210042526561848 -1.098322513672534e-19)
(0.8758187600590922 0.3239684243110014 2.934703651767938e-19)
(0.8292156696370647 -0.1981035740403666 0)
(1.031741646725998 -0.03478806547036481 0)
(1.054640282237642 -0.02786216081074126 0)
(1.007416569229574 -0.003003568655068053 0)
(0.981172270164416 0.006174160656012731 0)
(1.343541306141071 -0.2364575684400036 0)
(-0.07461030839147641 0.1448282933617989 2.505440729225734e-19)
(-0.01142904225959683 0.08188991629942408 -6.83639211248952e-20)
(0.2111375643823945 -0.09965266978718873 -4.346240629167676e-19)
(1.520962427073164 -0.4391166939620778 0)
(1.034841352716489 -0.01665336550728406 0)
(1.772944205498292 -0.7592542128422562 -2.349669293487422e-19)
(1.139164348070137 0.005647112811450496 5.834123810467284e-21)
(1.323838613202844 -0.09008217233282483 2.817947351460013e-19)
(1.106971294892319 0.7082092431953143 1.437054743865862e-20)
(0.338274920619288 0.5917280121318891 -2.232672286366087e-19)
(0.6759238378760435 0.4577331956015369 -4.788514682407699e-19)
(1.045412880186349 -0.1492536124551805 -2.289386688855663e-20)
(1.226669322330448 -0.3608102733861914 0)
(-0.07648731407232884 0.1886939026955987 -7.299009704326661e-19)
(1.046601747014293 0.02378019825462606 0)
(1.102925744735901 0.02767176946677199 -1.56045972507393e-19)
(0.8136228217069824 0.8945757467993378 0)
(1.067196554527734 0.03324982686298491 7.665123256945572e-21)
(0.2805102887086638 -0.07241018305973637 0)
(1.102293629072459 0.02015493096203935 2.466199630907652e-20)
(1.369825944107681 0.3241964856458364 -5.556555902456562e-19)
(1.074725246268754 -0.01184135817018495 -1.656017841188825e-19)
(1.469338240342243 0.1593592269071005 -2.530323404321412e-19)
(1.330464883913242 0.4179121164604665 0)
(1.170223226610384 -0.2674359701675288 0)
(1.303035733563974 -0.1338872332768129 -1.217779466137789e-19)
(1.066911324342428 0.01621328436688858 -3.332138836071165e-20)
(1.060581596153499 -0.01207302457361726 0)
(0.7423852136783653 0.1434780042530844 -1.12144537556661e-19)
(0.7750319310133879 -0.5779138580320315 -5.66935798788271e-20)
(0.6667525865196395 0.2026666590503105 9.598602527951371e-19)
(0.9930855862842997 0.1157820026135985 3.502262884781655e-19)
(-0.004612140210799318 0.08251385790601459 0)
(0.5825291836267708 0.01582850698802735 -6.779336721309228e-19)
(1.059401564626792 -0.03884023820344518 -1.886782167564579e-21)
(0.6918421984163206 -0.1199892983344078 -2.791324204774392e-19)
(-0.0002510306348142144 0.2115265754788812 -3.105173712651238e-19)
(1.180737334881546 -0.07610222778786732 0)
(0.4022881995471349 0.01549956873423235 0)
(0.160322800783767 0.3699584683483277 0)
(1.439152378356329 -0.2610283438199441 0)
(0.2345604878274975 -0.3588600652571243 -6.389488754160948e-19)
(1.597356047262979 0.03916777495425876 -3.887761522457468e-19)
(1.02604642932916 -0.2023088394299229 0)
(0.6802514785917935 0.01351261311024346 2.535954749282345e-19)
(1.024962845915203 -0.01061974084016713 3.519629722303314e-20)
(1.137537796001509 0.2354528718243269 0)
(1.730926422531496 -0.1113700766442078 0)
(0.581659915433323 -0.7379517709989986 -6.844061488778169e-20)
(1.270824278914267 -0.1060862707191008 -1.003671511061338e-19)
(1.406212677568207 -0.08441028515291127 -4.310257006515515e-19)
(1.48266797641308 -0.06494736177490519 3.660609343424933e-19)
(0.09396802672494824 0.09867734145392985 0)
(-0.1231586674979269 0.08164253887664029 2.763012006725729e-19)
(1.038519471084496 -0.0635857079309104 -4.368804729659069e-21)
(1.120671161457695 -0.1407459531373356 0)
(0.6412645984008812 -0.3575856595210047 5.194222308115795e-19)
(1.049100504136405 -0.06338909320997141 1.437434883830523e-20)
(0.8344246623534539 -0.1359088266758563 0)
(1.312697571883703 -0.1313791452582639 -1.036819355645833e-20)
(1.116183705643803 0.08428420150398165 -4.350326725814267e-20)
(1.090969334108665 -0.004968481493054441 0)
(1.126572609158466 0.569436294022564 -1.112197858973632e-19)
(0.3427343226533749 -0.6003041199755441 0)
(1.06039767740707 -0.003207461116984573 2.815139510780862e-20)
(1.097025557415668 -0.005007596191322598 2.658160221110695e-19)
(0.07849947504059367 0.1443450577925149 -1.680952222582419e-19)
(1.17965887549669 1.000313032579864 -2.232022790967852e-19)
(1.369732137117023 -0.1382171855470258 -8.852432890021107e-20)
(0.9488555849583334 0.1338045043439405 6.611731772959905e-20)
(0.9982207658905216 0.003479271863671732 1.033376931591262e-20)
(1.048308721167465 -0.1406302424330052 1.774106145984512e-20)
(1.509465788496271 -0.9498717202879157 -5.252202961823905e-19)
(1.531583292949075 0.9492475525054725 2.362216783735507e-20)
(1.432619758922127 0.2247901743368227 3.396653984189917e-19)
(1.028828289918768 -0.007291495385555297 2.071465317486761e-19)
(1.035484473044872 -0.03312922495989302 1.637859363512603e-19)
(0.9919881588179241 0.02158964762031125 -1.909855443072906e-20)
(1.05774020069475 0.03861657131746481 -1.460314763444041e-19)
(1.079219218638511 -0.0655120659489275 2.929733949842072e-20)
(1.434198020293036 -0.1346320272478931 3.393418250180923e-19)
(1.818480675055521 0.7479044967291379 1.86396061183877e-19)
(1.034931399569985 0.0293282850574263 9.766622993356549e-21)
(1.071825308327498 0.01415224724107648 -1.059443807899012e-19)
(1.985890539549136 0.4776248009186712 5.356472515547447e-19)
(1.928391569145633 0.1603071678965472 9.333966038321424e-19)
(1.080228991436845 0.6377247466543562 -9.69282480031338e-20)
(1.109087202741703 0.1713085040379129 0)
(1.044106985363376 0.02311870722562187 0)
(0.510320728946436 0.4380046871027654 1.168496226397138e-18)
(1.376650499636676 -0.299292894384411 1.879488235100268e-19)
(1.193797389060995 -0.1445871222535814 0)
(1.632349188177972 0.2356125997792292 -6.189339397737587e-20)
(0.8034613936398376 -0.1505246853800346 -1.297599128228453e-19)
(1.327964360245811 -0.209617157821047 -9.079746596726199e-20)
(1.24901507849865 0.3890187435215161 1.436881089263027e-19)
(0.4925879361912002 0.1949220471304982 -5.612820252527002e-19)
(1.687376601164768 -0.02009262491117143 3.291525200692077e-20)
(0.8567172432689757 -0.5459386954582238 2.212508210877732e-19)
(0.9986008975556124 0.02308832763512446 0)
(1.618044600062686 -0.1860442534291833 -3.109049092640168e-19)
(1.089873942846967 0.1004674440012794 0)
(1.337944221111173 0.5803664896765334 0)
(0.9428916669949666 -0.4149219685338661 -2.747992965944106e-20)
(1.24717082856473 -0.02528080806139334 0)
(1.038527196958312 -0.003588089643578739 -1.251129641324286e-19)
(0.7291452210097167 0.1088744430617191 3.000067299142251e-19)
(1.325048696707043 -0.5822845019292974 -5.595518823558442e-19)
(1.053003156070447 -0.6341720525426071 1.150636136410396e-20)
(0.3519195861648168 -0.3795620647858989 -8.72063955383634e-20)
(1.007294670960428 -0.09602253420262305 0)
(0.4459981549194145 0.3006630015917804 1.684579613203468e-18)
(0.3139588087902458 0.04853669451325466 0)
(1.307366770070635 -0.1350190213815712 8.100930611944998e-20)
(1.577787887323643 0.1906844037013752 0)
(1.165804359684195 0.4460961043607689 1.330819287989382e-19)
(1.052983797796126 0.152637870763723 -6.470791890100691e-20)
(1.031755636035754 0.004632300906283839 -2.011533171959425e-19)
(0.9562421907359933 0.4083370970888829 0)
(1.163788576336974 -1.012187394960032 5.871388221791444e-20)
(0.8910585212617177 0.009172528167722748 0)
(1.068379514617329 0.3782567270893174 0)
(1.058015013072511 0.02682352633689913 -4.003282529459616e-21)
(1.473805883774606 -0.2999359933940651 0)
(1.244508160332972 -0.1853770647456782 -2.961211741195305e-19)
(-0.003352075658997851 0.02650658344256319 -1.979348469606053e-19)
(0.2384997133579609 0.01612711231754847 8.856722311515435e-19)
(0.9812511224460762 -0.09914402686768382 0)
(0.4715938902984369 0.6451208364469265 -2.554822237034629e-19)
(0.9173996574143358 0.02961989273327763 0)
(1.536534941652049 0.4145785120554283 5.474881265359682e-19)
(0.4897478133608769 0.1530514516050734 -6.43013635397622e-19)
(0.02568539299733838 0.1781793282844657 0)
(-0.4329398501989491 -0.05608388704942737 0)
(1.032400043360438 2.99822638681848e-05 1.272507478481272e-20)
(1.659826599839151 -0.2266927002468606 -1.102635046328518e-18)
(1.110392234430339 -0.5641648478375484 2.388747831971934e-19)
(0.7813187625844512 0.332040713864147 -8.75742743628176e-19)
(0.9350228187753914 0.1422400994415715 1.53689737511831e-19)
(1.043558107901646 -0.003596565168903491 0)
(-0.3018399039298611 -0.1286208104696505 4.008008382965217e-19)
(1.033356996598993 0.04669523897540158 0)
(1.193508106971454 -0.2412455764133115 0)
(1.560224291061556 -0.1884216860328937 5.147177905982781e-19)
(1.123269089210684 0.0783059804091301 -7.568845572468818e-20)
(1.065349751223695 -0.1424235464880617 8.341196749342513e-20)
(-0.04921974694714284 0.1075669139235528 3.484707530723902e-19)
(-0.08404531214931342 -0.1538725734337638 2.683236222652827e-19)
(1.074617147660738 0.2124784428786334 0)
(1.09567945022127 0.06119186521469309 2.131964092705616e-19)
(1.495137227667351 0.286505009620064 -3.609920361090043e-19)
(1.324089469959308 -0.488287831793025 2.373931624327461e-19)
(1.155305771706933 -0.1426219027466916 0)
(1.120665520207035 0.1502228483493282 0)
(0.5275254564235522 -0.6917126887654343 4.118779752935155e-19)
(1.311960441875428 -0.03879320521929272 -2.975473858948411e-19)
(1.009337171614483 0.1007198486574132 2.537048738651422e-19)
(0.3127580023619734 0.3531336222967218 -8.930136073618181e-19)
(1.031393582665852 0.1072938822307166 -4.093073228541811e-19)
(1.037798005147871 -0.3972657451948124 -4.734509463662927e-20)
(1.458819750390688 0.108162376528236 -6.521028853142884e-19)
(0.7809795365366039 -0.8869171078098542 0)
(1.056807026345409 -0.03072324459552048 0)
(1.14513354841233 0.174606812554812 0)
(1.615388828129378 -0.04060831359459624 0)
(0.8138300069501427 0.5921130333610928 -2.065790775461163e-20)
(1.493447519097362 -0.357961249182056 4.55422471969619e-19)
(1.539769411279554 0.1465881569639406 0)
(1.136985927591103 -0.4602416455528206 -1.660369364855341e-19)
(1.459823601345277 0.3429711487854253 -3.546047927450743e-19)
(1.009243720118379 0.02796038461414316 0)
(0.2128967909730808 0.0006797524300486437 -2.485395052272432e-19)
(1.335060006978979 0.5094443727205942 0)
(0.9779364707574282 0.007233285801269831 -3.913494648699013e-20)
(0.7636252305461868 -0.3026317131737501 -2.058908060652832e-19)
(0.5084784325207268 -0.08418347111289835 7.877116337937962e-19)
(0.2162372812587091 0.05792867391007901 3.681018848988564e-19)
(1.062231071018079 -0.1388262631675458 0)
(0.04371699462291109 0.003813625143859147 0)
(0.3442220954627663 0.03828274850917003 -3.024088486052432e-19)
(1.005598173202606 0.0173397009041464 0)
(1.4518067941939 -0.008288322056934534 0)
(1.006765886020212 0.02825119022567235 0)
(0.4693746133380376 -0.276340602016509 -1.003758019381266e-18)
(1.048894540850922 0.08844978065386611 0)
(1.522688520229527 0.04064558593652114 0)
(0.2190424430250723 0.125052797442129 5.444999381877999e-19)
(0.8801714883941608 -0.3236863097805291 0)
(1.365070630808297 0.0525929774400732 2.69137230082415e-19)
(1.237151771253109 0.2042089857604619 2.063180137456202e-20)
(0.8973643845736855 0.5523057338181359 1.565331447328364e-20)
(1.033570486548518 0.09890188639041675 4.821515806063318e-20)
(1.032536020823925 -0.1493950735839495 0)
(1.366050542601836 -0.0227896275504861 0)
(1.288245441229488 -0.1192622759131168 0)
(0.6246779696327351 -0.04202633654339134 -1.363139421949848e-19)
)
;

boundaryField
{
    FrontBack
    {
        type            empty;
    }
    Top
    {
        type            noSlip;
    }
    In
    {
        type            fixedValue;
        value           uniform (1 0 0);
    }
    Bottom
    {
        type            noSlip;
    }
    Out
    {
        type            zeroGradient;
    }
    circle
    {
        type            noSlip;
    }
}


// ************************************************************************* //
