/*--------------------------------*- C++ -*----------------------------------*\
| =========                 |                                                 |
| \\      /  F ield         | OpenFOAM: The Open Source CFD Toolbox           |
|  \\    /   O peration     | Version:  2412                                  |
|   \\  /    A nd           | Website:  www.openfoam.com                      |
|    \\/     M anipulation  |                                                 |
\*---------------------------------------------------------------------------*/
FoamFile
{
    version     2.0;
    format      ascii;
    arch        "LSB;label=32;scalar=64";
    class       volVectorField;
    location    "443";
    object      U;
}
// * * * * * * * * * * * * * * * * * * * * * * * * * * * * * * * * * * * * * //

dimensions      [0 1 -1 0 0 0 0];

internalField   nonuniform List<vector> 
808
(
(0.756255964047276 -0.0175128839320405 0)
(1.031211931467474 -0.0124985336946123 0)
(1.116532741180168 -0.0005563230719826832 -1.813001888583647e-20)
(1.085125581135011 0.01258807392936493 0)
(1.362256904561161 0.0159998691061695 -3.900072588032976e-19)
(1.038643123052091 -0.009343740412334061 -7.146183821050084e-20)
(1.013632239250469 -0.0203463543947993 -2.317602942240951e-20)
(1.078527251021198 -0.004815449088828898 8.921552418202636e-21)
(1.252741655158511 -0.01955660538445423 6.353427147723241e-20)
(1.084404322447513 0.009450049321688385 0)
(1.013310640190184 -0.01121232169695699 0)
(1.304479393636202 -0.05225744799731753 -3.547707800183027e-19)
(1.085958731304502 -0.00156216846490876 2.027974840660441e-20)
(0.6750341661584052 0.006419942851974283 0)
(1.285188264773537 -0.1193436481454345 0)
(1.081673500625098 0.0001585750927147165 -3.801089407111187e-20)
(1.233606179936955 -0.1515476203526576 -1.004145640354803e-19)
(1.074246112823114 -3.890113567927404e-05 3.149860219180072e-20)
(0.9924988112201854 0.006630983649073524 0)
(1.026722379776313 0.009106983265971881 0)
(1.041190397408163 -0.01347286143261531 0)
(0.9874796207027247 0.04476080124869747 0)
(1.051081673667017 -0.006140906979021811 5.548373032982925e-20)
(1.053415790993499 0.008506320502380576 0)
(0.933206909669826 0.1986382098200736 4.601824108686363e-19)
(1.165564902164929 -0.08982626135590026 0)
(1.184694193476237 -0.0184801086499199 1.582665768104347e-19)
(1.077309485180505 0.009421133345674895 5.197898709836508e-20)
(1.084224148267222 0.001961586981386308 5.050486628471596e-21)
(1.072069388526856 0.03096716853945737 0)
(1.075644123045465 0.002509957142397559 -1.173098720975435e-20)
(1.033208806859486 0.006307141922750913 -1.952634145802121e-19)
(1.059842629512457 0.0148392912260123 -2.401955324635909e-20)
(1.089042590437896 0.005182043356153391 -2.925564119222956e-20)
(1.119555102413438 0.03746078139382467 0)
(0.7550989579043426 -0.1217199597870889 -4.53903800282218e-19)
(0.9543769480395929 -0.005774849122549957 0)
(1.069004896788139 0.02249011560408071 0)
(1.068844582513755 0.007311568561147418 0)
(1.073605022434641 0.008835170320664106 -2.834527705042914e-20)
(1.09205920561209 0.02316498829243145 1.110341006378966e-19)
(1.14965343542794 0.003260728157979786 2.175788557103081e-19)
(1.095676326690485 -0.002480749385329988 0)
(1.015898790104629 -0.009143822529878476 0)
(1.130334480939449 -0.09872897536061793 -1.659673657066297e-19)
(1.04407813555449 -0.01173220838551372 -7.972045561612584e-20)
(1.058433089210892 0.02667284698312684 -2.846543360396844e-20)
(1.230135331753858 -0.1114013769348453 -5.628444323779916e-20)
(1.067771012984906 0.01228312990051537 -4.252789676337505e-20)
(1.255706264732082 0.01784938967432121 0)
(0.9967423633438544 -0.01801035090902774 2.056732817730029e-21)
(1.044530795584742 -0.002305393748297007 0)
(1.087415268250826 -0.002350896715407136 0)
(0.9978111075587679 0.006963246112021372 -1.881667191696678e-20)
(1.252121403873852 0.03424811621171889 -2.326832605530697e-19)
(1.063864608362196 0.01842442932494986 6.135013697865043e-20)
(0.989131776537392 0.008607985724742742 0)
(1.018382985625698 -0.01116828481292659 2.411337880650833e-20)
(1.106723955810216 -0.0008110454152658536 -1.194861125553298e-19)
(1.061740337552072 0.03113645525058528 0)
(-0.0648875539909767 -0.0164466491085661 7.055127052066467e-20)
(1.154177188741391 -0.05148803709715376 -1.910450577273344e-19)
(1.003211332691747 -0.008784197986439134 -2.650517717762193e-20)
(1.183215245785323 0.06677575879086597 -1.223245254958868e-19)
(0.9981251781297108 -0.01043618591893442 2.98096714027382e-20)
(1.083880967427532 -0.005552696177406911 0)
(1.242748486788184 0.09652565424754939 0)
(0.6960163166902291 0.00319511806376639 -7.504283214345489e-20)
(0.9900822721306453 -0.01505736387654864 -3.105210324877762e-20)
(1.45901622447431 -0.01690607139807112 4.491396278307019e-19)
(1.060641607835942 0.007555105633417944 -6.803640707479331e-20)
(1.366024291773769 0.09852595830782604 2.921968581962747e-19)
(1.054749244871309 0.006786037745914698 -1.833643873682654e-22)
(1.081210772949158 -0.01407765899764213 -5.267478875259945e-22)
(1.163889595247711 -0.2353172127213463 0)
(1.022442581612024 -0.01434826330177412 0)
(1.017835506854409 0.01754953238133032 -3.133434628830145e-20)
(1.387452374309853 0.3499594077107942 4.166549811167837e-19)
(1.096989767890323 -0.04200693157029609 9.285846061256857e-20)
(1.045984040553337 0.2103350468348588 2.519793670365852e-19)
(1.124964149511291 -0.06300299962598732 1.153699386078522e-19)
(0.922140501788951 0.005166460547828172 0)
(0.9755313597711245 0.01858369131778338 0)
(1.004081360720138 -0.04881508985944875 2.747783599623772e-21)
(1.010915925069028 -0.01311583561696348 7.374435292790962e-21)
(1.030771976831746 0.02568605455622485 1.400012598520329e-20)
(1.528205552980298 0.03731975927650233 3.275942334481226e-19)
(1.290579458297234 0.07176241750735597 5.491071515430843e-19)
(1.072620298804448 0.002888669883622719 -9.216095544506865e-20)
(1.199586485123641 -0.09709444766081797 0)
(1.033838524471494 0.001542091363845185 1.34238040326328e-19)
(1.163378348705674 0.02178846313226406 -3.21702114369968e-19)
(1.001472157800388 0.03235950960878856 0)
(0.9996292127708856 0.001998411853874095 0)
(1.044312335686832 -0.0003082487740544417 7.714795219095803e-20)
(1.208707178723124 0.1044266352858682 4.040004571517128e-19)
(1.01108410646451 0.006955035547543384 0)
(1.08945218735046 -0.07180421571822986 -1.055403508336413e-19)
(1.149066143380503 0.0365265593266134 0)
(1.208887722290419 0.09329240228121449 -1.910880288523851e-19)
(1.108051624284784 -0.02853826037968724 -7.611343328075603e-20)
(1.027846259297496 0.01153672658320262 0)
(1.085410957768577 -0.004682941751436704 0)
(1.019935593043741 0.02551502800961145 8.140020232426951e-20)
(1.074102652316893 0.05323230080597292 -9.18401717200077e-21)
(1.10369931416015 -0.004348411489825635 6.231146836532446e-20)
(1.107375490178032 -0.09742380839926448 1.5448105081627e-19)
(0.9592584426020709 -0.002272580228121992 0)
(1.066558940376322 0.03135662976718812 3.858647758999594e-20)
(1.168108341787265 -0.07584704124608962 2.334698734231453e-19)
(1.053349387427255 0.04461991522065235 -2.918576037068017e-20)
(1.022680014923511 0.06754602319210601 3.735890240418218e-20)
(1.090714410601789 0.02622287241786845 0)
(1.011910944596426 0.01673301995057188 0)
(1.028976332180603 0.009440218084036439 7.924769513263788e-20)
(0.9487085125092095 -0.03302660154976529 0)
(1.053279029735459 -0.005678104227742434 -7.886053728314765e-21)
(1.340270636641868 0.06008579122301114 -1.590598123282501e-19)
(1.079928180054805 -0.01333421423296552 2.566282356246121e-20)
(0.7441456109507323 -0.001788262047765255 0)
(0.5296273873821638 0.152763851480988 -8.320078263069969e-20)
(0.7058656479631136 -0.002533120262963977 0)
(0.6991320277269993 0.01467198130147514 0)
(1.077772445102499 0.003489310013000622 -6.76815882651603e-22)
(0.9906323952883568 0.0144727486143056 0)
(1.279824415423806 0.1231715621883627 2.484458927484304e-19)
(1.012305229285628 -0.0279159203499648 -7.846948110418913e-21)
(1.039617204835689 0.02144490143449363 1.48582953771284e-21)
(1.058408651091671 -0.01205389679300326 0)
(1.126430700527399 -0.009243182988333836 -4.966709164288983e-20)
(1.255216674212477 0.132729824392969 -2.177430705122558e-19)
(1.088929608998311 -0.01114042211106114 -8.456999614433e-20)
(1.070119848750967 0.02531753704499201 -1.10066066254538e-19)
(1.040873761215528 0.04672459284488886 6.920080477548674e-20)
(1.022305296724612 -0.00360914305762744 -3.437650428758685e-20)
(1.061385942652873 0.02356731055613883 6.074223954630505e-21)
(1.132044124981784 -0.005534557739018028 1.08253229060708e-20)
(1.041265308272451 -0.01358884901839836 -4.698526200458147e-22)
(1.087800588022687 0.03483544905871341 0)
(1.028577829200172 0.01325592627347327 0)
(0.7806254140443125 -0.0618441927672369 -1.845370005334759e-19)
(1.030193257741513 -0.002001698037596325 -6.889790939382766e-20)
(1.136347293410425 -0.001328765711385724 -1.321043587611656e-20)
(0.7035297745705513 0.006561218164561316 7.419412597686678e-20)
(1.175873037730053 0.01996543645606824 -1.914939094998935e-19)
(1.126039241596795 -0.002926279211589472 5.760218884308831e-21)
(1.129019305246979 -0.01007995622770385 3.467738049346535e-20)
(1.000941029505279 -0.002968667140746678 -7.506644642580017e-20)
(1.094465076347252 -0.06598058721450518 0)
(0.9849223295186171 -0.001328458146874665 0)
(1.058019434396053 0.007079574434854578 0)
(1.005722757169449 0.1888211998280302 -2.458135318956849e-19)
(0.7795000896832709 0.01241035780245735 0)
(0.8569010367458365 0.1020828223652131 -8.414386454331263e-20)
(0.09010803381052941 0.04178302704597834 -3.074596645149915e-19)
(1.173542496948415 -0.03092666659759763 -2.228741955986795e-20)
(0.6712934309610111 -0.00734372208967474 2.433854606842761e-20)
(1.167396120002215 -0.1062328552417233 6.982899005116845e-20)
(1.126494829479289 -0.004640257583856519 -6.164880149968304e-21)
(1.155872660100817 -0.04972207655395591 2.16580133902736e-20)
(0.09304362561389282 -0.2011591648983194 0)
(0.2678673496938564 0.08404150116511229 0)
(1.251940765706768 0.1109687880502019 1.912773998395005e-19)
(1.021598933951284 0.01985325859355814 0)
(0.7376318183094134 -0.006336366662211742 0)
(1.075118079523566 -0.0119140665008055 2.685584077778385e-20)
(0.9752121905576098 0.002803947245834738 0)
(1.28589152240791 0.128579376752113 -1.51721553698188e-19)
(1.057459569531669 0.01124964933019591 0)
(0.9929767547908329 -0.008236439039355815 0)
(1.06522386639938 0.008045595328478587 0)
(1.006193800915781 0.02083491308780333 1.815639256599421e-20)
(0.9240698992502923 0.007267800273084238 1.132199382174795e-20)
(1.1761949661999 -0.1991136526631796 0)
(1.005072803844759 -0.005222742532763525 7.755932843583628e-20)
(1.059192644912941 0.006213788845522451 0)
(0.7746034789084094 -0.003339418615962785 0)
(1.215430947448235 0.02832575875708389 1.663667141108449e-20)
(0.7050852924806074 0.001318646696014839 0)
(1.433779384953031 0.0895283233480884 -5.311929485147391e-20)
(0.993626497749463 -0.006701984947400924 1.674678682275759e-20)
(1.275432123539687 -0.001758615699823056 -2.931236443466522e-19)
(1.059940480793586 0.008744449942198267 1.386783838797946e-19)
(1.000898624946489 -0.01361035633691772 0)
(1.218051867642724 -0.1537169865721681 2.03287279811e-19)
(0.7331815810046615 0.013792611914491 0)
(1.09808673318983 -0.00514852963130739 0)
(1.151882190428818 0.06567501739930322 2.010528293837335e-20)
(1.006832873158042 -0.007336998496989259 -3.013412467027524e-20)
(1.120265570678619 0.05025004702566709 -1.749591804461521e-19)
(0.1374483993364638 -0.08380186192356513 0)
(1.072806533234014 0.036948530996398 0)
(0.6615428722352772 -0.002915402479253172 -6.746066694128695e-22)
(1.012101207963282 -0.01960643842544862 9.634808219688239e-20)
(1.061765210411795 0.0006675375417227437 0)
(1.085483586556318 -0.1302647127081452 3.761612820646193e-19)
(1.002568387986707 -0.006204173302649663 -3.475867532511073e-21)
(1.001840125269353 -0.004835791051261942 1.095604233631976e-21)
(1.093975321061625 -0.009276386533148429 0)
(1.020735340432432 0.02033667537530365 -6.303634492381491e-20)
(1.10675447202162 -0.001670107148339604 6.640103207490221e-22)
(1.07379132546618 -0.01104179264624704 6.525778391184275e-20)
(1.08578083379682 0.02238030508005482 0)
(1.328450689881663 0.1653763416334736 0)
(1.002031065477908 0.000236245368100331 4.415085971465424e-20)
(1.323823170151729 -0.1268210667734877 1.546480589904398e-19)
(0.04203405231192228 -0.1618749734211295 -2.531118292485543e-19)
(1.071325101065921 -0.00557788102924478 0)
(1.117629410399676 0.002036669931854024 1.231718655374028e-20)
(0.7269746645037932 0.01787631653253757 0)
(1.062297160033483 0.002295374671457015 0)
(0.8698862438477202 0.1666345813262374 4.775610643926378e-19)
(1.269994814614837 0.1239492956540572 1.834637784202534e-19)
(0.6542046735129101 -0.003114055358602433 -6.278004345949461e-20)
(1.042465082669705 -0.005356234461098092 -4.690386124898999e-21)
(1.054915985526123 -0.000283338354853204 6.636661348036134e-20)
(1.36029602383836 0.1248959414247663 6.781761904315405e-19)
(1.336166230365094 0.2529983080392524 0)
(1.058827028496234 0.002230541267023339 0)
(0.9959365271195888 -0.007244229429686964 1.501831638285074e-20)
(0.9946094510422739 -0.01117041344790183 3.222979090700307e-21)
(1.38411387881056 0.2005610602538023 4.255125023400358e-19)
(0.6816582628221778 0.0006406533401218512 9.818551332455156e-20)
(1.005615210888795 -0.002025597571268487 -5.955706537650255e-20)
(1.098008955159802 0.01302525181889623 2.538601984590106e-20)
(0.6694700699318004 0.005012966908650278 0)
(1.066085193023185 -0.01202389729311374 0)
(0.9898958919186028 0.1317739092155914 -1.201659853352995e-19)
(1.083587223742571 -0.001960963720544347 -2.446819415245961e-20)
(0.9820465720300823 -3.651020132624902e-05 3.279817558351026e-20)
(0.9912102680057858 0.006018172120972934 0)
(0.6382967739672801 -0.001146919755312938 0)
(0.9768947122785985 -0.001249088364186978 0)
(0.6420356581866826 -0.001495545267423476 2.726053218237023e-21)
(1.088979422433505 -0.05767198088951441 1.200664208778181e-19)
(1.112024986771078 -0.0007505945502602929 1.244024111362488e-21)
(0.9580359217013681 -0.0009252075777491644 3.9163291361271e-20)
(1.015668346593955 0.01061652782872391 1.662167515537356e-20)
(1.064569951801506 0.006047274668212566 -2.218017159799747e-21)
(0.6347666330525327 0.008849627170522473 -3.649408541807143e-20)
(1.001618744138286 0.01134704884720677 -8.613402897590321e-22)
(1.035253479117593 0.01212462785227308 5.014014193706338e-21)
(0.9881984098447961 -0.009491408808490386 0)
(0.6100707588623243 -0.0004882862271820003 0)
(1.068696204037262 0.02276312792126814 0)
(1.016240275185521 -0.01548359200253371 1.060677450100151e-20)
(1.022095700137905 -0.003748458227163123 0)
(0.9917238742678889 0.01510051676524521 -9.318827186406639e-21)
(1.01228894512239 0.005269473224804761 0)
(1.127551526988481 -0.006090171390141718 -1.232255265988403e-20)
(0.03673190394024223 -0.1389800526725138 -4.555934979134858e-20)
(1.036490000241344 -0.0157669102082031 -7.64047641864917e-22)
(1.044806400953758 0.007235503736539374 0)
(1.085781530036426 0.06458519510722489 8.412481447357397e-20)
(0.9698163549435677 -0.001500543074760747 3.118499325757556e-20)
(1.020669283959176 0.01713772037872031 -2.36737830670403e-20)
(1.003949649147363 0.001838134188462739 2.477836888178822e-20)
(1.040976641733941 -0.004689557485141935 0)
(0.6409575663228796 -0.004001228676413016 0)
(1.025899794174671 0.02450174445263383 -7.361504801136927e-20)
(1.078947702225135 0.003043502416897179 4.811215675932264e-20)
(1.015005411857797 0.002155530341460905 0)
(0.9806476795836879 -0.002895224543648243 -1.919150881003e-21)
(0.8749431491447005 0.02528189491989444 -1.358180810582094e-20)
(1.013983816179983 0.002982004772733089 -1.022559493946705e-20)
(1.027647077415941 0.0009898477564564603 1.774033232287723e-20)
(0.9790757238002993 0.0008964336062940132 0)
(1.003411776433657 0.008918850028954942 3.485326049128878e-20)
(1.106250427655991 -0.004494301283045112 0)
(0.9268980994997318 -0.0006331486652811441 -3.414349031168425e-20)
(0.9605379124021565 0.008772847027455224 0)
(0.9141685764047134 0.2108857002783416 5.191951567106726e-20)
(1.010909890690654 0.06709197484125272 0)
(0.9923634364864833 0.003653197349720124 -2.305424195181309e-20)
(1.053488828061824 -0.05316376820279116 -2.773062598829466e-20)
(0.9912248961130432 -0.001078082481753798 3.427214916270075e-20)
(1.011541783843609 0.002279232849972717 0)
(0.9788149286619571 -0.0008352349713651332 -3.199511003511106e-20)
(1.170351325837036 0.09671319214001027 -3.328397087252032e-19)
(1.068752030051821 -0.2639436955691654 0)
(0.9940378322353302 0.002111292129694118 -2.193265675619899e-20)
(0.9823559064575798 0.008766292032207624 5.009230329618274e-21)
(0.9605795566836901 0.003387671228183069 1.049557834895673e-21)
(0.7459817706480278 -0.001091384165107139 0)
(1.115245364588383 -0.07990602626016152 0)
(1.007807447477525 0.002683327497084589 -2.143165133084565e-20)
(0.8976022150003443 -0.0005630872899109686 -1.017608237233132e-20)
(0.854367808564478 0.01878614240912002 5.246220164704952e-21)
(1.01127775385862 0.005221772871998999 0)
(0.949673046797354 0.002691668832520006 1.557820792066944e-20)
(1.005784340554981 -0.0002473695314629639 -2.308571131742367e-20)
(1.021184947114944 0.001935516530928282 -2.563270134792421e-20)
(1.111616627073396 -0.004516969275809727 -4.917396436858155e-21)
(1.11626408030743 -0.001376188416958619 0)
(1.013264541789581 -0.002525345879300608 0)
(1.023506780582448 0.002791862422006867 0)
(0.9489056906369842 0.005882596651340013 -2.185680139803249e-20)
(1.01787928895509 0.01332143312752248 5.364430309293467e-20)
(1.079241470322781 0.006856560925941249 -2.219255305331031e-20)
(1.037887939954489 0.003923780136685557 0)
(1.106042550861143 -0.006810534286920816 1.819542922996292e-21)
(0.9963215933830579 0.002157233909523358 -2.203533910592007e-20)
(0.9846385415653307 0.006157449077196665 0)
(1.011965291557904 0.002399638417371948 4.670543605672146e-20)
(1.365379745896443 -0.3139700232847419 -1.130456777465933e-18)
(1.12252362706549 -0.04513292089829034 -1.086463495116078e-19)
(0.9712664416330616 0.005806599022707826 4.886217469041681e-20)
(0.7826277303699324 0.02173041561150432 -3.215091483830615e-20)
(1.220230767315449 0.05191253157336441 0)
(1.220391800870829 -0.1375692565935197 -1.466869534325987e-19)
(1.079541275315017 0.006610157988689059 0)
(1.009246362453377 0.001767236029513193 2.21710630053827e-20)
(-0.1629828169404808 -0.08828778975332535 0)
(0.9939698989477497 -0.004659391258906 0)
(1.012421938456431 -0.02315965927780016 4.459374797938183e-20)
(0.7061070077560834 -0.01942922515937221 0)
(1.096802073408649 -0.01496945226590495 2.189400538551748e-21)
(1.042874992761114 -0.007621673903576429 1.610644578379652e-20)
(0.6331073507593025 0.004171873390473997 0)
(1.447285201358683 -0.1222685153714229 0)
(0.9868637865624321 0.001673939059029781 -1.087466860168644e-20)
(1.069708451390319 -0.01494121170888924 0)
(1.038098259851565 0.000481743987355244 2.164633145094958e-20)
(1.086039350302257 0.001734832410349745 0)
(1.008523335066712 0.003379894688874814 -1.097462125423127e-21)
(1.006121786503768 0.002999588601375666 0)
(1.01455884923855 -0.01417321628212953 5.525714267912575e-22)
(1.003143374042404 -0.02044616330965616 0)
(1.033479467931437 0.005551713332875116 1.787979079837362e-20)
(-0.2056635353709197 0.04525422084622706 2.672191067768606e-19)
(0.8193914030811705 0.03539720613289078 5.350693868399888e-20)
(1.005600538334472 0.00217726609724367 0)
(1.130833903912822 0.02535131409680313 -1.255345692252135e-20)
(1.118370504456485 0.01949255842424892 8.846065797086302e-21)
(1.054022523193841 -0.01313546594819407 -1.280285032296392e-19)
(0.9987841064178387 0.01035833092519611 1.033721824530683e-21)
(1.080174839714066 0.005439676586843354 0)
(1.185146561653535 0.0519564634144488 0)
(0.8353252461780223 -0.0750921796711365 4.594489105002773e-19)
(1.101996507139447 -0.01302199166753444 0)
(1.032415181100084 0.007671994609833868 -7.443971091149474e-21)
(1.042722610081815 0.005242087344262975 6.119787451297887e-21)
(1.051916749310605 -0.06160256150235754 -7.467417278756951e-21)
(1.140244174879347 -0.001573294064554505 1.672446330853521e-19)
(1.08012707752528 -0.00607632101748572 0)
(0.9951902595547425 0.0013303764680466 0)
(0.9964964422817447 -0.02396853302215905 -2.238656935071222e-21)
(0.9913264742470552 0.002571777455630344 0)
(1.029311516488032 -0.03840252504229362 6.35546732158604e-20)
(1.294470704363891 -0.09417860630249596 0)
(1.047692041828914 -0.01578349665804996 -6.309004999761913e-22)
(0.986155613035096 0.01688835217912022 -8.553545685816034e-20)
(1.035158446247604 0.04104004673737553 -2.417144787090224e-21)
(-0.09124312452250531 0.1648624991622445 -1.633572591907118e-19)
(-0.06273133397398641 -0.2917762335033775 -1.403841483304165e-19)
(0.8658890751973596 0.1269060266078686 0)
(0.29306476014059 -0.00592908028938503 -3.117275137729512e-19)
(1.012334974467558 -0.01617171993146782 -1.561031664391889e-20)
(1.0639251888163 0.002617061634605057 -2.117129312804076e-20)
(0.9930470891051177 -0.01885863827806249 2.85468658091196e-20)
(1.022281423996406 -0.02734773568652438 2.472948391032666e-21)
(1.00838847874028 -0.03171301761788287 -6.529522910493941e-20)
(0.9887088538977564 0.004861409626215597 -3.469752250724254e-20)
(0.9932877267043975 0.004326682581436257 0)
(1.025031821614006 -0.001868649499267514 -3.593608619182078e-21)
(1.935750546878102 -0.1552088564649619 1.076001034690734e-18)
(1.050817962617808 -0.01300152162171532 0)
(0.9955443832763062 0.007576151820040979 1.548524468537017e-20)
(1.002803380785092 -0.000151124005511937 4.086505307203388e-20)
(1.171983747806497 0.1328596710605306 0)
(1.001501497890804 -0.007324231871679784 6.469357006704012e-22)
(0.9497015110767681 -0.003153555769353602 0)
(1.037844199433011 0.04174516196688192 0)
(1.29854341306601 0.1636714362346321 2.264570163909493e-19)
(1.084927154984651 -0.01120481007692049 2.253162209137254e-20)
(1.018599975502743 0.03183987888095385 4.730218216667783e-20)
(1.084348166191765 -0.01039797869373447 -2.174210514647778e-20)
(1.050042385104384 -0.00636568491185216 -3.713851444873206e-22)
(-0.3841080990402759 -0.0398324106247611 0)
(0.9980784580173235 0.01420115889796911 0)
(0.1118778275913016 0.05964464857496994 -8.527404562942881e-20)
(1.006363574107297 0.02293743006676865 -4.180588168294174e-20)
(0.9933681649008081 -0.001981042070806811 0)
(1.000455482466606 0.005868457358969188 -5.075818794228954e-21)
(1.08150321435798 -0.04214498374133037 0)
(0.9959144369634223 -0.01753314643289151 -7.668777483977169e-21)
(1.090262660030518 -0.05224738579290208 0)
(1.442038233826691 0.178563049135403 0)
(1.05412952846172 -0.01184146249235046 0)
(0.9909143287856815 -0.02244503149825122 -3.836915933059528e-20)
(0.9842873932720125 -0.03977613028363138 -2.206430494163433e-21)
(1.01873134669621 -0.01693260163984154 -1.703904274023748e-20)
(0.9975706727786601 0.01703996610279416 -5.668762980028021e-20)
(0.9950025742631129 0.01016729752837526 -1.509141455221995e-20)
(0.9936228277159895 -0.02682319458995988 0)
(1.003043900044629 0.02555510669587429 1.974533489436664e-20)
(1.0435184441685 -0.04032088189718901 0)
(1.110738694507074 -0.03580106486960249 2.621682146345513e-19)
(0.9954337238461166 0.017370458786378 4.684888628227074e-20)
(0.6151187841068518 -0.008667641269259865 0)
(1.138130990244093 0.1329012469251156 -4.90165671133165e-21)
(0.8516333233579536 -0.1048208779257184 0)
(1.138660195422745 0.0731718829553281 -2.69422968087681e-19)
(1.315165064729273 -0.3879657961273807 1.295519345990756e-19)
(1.075628463775459 0.06144544558694246 -1.339383226596067e-20)
(1.009386832481395 -0.03050156442232039 0)
(0.955462412827778 -0.2150178519013372 0)
(0.503456235085817 0.1430772511558826 0)
(1.012542832363972 0.01054727954049213 1.183771537896128e-21)
(0.6959770159322302 -0.02333100866922236 0)
(0.9984732158381554 0.01826643489101984 3.598937338121094e-20)
(1.021298572087918 -0.003172614675466484 -2.758030535220105e-20)
(1.079156286840532 -0.008076076902564807 2.810126063622626e-21)
(1.038810529439831 -0.006311197637008282 3.357250683499032e-20)
(1.042563772054228 0.0110119520821989 0)
(1.059370671917707 0.03015021234949177 -1.024857510357409e-20)
(1.050809382018996 0.03435711532910474 -1.828463037062746e-20)
(0.982572199718052 -0.02194961443102919 0)
(0.6249415650319072 0.005131330651269889 9.184525529849412e-20)
(0.894169645885843 -0.005874719425077575 -8.859564048147875e-20)
(0.9093660882988933 0.005331256361170243 1.441724053425119e-20)
(0.6295620254281362 -0.006380011991918649 1.405172241564507e-20)
(0.9781916313629416 0.0007106964898537175 2.640043753660215e-20)
(1.004458595889914 -0.01756882611443365 -3.565798581559001e-20)
(0.9669527617344458 -0.01651716869703037 -3.608217982212009e-20)
(1.085495570519373 0.001488266915280653 0)
(1.019380377526599 0.004342672053363516 1.061943777447205e-20)
(1.132934022297515 0.04874298306990767 1.303178127868043e-19)
(1.034183739900123 0.04115976741000143 0)
(1.022140099203839 0.00258124814678978 0)
(1.583430632759947 -0.1665959295118363 4.411434652364309e-19)
(1.041113355055419 -0.03401053800279161 0)
(1.019218490198452 0.006407814408346759 -3.772928814217857e-20)
(1.088862565981118 -0.003826585298756655 0)
(0.4796907045429126 -0.03409167590682152 0)
(-0.03547328305040104 0.01512693937354993 0)
(0.9900419532220917 -0.02413014721379583 1.211918712197262e-20)
(1.300537895311973 -0.09508448820166036 3.754777871453906e-19)
(1.035661790155849 0.03843107926244158 0)
(1.022413598979799 0.003297604360604431 -2.258955850600499e-20)
(0.9594517382455273 -0.1646548771858016 2.665062427117311e-21)
(1.25248601153113 0.07739881611665719 0)
(0.5981965878814862 0.7311588144405253 0)
(1.310432847422625 0.1514853944320286 1.117163367921038e-19)
(1.67692062498946 -0.02448778364231159 0)
(1.061783408403739 0.1101949483136893 0)
(0.7172873273649717 -0.01310032242694047 2.587469717375628e-21)
(1.053009477139288 0.04693543753136918 0)
(0.7189787352509123 0.1042517306288968 1.172495038983404e-19)
(0.9967839126257239 -0.01646633938635 3.571410275947986e-19)
(1.033252177325035 -0.04088856001013814 2.682637437809712e-20)
(-0.376108047920638 -0.008667570449897424 0)
(1.071618760154685 -0.01635226367439132 0)
(1.096109443691806 -0.01153133777991675 0)
(0.6480272534111486 -0.5021345337528292 -2.482915504034955e-19)
(0.9919934907705761 -0.001169284917910133 0)
(1.09186919964914 -0.02162709883970711 4.246147215295042e-22)
(1.18827703416807 0.1214771186377819 -1.993509129718794e-19)
(1.088882711815039 -0.04088796263468184 0)
(1.005182611046783 -0.02133841023868289 0)
(0.814590155073953 -0.186210941241345 -1.729298076777016e-19)
(0.8974839968521183 -0.1324917130136956 1.556906587372206e-19)
(1.027543921693432 0.01131350247879095 -2.26119253572741e-20)
(1.023113929968209 -0.009179831807125572 -4.580343766967152e-20)
(0.8725529160017507 0.009114088929880951 -2.973881916928081e-22)
(1.504800635092528 -0.1929527987703418 0)
(1.301516874069077 0.1200878072501479 3.186141019110776e-20)
(1.24559737557539 -0.07627519212673353 -3.004886190498179e-21)
(1.095834112404832 -0.01855478252376937 -3.822654224305948e-20)
(1.043037148933359 -0.01278319755777897 2.438561368779313e-20)
(1.092819211145306 -0.03914106101079254 9.103411982145187e-20)
(1.032277180327798 0.01962871327318589 0)
(1.044570144140119 -0.03381637187333829 0)
(1.115895102087455 -0.00901117484503006 0)
(1.088000162413071 -0.02684807516552713 0)
(0.9978760872362645 0.01105719122899113 0)
(1.149130464432519 0.07598862127625335 9.472223072338203e-20)
(1.342466754853409 -0.1500127000887109 0)
(1.038714027950229 -0.02102428664797956 -1.773262976543034e-22)
(1.053554802812094 0.05167881357451709 0)
(1.010034287708566 0.01468900643467576 -3.988573754715694e-20)
(1.033771960131723 -0.008013193776220588 9.075004456582953e-21)
(1.088965886694288 0.01335963144026274 -3.262086092581364e-20)
(1.085096099522778 -0.02942340500877637 0)
(1.075631809687371 -0.001788761745872569 0)
(1.107243653288445 0.09466623705714615 -1.425495530037883e-18)
(0.9353018544079729 -0.1492864285077518 -7.070896781122283e-20)
(1.171738590051743 0.1049929088790595 1.102580498770848e-19)
(-0.480581312340529 0.009830054170165622 -2.924830550980001e-19)
(1.019371476574359 0.02874701767789231 -8.882684525477636e-20)
(1.0045369597917 -0.003336799503729623 0)
(-0.2950796280208003 0.04037105957933798 3.558833863649409e-19)
(-0.05358519061452725 0.3183536714134164 7.472698781028069e-21)
(0.995229548310696 -0.006303768504379761 9.758626321744172e-20)
(0.1909146480778098 -0.03918645775081307 1.439033419691418e-19)
(1.096174292955283 0.08211435476174232 1.523009035657272e-20)
(0.09400336472198402 -0.1086847010320424 -5.477185254437108e-20)
(1.107890825457488 0.003072687508011415 0)
(1.102526766821841 0.2583375309752454 0)
(1.021807413650608 0.02189705803186482 -1.738909176339477e-20)
(1.074615636796904 0.05671456086742422 0)
(1.025865236769252 0.02713824810258269 -9.752568505896366e-21)
(1.262532442905167 -0.5484222372586949 8.044411850473364e-19)
(-0.09691837989262883 -0.1959871958622964 2.204422479353159e-19)
(1.295769764000744 0.1174701367780692 -6.323290381013665e-19)
(1.123184551191733 -0.002050824043627763 0)
(1.131136664582716 0.09536787830325587 0)
(0.5283573428066684 0.0830942040971719 2.563335269677919e-19)
(1.023320243416906 -0.02107109442725903 9.29781403940302e-20)
(1.00566136156052 -0.0239901882284675 0)
(1.21180172794846 0.2713306883929668 -9.568953359163463e-20)
(1.256737138919107 0.1391435989416965 -1.601171289147881e-19)
(1.026618011603502 0.002866304299308413 1.531092255762381e-20)
(1.30019707088266 -0.08449361722959499 -5.019794895331102e-19)
(0.2949233415526561 -0.01439581679507913 2.602241923103523e-19)
(0.8272076268305194 -0.1456280463843767 6.66282222044996e-19)
(1.055672730908994 0.06086577186195111 1.045392851741287e-19)
(1.04111868386272 -0.007644161769112146 1.615663741129255e-21)
(1.001413658038055 0.02008158699435391 3.003295711146238e-20)
(1.066497753315427 -0.03683760057816898 0)
(1.034672831301436 -0.03847560663964141 -1.538300628201996e-19)
(1.01924951973119 0.03452543483548753 -4.822663738243829e-20)
(-0.04786565164300263 0.05822290556866375 -5.060128553716746e-19)
(1.010919097375181 -0.05822973102444674 0)
(0.9054540705644223 0.01879195875046699 0)
(1.089392699340381 -0.003892498086597692 0)
(1.369986744617246 0.261831533549348 3.822557996444589e-19)
(1.700290338868166 0.1054125946339145 1.342541765120754e-18)
(1.402945283039017 0.1561654155547657 0)
(1.032385028021324 0.02719981696223717 1.226003479921116e-20)
(0.3559857138915172 0.03738868084199224 3.590730395755963e-19)
(1.124101477120172 0.007186963445294665 0)
(1.092920683695712 -0.01045691891504773 2.998351887291064e-21)
(1.089977005724291 -0.02013257112639328 1.842017942141345e-22)
(1.136898457727769 0.09368424127357437 0)
(1.299278945598453 0.05758915736626391 0)
(1.039840049941305 0.0008140066334874698 1.15088563415205e-20)
(-0.1481487671339292 -0.1212427265057172 -4.192894787840071e-19)
(1.335328448903477 -0.1489510454462332 -2.177406256702493e-19)
(1.067804562119908 -0.007445350451704531 0)
(1.013964902442812 0.01494870031598483 3.145911582902594e-20)
(1.147623324417649 -0.1068665255986269 0)
(1.016190836455307 -0.01811284960185973 -1.11085782823886e-19)
(1.030752126690699 0.007962747513203774 0)
(1.512591159188835 0.09023735322250581 -2.87440500362764e-19)
(-0.016676556600974 0.08822057245393933 7.891646494331626e-19)
(1.096239377020548 0.04956787577132877 2.153708257180985e-20)
(1.092586703251625 0.07892093605017443 2.051359948886894e-19)
(1.009519562547772 0.008549034983794196 -6.293078118618502e-21)
(0.01089736366123208 -0.1115419139143438 -5.40435933504341e-20)
(0.02897348796024967 0.1210710662694416 3.418252831651408e-19)
(1.225305103515071 0.1286286808553731 -1.494851977083289e-19)
(1.111417297125614 0.08281873028296585 0)
(1.087978351810567 0.02534157606257964 1.712759129690994e-19)
(1.007085116551346 0.02205542185049994 1.666391603368142e-19)
(1.029672781212043 0.001006986266055795 -3.696280149237923e-20)
(1.20447793519148 0.1324869212261043 2.395376750214495e-19)
(1.39996513370394 -0.1271953711920806 -2.027987468793678e-19)
(1.065925449580347 0.05016476252480328 -7.023141327070543e-20)
(0.9934104385869003 0.006511952030149735 0)
(1.091645107656228 0.06939579070627853 0)
(0.9802488216779131 0.007477945039084614 0)
(0.9961471962891564 0.005568534133124222 2.410176924573825e-20)
(0.4869898630937926 -0.06748466281087213 0)
(0.9897507843034701 0.005941126614785719 -4.047816357409535e-22)
(1.287192311054381 0.08023810683142166 0)
(1.009873902603376 0.005497677290923667 2.16169129279188e-20)
(0.8244055367325578 -0.1263400167361283 5.018463423126482e-20)
(1.100084315583563 -0.009392802158669823 -8.087614739521426e-21)
(0.9397176792295643 0.01665972735404213 -1.763252412715401e-20)
(1.438661542298112 -0.2800038653533631 -5.203587291329444e-19)
(1.131975971284257 -0.09026137965391975 4.660318380514074e-19)
(1.088851899572472 -0.02513198960362686 0)
(1.932951730695024 -0.4702888011194642 0)
(1.624347429480993 0.1914542972776602 0)
(0.9888229613659871 0.004680150386657954 -9.043949825360516e-21)
(0.8597407702066489 0.7748058092209875 2.399798484793367e-19)
(-0.024601458056472 0.215423973422356 5.114208821632699e-19)
(1.041608038508227 0.005382201100029254 0)
(-0.2013335590708193 -0.1100068750346017 2.251006063455264e-19)
(0.9826988076449512 -0.002586833188300061 4.042187439638852e-20)
(1.18109920092863 0.1619869847757262 -1.604333741952312e-20)
(1.044492981775137 -0.02216794911763104 5.691023727477842e-20)
(1.064045572345769 -0.1462944885780457 1.432076963096037e-19)
(1.129740055069007 0.0009007526832698245 4.456329792694428e-21)
(1.110224852764771 -0.008188756140734403 0)
(1.310415782841071 0.5306331681910733 -6.015966959686047e-19)
(1.028175913306264 0.0009500394186146934 -2.165946091392427e-20)
(-0.3251802998118191 -0.02430528758372518 -1.928378683557423e-19)
(0.6796163021964681 0.01846275349016721 0)
(1.086708961853747 -0.6975404097868892 -4.833741599229085e-20)
(1.312498508486394 0.08599508262417588 -1.098972730486354e-18)
(1.114462398370565 -0.1080478978072807 0)
(1.087818884495297 0.2796475020515042 0)
(0.972457185557886 0.003130155681592151 -6.151738072177967e-19)
(1.06413832303613 0.003996292688260134 -3.972587238771745e-21)
(0.9246995683784078 -0.01211684823836092 0)
(1.090578161135077 0.03090288538217446 -1.74983784896979e-20)
(1.370269341029798 0.2193713756759116 -1.920884117825421e-19)
(0.7324688586655906 0.0985077196157369 -1.052968468488973e-18)
(1.078586471048753 -0.0006930165295264789 0)
(1.265973824276625 -0.05800121260523046 6.945339307708666e-20)
(1.004998828669226 0.000438121681234205 0)
(0.848416760318444 -0.7742888490934196 -2.327657697619117e-22)
(1.081729260161491 -0.05195588586345665 -1.117712307203394e-19)
(0.8764833836064526 0.3258617855323338 2.938817493022415e-19)
(0.8236938040290755 -0.1928035225001055 0)
(1.030517930499989 -0.03622748399806581 0)
(1.054338775425766 -0.02920793205006764 0)
(1.002908821727068 -0.0009104240162704872 0)
(0.9812578980225617 0.006258895397036187 0)
(1.340481282273962 -0.2335282554977595 0)
(-0.1012232441284024 0.1379805008946558 2.425411169342158e-19)
(-0.06833371520347892 0.06353657378921389 -4.268455139086394e-20)
(0.2616663342049191 -0.1172362877217917 -4.392298525102952e-19)
(1.519075079208741 -0.4378989454054292 0)
(1.034097344149477 -0.0168649722851892 0)
(1.770860558790563 -0.7577235739422999 -2.352195738587676e-19)
(1.134567000038004 0.0112787819537166 7.954623439462934e-21)
(1.326996155116344 -0.08858885490981641 2.770165445148376e-19)
(1.108498135879174 0.7096164560875681 1.500098934246011e-20)
(0.3391754966949952 0.5950677741265955 -2.198522471055446e-19)
(0.67642465414613 0.4602604995807474 -4.779568523263745e-19)
(1.062008972526776 -0.1547715684927099 -2.390857824307089e-20)
(1.22540286670053 -0.3593022153002113 0)
(-0.1087395520100077 0.2166438705894898 -7.007434398027687e-19)
(1.046758377691067 0.02260559522837787 0)
(1.117051410044331 0.04098941303837608 -1.459135442971183e-19)
(0.8154373610420083 0.8985473670844398 0)
(1.07590059893646 0.04298479946230255 6.201345079711689e-21)
(0.2863998290831773 -0.0537568602525997 0)
(1.119731600304875 0.03858376959846836 2.223732055477794e-20)
(1.370731233846497 0.3247774467715691 -5.542926774708075e-19)
(1.075062749232687 -0.01263471659329636 -1.624585055252032e-19)
(1.47112929560183 0.160532482645948 -2.513007263043957e-19)
(1.33216711288793 0.4194042244505002 0)
(1.16905081318072 -0.262753089281227 0)
(1.309557139626931 -0.133005312578789 -1.204423024912512e-19)
(1.066821281815633 0.01622314618185827 -3.305175899338706e-20)
(1.060677938203621 -0.011999315599622 0)
(0.7485834133727141 0.151030074715265 -1.246873916475456e-19)
(0.7735146316320197 -0.575359684921005 -5.702164640848146e-20)
(0.66672291920652 0.2048816542855916 9.601233473278579e-19)
(0.9816944604352236 0.1297194897487949 3.482070246447081e-19)
(-0.003220903257804547 0.09677912006046636 0)
(0.579960183189103 0.03666084927449419 -6.781817903744058e-19)
(1.058454000511028 -0.04063596783742982 -1.862170051180059e-21)
(0.6863746089934715 -0.1071959891023337 -2.679728109849533e-19)
(-0.006801528223834018 0.2530025659818232 -2.847666140055054e-19)
(1.183583423534281 -0.07788976114948679 0)
(0.4120046940144273 0.0214489959751124 0)
(0.1609565494560491 0.3742042926627216 0)
(1.44031215243396 -0.2573889593141925 0)
(0.233767048880875 -0.3562071632213279 -6.419783447842371e-19)
(1.596157582237147 0.04091567978802293 -3.930634515293385e-19)
(1.025450797332656 -0.2013639409417231 0)
(0.6836054586202083 0.03162107860067979 2.60607355853732e-19)
(1.024865638136043 -0.01126438936945364 3.448605557217624e-20)
(1.138301143919977 0.2364100518669168 0)
(1.72996819027889 -0.1099036990953484 0)
(0.5803555019364091 -0.7356235454412567 -6.800479964312619e-20)
(1.276217102832765 -0.1072482983082488 -9.956667008893295e-20)
(1.409091931368684 -0.0822386340696559 -4.238374252808265e-19)
(1.484936935021155 -0.06291551255063826 3.604082300976242e-19)
(0.09647377243066119 0.1023620230620718 0)
(-0.1736622680424233 0.1100571203755621 2.668453107711483e-19)
(1.038462310927277 -0.06347432278441327 -4.126413600357299e-21)
(1.120112496570319 -0.1400561464586967 0)
(0.6403638120135827 -0.3549054460251175 5.207589353317653e-19)
(1.049098021373092 -0.06328222151398251 1.495903502195408e-20)
(0.8631691037592943 -0.1439599017949032 0)
(1.32090587846549 -0.1289897974996957 -9.525110453094515e-21)
(1.118821392460061 0.07692553353549077 -4.393228785895494e-20)
(1.090966277846241 -0.005091021889725305 0)
(1.128201486592924 0.5711470776053413 -1.105571049047843e-19)
(0.3417075380755317 -0.5976303705840564 0)
(1.060840640898816 -0.003553194725657417 2.855939023946273e-20)
(1.09750258801696 -0.005586144334606243 2.606915511763615e-19)
(0.0785538104715726 0.1899813698244651 -1.577359625296962e-19)
(1.181892685924636 1.003352912653169 -2.237442064981562e-19)
(1.368202066562737 -0.1367854226701146 -8.935195516212147e-20)
(0.9019130715272059 0.1027989391048745 4.521437044657419e-20)
(0.9977852833867404 0.003920451612753022 1.095574895624484e-20)
(1.063385509564927 -0.1562315762873582 1.798784759658051e-20)
(1.507078454475783 -0.947695426085064 -5.242807728828996e-19)
(1.534013320364194 0.9514708997122142 2.362883178826301e-20)
(1.431723771061576 0.2289206410217565 3.502412913866409e-19)
(1.028452428460887 -0.007800750759863506 2.023130222011818e-19)
(1.035444602202333 -0.03313341915228835 1.681645909784992e-19)
(0.9927572846723149 0.02274380697159932 -1.981912894775433e-20)
(1.057846707738712 0.03850401523597386 -1.425659327790142e-19)
(1.078985649456055 -0.06526020316386195 3.015732913530645e-20)
(1.437149737540093 -0.1313356948140073 3.331483638079289e-19)
(1.820788878088772 0.7494242114024476 1.873816813782897e-19)
(1.036624172246077 0.03421578472678901 1.13107687950398e-20)
(1.072100462040369 0.01383677910542684 -1.038013608014624e-19)
(1.987700149765758 0.478677945208425 5.343421371132818e-19)
(1.929084379638443 0.1612614422055047 9.283611608748135e-19)
(1.0820608537061 0.6396939594113649 -9.6653068089642e-20)
(1.109715205248126 0.171977922301301 0)
(1.044117991052311 0.02304707474071097 0)
(0.5108610065054434 0.4405156976482463 1.165010517449839e-18)
(1.375266832346734 -0.2978179960478936 1.893241015736369e-19)
(1.19302238160038 -0.1589493660564797 0)
(1.63416648487107 0.2365644405706342 -6.155732370767247e-20)
(0.7998644965419464 -0.1442743911629281 -1.177719940895447e-19)
(1.326629318326998 -0.2084362400106268 -9.12633235058768e-20)
(1.250520823800868 0.3905417207031402 1.424542193756479e-19)
(0.4927068646367939 0.1973923487838229 -5.607646379412882e-19)
(1.688967127596296 -0.01908596140811446 3.270822704370093e-20)
(0.8555267359084726 -0.5437545495156504 2.222682059974947e-19)
(0.9998113613764618 0.023872497612129 0)
(1.619053226427006 -0.1844606346980795 -3.060893354228843e-19)
(1.09025795460299 0.1007351230615294 0)
(1.340061453309968 0.5818931690464229 0)
(0.9419802039868391 -0.4129960003543908 -2.811245147136099e-20)
(1.249612568227172 -0.02553809079802453 0)
(1.0383354889242 -0.00406630993033207 -1.222751025377392e-19)
(0.7367427054097322 0.1181828628549012 3.193654215509379e-19)
(1.323115553379384 -0.580721777911534 -5.608925589797461e-19)
(1.051171237479279 -0.6321189871075275 1.127653615339917e-20)
(0.3509207940823417 -0.3755991764486353 -8.702955823386941e-20)
(1.007134459620562 -0.09579750397717215 0)
(0.4458552812648175 0.3040319158871492 1.682570442764401e-18)
(0.2841806241037708 0.05553119678616805 0)
(1.313475277053194 -0.1304203122194331 8.006306897570203e-20)
(1.577283386519718 0.1932746137721128 0)
(1.167279311474817 0.4478193282713105 1.324934825988081e-19)
(1.053316327492228 0.153212379775626 -6.810635769676579e-20)
(1.031747411741326 0.004386295367148935 -1.958327492591402e-19)
(0.9572633590359307 0.4103184938888164 0)
(1.161478032166983 -1.009258403118031 5.831505421703321e-20)
(0.8912129525562564 0.009786998228192333 0)
(1.069528767296869 0.3798807138113316 0)
(1.061577591998738 0.03651759897293606 -5.332427439877718e-21)
(1.472348889477886 -0.2985752111485601 0)
(1.243349683216508 -0.1843314141678097 -2.994385447986926e-19)
(0.04287460193916569 0.002071441078818679 -1.708680963259624e-19)
(0.240102843129835 0.02118147868727886 8.858465446704696e-19)
(0.9810443843233121 -0.09876636309227746 0)
(0.4726704263851289 0.6499139312555946 -2.542998827209743e-19)
(0.9175271522068462 0.03017124005826407 0)
(1.538735999845061 0.4156597666106305 5.464847450130368e-19)
(0.4850767717471727 0.170434498290702 -6.049944590057596e-19)
(0.01859580957037002 0.2107662775003259 0)
(-0.41766460401866 -0.03114188493361682 0)
(1.032387295169434 -0.0003111032812905791 1.235441569868201e-20)
(1.658051303642354 -0.225650116195354 -1.108141505031378e-18)
(1.1088906928379 -0.562386971877338 2.394213585324429e-19)
(0.7819416149342731 0.3343866192750464 -8.767001487552435e-19)
(0.9170382657458847 0.1518213770378534 1.427463499116174e-19)
(1.044469567261936 -0.003778886178755671 0)
(-0.288319704013286 -0.1213269809644347 4.199434704799241e-19)
(1.033413214218226 0.04663060286152029 0)
(1.193187958709352 -0.234350833852281 0)
(1.561878830317776 -0.1863861779931186 5.037368252740358e-19)
(1.123098216207307 0.07224555714406194 -7.478521786571989e-20)
(1.067898828673153 -0.1322121564159451 7.373326328496162e-20)
(-0.002240615371929085 0.06819123626278771 3.33240547146678e-19)
(-0.06618677406658466 -0.1478593752479003 2.2692677526036e-19)
(1.078529275720103 0.2196040046917285 0)
(1.096148974829895 0.05692302711264506 2.136891174851394e-19)
(1.495584177815284 0.2903882112935073 -3.705557318780798e-19)
(1.322447242839353 -0.4869078529177335 2.376978337864201e-19)
(1.151422657600097 -0.1544469466708353 0)
(1.121295887323696 0.1507253168737314 0)
(0.5260615272797048 -0.6877571782251427 4.142544945909049e-19)
(1.314347235167822 -0.03797917273098735 -2.926295254344646e-19)
(1.013354205143858 0.113176600061675 2.617509937254221e-19)
(0.313371030028198 0.3587988605689096 -8.900503207455508e-19)
(1.035130661141731 0.1161593778324561 -4.335056784759642e-19)
(1.036831408114418 -0.3956164357040513 -4.667193629205095e-20)
(1.460582334397079 0.1093549051494176 -6.462363691514635e-19)
(0.779097755524029 -0.8834773888487589 0)
(1.056613692561407 -0.03070866750136666 0)
(1.121393400684576 0.1729132468482181 0)
(1.617141809957228 -0.03934100510007169 0)
(0.815160185906747 0.5946275733366585 -2.059934685239875e-20)
(1.491780481348432 -0.3568155527741768 4.574997782943286e-19)
(1.541556452838533 0.1475803427932841 0)
(1.135730653614072 -0.4585030964796626 -1.667657578150558e-19)
(1.461664339014224 0.3441444461431907 -3.526388830401964e-19)
(1.010797608811633 0.02794584775929588 0)
(0.20527558278399 0.0143315968144933 -2.340371967125725e-19)
(1.336963007147005 0.510816816669888 0)
(0.975690392552651 0.008824402462201683 -4.071430666405604e-20)
(0.763218932923971 -0.3005482743830376 -2.063688218087851e-19)
(0.5086050541422049 -0.08135034943023774 7.881422130543172e-19)
(0.2253859008435918 0.08639122778906445 3.424923832409517e-19)
(1.061936265745303 -0.1384098653799112 0)
(0.05637394571382316 -0.02182456393321857 0)
(0.345688514300117 0.04134045167568217 -3.018258159413152e-19)
(1.006728985530141 0.01740421149442931 0)
(1.453881304318931 -0.006746809399368343 0)
(1.008399049323869 0.02888079865423451 0)
(0.4681558320240908 -0.2730812726498035 -1.006616885467251e-18)
(1.049014470858905 0.08857009589012378 0)
(1.524667403788681 0.04217083395005407 0)
(0.2375711246090117 0.1342043947608248 5.595813841516488e-19)
(0.8796129832050745 -0.3219703926266944 0)
(1.366847837875738 0.05356478675869225 2.665036393305247e-19)
(1.23823442857577 0.2050992702238464 2.034037469842236e-20)
(0.8985293584777363 0.5544030975949972 1.56147576190363e-20)
(1.033732151254679 0.09912334713281697 5.075350366407487e-20)
(1.032161536962305 -0.1488904660603537 0)
(1.368152131632935 -0.02159396927022757 0)
(1.296118837560208 -0.1213690131841764 0)
(0.6244719310937259 -0.03968384350064745 -1.363560408705784e-19)
)
;

boundaryField
{
    FrontBack
    {
        type            empty;
    }
    Top
    {
        type            noSlip;
    }
    In
    {
        type            fixedValue;
        value           uniform (1 0 0);
    }
    Bottom
    {
        type            noSlip;
    }
    Out
    {
        type            zeroGradient;
    }
    circle
    {
        type            noSlip;
    }
}


// ************************************************************************* //
