/*--------------------------------*- C++ -*----------------------------------*\
| =========                 |                                                 |
| \\      /  F ield         | OpenFOAM: The Open Source CFD Toolbox           |
|  \\    /   O peration     | Version:  2412                                  |
|   \\  /    A nd           | Website:  www.openfoam.com                      |
|    \\/     M anipulation  |                                                 |
\*---------------------------------------------------------------------------*/
FoamFile
{
    version     2.0;
    format      ascii;
    arch        "LSB;label=32;scalar=64";
    class       volVectorField;
    location    "614.5";
    object      U;
}
// * * * * * * * * * * * * * * * * * * * * * * * * * * * * * * * * * * * * * //

dimensions      [0 1 -1 0 0 0 0];

internalField   nonuniform List<vector> 
808
(
(0.7562759366682267 -0.01752457075000293 0)
(1.031408447559613 -0.01253347670241633 0)
(1.11354455251886 -0.001228936033001019 -1.740530176543292e-20)
(1.08513088870668 0.01257006886177738 0)
(1.360597129038895 0.01294849971433277 -3.81582184954153e-19)
(1.0386997456992 -0.009431528617525132 -7.294062256782847e-20)
(1.014460671420726 -0.02048586085346634 -2.419559764622921e-20)
(1.079020554461508 -0.004856353721310134 9.002083061881125e-21)
(1.252478896622317 -0.02181701772144018 6.256305793853476e-20)
(1.085098387859808 0.00881764090851722 0)
(1.008405184824286 -0.0119950211680068 0)
(1.303511635715465 -0.05447050332205032 -3.459271400410559e-19)
(1.086344213855053 -0.001757117068204086 2.040817354699021e-20)
(0.6751362809660775 0.006376647695575457 0)
(1.276707969607151 -0.1227369988974877 0)
(1.081938259100189 -0.0003095551964130968 -3.858507810744656e-20)
(1.226407084313766 -0.1518309900054621 -9.721506425890303e-20)
(1.074399739475938 -0.0003791921141320307 3.197891872558073e-20)
(0.9890539852745607 0.00551611168772099 0)
(1.026951285703901 0.009364539188060657 0)
(1.035791240609111 -0.01582689091958548 0)
(0.987591069075798 0.04544486535214822 0)
(1.051035356432011 -0.006189075887336415 5.797146595259664e-20)
(1.053802553563525 0.008321422649354777 0)
(0.9338615007548453 0.1998524716121572 4.564322857193053e-19)
(1.160903886805395 -0.08995360977791461 0)
(1.184533284976337 -0.02009742938151281 1.538653393145807e-19)
(1.077166741571218 0.009651770503138786 5.237668621467942e-20)
(1.08391485252468 0.001863698306867646 5.121903833980828e-21)
(1.071882249733702 0.03096691194662073 0)
(1.075380477877015 0.002619843012056016 -1.183747888987151e-20)
(1.033456538169346 0.006389844612493122 -1.874010662476685e-19)
(1.060031158463501 0.0145384054381607 -2.363797357619794e-20)
(1.088727693650599 0.005459696118156842 -2.936695044062465e-20)
(1.121323073385456 0.03646685572592884 0)
(0.7548469463186046 -0.1201036185265166 -4.551740205366595e-19)
(0.9545691642433669 -0.005745415029495643 0)
(1.068844172819224 0.02233482267946631 0)
(1.068816587033135 0.007205853449475073 0)
(1.07376051153697 0.008617420795408986 -2.817888396401462e-20)
(1.093186803587226 0.02276360488584964 1.077096838096166e-19)
(1.150046353122757 0.001836898439379996 2.111350424814643e-19)
(1.095607107202628 -0.002376394308254189 0)
(1.015297495089817 -0.009432471681971286 0)
(1.127187950007772 -0.09541072483504928 -1.647295234396231e-19)
(1.044056225054824 -0.01178887858648551 -8.360078992121888e-20)
(1.058292741672426 0.02668537589142462 -2.70741288523498e-20)
(1.229164458146777 -0.112382977056197 -5.566266566872076e-20)
(1.067557992882632 0.01210922700138741 -4.081567218004586e-20)
(1.25609460684704 0.01470990818661932 0)
(0.9973489119438074 -0.01866694109731151 2.176438236231849e-21)
(1.044686407607221 -0.002543524586136936 0)
(1.087310199933073 -0.002284883692592451 0)
(0.9980028976377354 0.007978763798857376 -1.914830860872602e-20)
(1.252514463886296 0.03245799033079826 -2.390319766876677e-19)
(1.063561605615054 0.01827161777841017 5.88799228639226e-20)
(0.9887428854191121 0.01107524051597823 0)
(1.0142790657172 -0.008734993869846462 2.55923285274774e-20)
(1.107137220162359 -0.001759778688873601 -1.153793591602336e-19)
(1.061528612160209 0.03132370386207207 0)
(-0.07320014243300506 -0.0252341132530405 7.748884732598441e-20)
(1.153684368290056 -0.05243435590354351 -1.845218325537198e-19)
(1.002284594903533 -0.006768721150084794 -2.811722741037655e-20)
(1.187076810315248 0.0643444505033673 -1.197997879634594e-19)
(0.9970963511078844 -0.01045433885904635 3.081696679569404e-20)
(1.083927295282501 -0.005482417985490286 0)
(1.24639159758738 0.09087419964540736 0)
(0.6960511065760115 0.003160597558425187 -7.44070609434274e-20)
(0.9886886735247545 -0.01588550257639589 -3.210009356495688e-20)
(1.456378316175944 -0.01974497765377602 4.395109474353149e-19)
(1.060641245762328 0.007580844979280832 -6.555230781266868e-20)
(1.364454838372973 0.09321088278373406 2.843108842930957e-19)
(1.054871922838132 0.006738725499819098 -1.909935264727686e-22)
(1.080945870271984 -0.01412365700755055 -3.00356169385633e-22)
(1.162594225907831 -0.2350275887408075 0)
(1.022587578905271 -0.01495080212727117 0)
(1.01780235176641 0.01799869217245488 -2.999446051419219e-20)
(1.389722793535067 0.3495653885772206 4.237330323510963e-19)
(1.097355997720773 -0.04223015089855823 9.544430157201458e-20)
(1.046910885113847 0.2112356744213331 2.403425572380962e-19)
(1.122452896277819 -0.06264946200424394 1.17965237173153e-19)
(0.9220663910886447 0.005201305483133046 0)
(0.9754256403223982 0.01857154546912133 0)
(1.003969208373026 -0.04841979919535824 3.18055965703634e-21)
(1.01045211123481 -0.01376108071516764 7.725575643934792e-21)
(1.031179713216746 0.02640556508188911 1.35351981520851e-20)
(1.525142151004237 0.0339350134223889 3.214067033953078e-19)
(1.291755913995074 0.06997482474766256 5.632943745783608e-19)
(1.07267582357965 0.002980884023740398 -8.821080855866812e-20)
(1.1945453627833 -0.09891795399668812 0)
(1.033981380658127 0.001575393909291045 1.28835333505451e-19)
(1.164293969926724 0.01993480333979769 -3.120550314727321e-19)
(1.001530112860399 0.03255643320554608 0)
(0.9996296055950644 0.001977382655083138 0)
(1.044153595077003 -0.0002817550705063866 7.990197390468317e-20)
(1.216760813772494 0.1020197177919494 4.007155081841133e-19)
(1.011155318851838 0.006945105532702364 0)
(1.087656228179897 -0.06945901399338615 -1.069137748287912e-19)
(1.150716247242402 0.03490168072853032 0)
(1.213969174630827 0.08856212845345067 -1.880997581000928e-19)
(1.108280156531934 -0.0288098542474706 -7.789250148040213e-20)
(1.027919085659572 0.01181399743058731 0)
(1.085393454834858 -0.004622322450290554 0)
(1.020098233832532 0.02623581529673082 7.846505142871626e-20)
(1.07537042565798 0.05553824747393764 -9.312924658932787e-21)
(1.103633362692877 -0.004338328294189976 6.42911738422787e-20)
(1.103805990529833 -0.09364804511952633 1.525951225538738e-19)
(0.9616153215827727 -0.001915550605880784 0)
(1.066313103252424 0.03143930471420599 3.695734347120014e-20)
(1.167387275042317 -0.07672377392801796 2.255045190853523e-19)
(1.053748120257762 0.04656892999011089 -2.851656688672786e-20)
(1.02306357418939 0.0681869616681927 3.6421879739839e-20)
(1.0904566650229 0.02621536090616619 0)
(1.014794892985079 0.01366477249143093 0)
(1.028964286247154 0.009378713875694351 7.857628396773314e-20)
(0.9485525026704644 -0.03201324241400084 0)
(1.053217398654798 -0.005462446221336691 -7.413765163484615e-21)
(1.33902320616147 0.05585307161188916 -1.542886918134369e-19)
(1.079643217483444 -0.01327283847398141 2.641735873072232e-20)
(0.7441801731564821 -0.001766272219567053 0)
(0.5597417302246923 0.1719337208633558 -1.067783745301367e-19)
(0.7059080244097586 -0.002483161274545345 0)
(0.6990071036173038 0.01466312753520415 0)
(1.077826290222111 0.003504847786840395 -6.450134714797756e-22)
(0.9906455242685631 0.01443555202639113 0)
(1.281156001545995 0.1221087303211225 2.55242652649414e-19)
(1.012209675055003 -0.02796439037690585 -7.369032864330522e-21)
(1.040339481386594 0.01676870968936243 1.302184382899606e-21)
(1.05845440600341 -0.01240106835199287 0)
(1.126390589713985 -0.009224850299035744 -5.124484541456425e-20)
(1.264536488373123 0.1223872915579103 -2.186321503035095e-19)
(1.088846910386319 -0.01086571536982898 -8.566519713960941e-20)
(1.07115010477648 0.02537487719496921 -1.067589947631652e-19)
(1.041121182726578 0.04679057475895163 7.425100072709156e-20)
(1.022421461128783 -0.003548612067090367 -3.469667982579641e-20)
(1.06125025334465 0.02371299854687465 5.710376332657589e-21)
(1.139128061051128 0.001963698523044328 1.047941037112086e-20)
(1.040356870887101 -0.01268096662678225 -4.697025824328279e-22)
(1.087585508580306 0.03479293139893695 0)
(1.028694412065367 0.01351682272383567 0)
(0.7908203252035964 -0.07974971339931118 -1.836918590999396e-19)
(1.03031295186599 -0.002082008421783439 -6.531294075114561e-20)
(1.136194208197092 0.002357153997055972 -1.276296011928907e-20)
(0.7035224532668667 0.006544683053019512 7.148543020311378e-20)
(1.17601250135942 0.01863542005157145 -1.970637486560726e-19)
(1.13226391445822 -0.001591529781230171 5.611728131039461e-21)
(1.129051850484178 -0.01009974650988548 3.362823986401968e-20)
(1.000934756585012 -0.002989089388183799 -6.679989683970488e-20)
(1.096586978339972 -0.05685046130643557 0)
(0.9888890937300396 0.002014729292801615 0)
(1.057920808217296 0.007026631586264685 0)
(1.006278878131058 0.1898137333481847 -2.358543869262269e-19)
(0.7794447160515834 0.01243598920630283 0)
(0.8570610433996882 0.1036089777341682 -8.196215396638556e-20)
(0.1045860169627466 0.03135466186943177 -3.004874329400972e-19)
(1.172480928019911 -0.03263971197208806 -2.289759666766755e-20)
(0.671235947329749 -0.007368578693982252 2.450622566023986e-20)
(1.162294904807012 -0.1044811577099729 6.982570650758554e-20)
(1.12897803263841 0.001138414872353964 -6.039123704780727e-21)
(1.153968846932466 -0.05097268149287376 2.225077838053839e-20)
(0.07194607151972002 -0.1913326086575287 0)
(0.2552238738105481 0.06268626151470705 0)
(1.257669253028419 0.1033330732014149 1.841407860517407e-19)
(1.021429848990352 0.01987901764297181 0)
(0.737578607360466 -0.006292147032284401 0)
(1.074803659055588 -0.01154810949425801 2.72711184377632e-20)
(0.9751238014679896 0.002885224430934677 0)
(1.291310701820556 0.1176330222195319 -1.437482439051415e-19)
(1.057357155147994 0.01101275581366515 0)
(0.9923768209262805 -0.007794394821772364 0)
(1.065314815976078 0.008110580521257517 0)
(1.006260889271538 0.02091640186862115 2.186938578986997e-20)
(0.9265666420317706 0.004287664078466894 1.295894719018342e-20)
(1.175062256227207 -0.1990122255392031 0)
(1.00498618030656 -0.005220787527932053 7.997489389157079e-20)
(1.059235694280597 0.006181101807651804 0)
(0.7745386513786289 -0.003340861673202118 0)
(1.216587356968277 0.02549867998840558 1.615356139164327e-20)
(0.7051094199594511 0.001354135800684686 0)
(1.431185572136703 0.0843349555305327 -5.109652317463929e-20)
(0.9940094846245646 -0.005383287441594433 1.658056111125708e-20)
(1.275455269673767 -0.004520584108824053 -3.004641235772225e-19)
(1.059978828296545 0.008917720402568117 1.327325393045482e-19)
(1.000900556979539 -0.01355158902492845 0)
(1.211061086588194 -0.1513366327139579 2.046423548623487e-19)
(0.7331653054089016 0.01378699884363989 0)
(1.098054012463848 -0.004970905238932539 0)
(1.156008787065901 0.06448254739960339 1.88874180748988e-20)
(1.006272415323766 -0.006903554328630607 -3.041563275375343e-20)
(1.122908933823785 0.04990651220691168 -1.710642375680837e-19)
(0.1542441801732474 -0.09238312321080501 0)
(1.074072257962701 0.03776637377517648 0)
(0.6615589549811716 -0.002871345949287292 -5.160800354419821e-22)
(1.012068423893461 -0.01971866640910768 9.01719770014701e-20)
(1.061728441050255 0.0008219026551857045 0)
(1.085480224700577 -0.1411611723220805 3.793753593609111e-19)
(1.002519230838697 -0.006133547786028534 -3.315936479740363e-21)
(1.002515071429577 -0.003849638427410631 1.273976755636588e-21)
(1.09403652933624 -0.009170878872195885 0)
(1.020805183308376 0.02015197788910808 -6.641196380482566e-20)
(1.106793537689574 -0.001651965402687429 6.328117438882255e-22)
(1.074072308471387 -0.01061056386628712 6.604991500420583e-20)
(1.085627016665083 0.02221834956744285 0)
(1.323943391655961 0.1566582923590992 0)
(1.002095732154551 0.0005782357752952471 4.408184034408058e-20)
(1.32146396615179 -0.1341974773252567 1.601470634477139e-19)
(0.006525573775559877 -0.1384566163198771 -2.321354596347631e-19)
(1.071137022055514 -0.005427475026352045 0)
(1.112512362262715 -0.002018009189067471 1.186983223100858e-20)
(0.7268528825111766 0.01782718779421209 0)
(1.058407495773176 0.007977829356660084 0)
(0.861478663836162 0.1618287609640668 4.616371946646064e-19)
(1.282549892096598 0.1180775087793927 1.840772012842526e-19)
(0.6541232879682358 -0.003112372343193309 -6.48515129189347e-20)
(1.04065229719801 0.002196390400377601 -2.488457131034589e-21)
(1.05492279772717 -0.0002156662111815685 6.465362795707737e-20)
(1.35990089143743 0.1173476256207446 6.56147406012907e-19)
(1.338099493565361 0.2524533939876842 0)
(1.057089679878576 0.009712239018521271 0)
(0.9964489045769622 -0.004608543699460128 1.378527631586296e-20)
(0.9942005536945422 -0.003732212773209743 1.367122602730729e-21)
(1.386101364386243 0.1995635660987644 4.330094299955259e-19)
(0.6817951998403398 0.0005898254264206309 9.933779508639082e-20)
(1.005722579426064 -0.002124652852112607 -6.006418361177196e-20)
(1.098038454778105 0.01314011129233825 2.554843088628981e-20)
(0.6694518171068438 0.004967208196984952 0)
(1.066081607656126 -0.01203417780269483 0)
(0.9974190337279503 0.1266701214958876 -1.358736914557753e-19)
(1.083733005092971 0.005684689264532387 -2.563614736586637e-20)
(0.9818840592861622 4.126350900102592e-05 3.308736220127896e-20)
(0.9912114311537475 0.005988220213533358 0)
(0.6381490383131 -0.001138140000094076 0)
(0.9767892696558992 -0.001304586141335467 0)
(0.6419629898261681 -0.001428105780681083 2.676549495428769e-21)
(1.08685786312467 -0.05667689407921787 1.2170329008827e-19)
(1.109081985684021 -0.005038565912293289 1.171158233448766e-21)
(0.9580604794017219 -0.0008747188938198301 3.88744612002378e-20)
(1.016825256489993 0.01072484133832646 1.711045314078953e-20)
(1.06418025320919 0.01054473120208328 -2.230872485292649e-21)
(0.6348250106931512 0.008853849930516767 -3.622495598319107e-20)
(1.004155873345492 0.01253163110083859 -6.229803668410645e-22)
(1.037278331220715 0.0110237327236171 5.126431556845852e-21)
(0.9865613448431322 -0.003356839938702318 0)
(0.6100495484119229 -0.0004458394698493883 0)
(1.06900253166477 0.02261663558896368 0)
(1.015705206538815 -0.01642942002182436 1.043560173225194e-20)
(1.022033693963242 -0.002830490492255697 0)
(0.9932565083434081 0.01441163759731412 -9.551647550972208e-21)
(1.010453721054852 0.006373505574170341 0)
(1.13355692958054 -0.001315879211096432 -1.266460920851713e-20)
(0.03054890513175132 -0.1385228886960855 -4.227650166714981e-20)
(1.034734128358328 -0.01655880808436593 -6.818504731993563e-22)
(1.045245695214241 0.009252862173907467 0)
(1.08727847739627 0.06873007847646553 8.410832881088727e-20)
(0.9684757645985012 -0.0007688663627946877 3.114546806080701e-20)
(1.020223864887779 0.01701453493721949 -2.248096017788714e-20)
(1.007106087627713 -0.000575249632966008 2.401622115312093e-20)
(1.039629406251887 -0.006388876573204959 0)
(0.6409803861853449 -0.004070610207783071 0)
(1.026025651842984 0.02447764404336707 -7.947246083347441e-20)
(1.083516179037844 0.004228274784532561 5.053332142872193e-20)
(1.011519521160455 0.005622915242655426 0)
(0.981742385257581 -0.0007863304390230051 -1.914250482226484e-21)
(0.8598884078325129 0.01532892951641566 -1.337011858389321e-20)
(1.013941503120633 0.002964137991670098 -9.679351389425655e-21)
(1.024511864298327 -0.0007471712671485162 1.813989960871556e-20)
(0.9793991403923806 -0.00130718171853839 0)
(1.007668851017202 0.009243302412932773 3.234978680957544e-20)
(1.108697363903636 -0.003927665972480584 0)
(0.9346469166136758 0.009369399331923961 -3.359209532860075e-20)
(0.9550882439342775 0.003787982365810715 0)
(0.901582680920046 0.2032455516193038 4.984796231226555e-20)
(1.011231749473117 0.06762820667696702 0)
(0.9906212833336906 0.004270903813160708 -2.30636048299499e-20)
(1.054834157211928 -0.04901470358303399 -2.729936142217788e-20)
(0.9934671771089651 -0.0009839715826073766 3.298723860016842e-20)
(1.007281969504921 0.003578487737258065 0)
(0.980684692676954 -0.0001362800801573644 -3.064424187247566e-20)
(1.178254718039268 0.09645325459096345 -3.328050942641292e-19)
(1.06763797158437 -0.263193108260138 0)
(0.9949937549944738 0.001236269131587068 -2.235061620043378e-20)
(0.9776752900821206 0.007399995845720491 4.762116241712495e-21)
(0.957856614612872 -0.002504816481302571 1.056051739428933e-21)
(0.746037186639827 -0.001088463909225171 0)
(1.114277669484184 -0.06970428026193938 0)
(1.006454736932453 -0.0008791643982497032 -2.189634152023304e-20)
(0.9030828609642582 0.0009398036992786485 -1.095859275004672e-20)
(0.8424251383911016 0.004824562403734383 5.112390216241426e-21)
(1.010442705815811 -0.0002864925770832297 0)
(0.9597090416966373 0.009369998300794703 1.578953055381517e-20)
(1.005757459235111 -0.0001918780974475324 -2.248933475976466e-20)
(1.025985555990628 0.0007820643985583787 -2.484248688086069e-20)
(1.112303786754249 -0.005875354496316799 -4.895391746548734e-21)
(1.114312378427952 -0.005711822439491723 0)
(1.009524637923192 0.005495657458419022 0)
(1.025203076590869 -0.002172169400060285 0)
(0.9492046137898235 0.01055235291146495 -2.072911427942407e-20)
(1.01787921898382 0.01317313209073467 5.616313750834244e-20)
(1.085341922437005 0.00285068387828805 -2.337604673968725e-20)
(1.037054761283101 0.003883513400464249 0)
(1.108498666905155 -0.004124075222314779 1.814472608612037e-21)
(0.9952464313306306 0.0008817596562711934 -2.232934453807092e-20)
(0.9793339172396026 0.000288961162244292 0)
(1.010426990046508 0.001916589517612959 4.702086579216908e-20)
(1.361849787919902 -0.3135488924211262 -1.118805218788269e-18)
(1.120741117320373 -0.0456900473346523 -1.110880780762866e-19)
(0.9758182526414722 0.0125253487782766 4.678148426256006e-20)
(0.7757961488649417 0.01978030436477239 -3.643165281533841e-20)
(1.222294332393204 0.04838258190531798 0)
(1.213554347970012 -0.1337638237280862 -1.480765460153627e-19)
(1.085485262193944 -0.001076531686209836 0)
(1.009386646261675 0.0007997120683751621 2.259357205300293e-20)
(-0.1928162596742288 -0.07761415071172097 0)
(0.9939715044804268 -0.004677294107359462 0)
(1.012323736002069 -0.02304768622388253 3.875285779532736e-20)
(0.7062524754756668 -0.01941298570733607 0)
(1.096800003314145 -0.01502144120925471 2.368735955833447e-21)
(1.039004010694008 0.004427630059194604 1.409922526515599e-20)
(0.6331738505652262 0.004170491314629683 0)
(1.444743852455329 -0.1237975274018297 0)
(0.9860194888311421 0.002221822138242521 -1.071187014234548e-20)
(1.069599766252338 -0.01501381692727682 0)
(1.037971245711917 0.0005838866620883323 2.06877992508298e-20)
(1.087116624945578 -0.004028613412246936 0)
(1.010624970792399 -0.005856905021184217 -1.265999024047293e-21)
(1.006198178527255 0.003279470770301073 0)
(1.010407707066051 -0.0008487676269016215 -8.018822582632114e-22)
(1.003779495534171 -0.02003399603690495 0)
(1.034971996740575 -0.004378261409669109 1.858130617855725e-20)
(-0.2104280924587129 0.05108901175694962 2.808169672886066e-19)
(0.8165617144954624 0.03796515352525463 6.016367757612787e-20)
(1.005062523802663 0.002355227348722588 0)
(1.121992778964619 0.01710581675088545 -1.283039697836904e-20)
(1.10856437616838 0.007705107365806366 9.677542546286017e-21)
(1.053901476873138 -0.01289066120262565 -1.32457011520142e-19)
(0.9987730441089887 0.01040176369010499 -3.002859678172613e-22)
(1.085277070679983 -0.004699435142408407 0)
(1.187730836571998 0.04924537293842879 0)
(0.8350112971963114 -0.07366110001504139 4.609668055465673e-19)
(1.09387583632176 -0.01164029154693408 0)
(1.033227533898193 0.008055108527507519 -7.706561805145695e-21)
(1.04271762884944 0.005402162853382585 5.703086461195503e-21)
(1.050982425135733 -0.05901116884714624 -7.549453957404267e-21)
(1.13984923923829 -0.002631328646678668 1.721523170164091e-19)
(1.077302434198351 0.002713137618616577 0)
(0.9947890790781947 0.001905330361451096 0)
(0.9982496333465448 -0.02499145833657682 -2.37994955354462e-21)
(0.9913710261251912 0.003301594887456473 0)
(1.029349174422668 -0.03661525060702265 6.502466184268636e-20)
(1.293254250025525 -0.09916037590729619 0)
(1.043555292860376 -0.005928939831746152 -2.482588016670032e-21)
(0.9861807249212501 0.01680715758119919 -9.061922169922361e-20)
(1.034966089579064 0.04291765616879925 -2.328400119691624e-21)
(-0.08626142857887711 0.1969389370725576 -1.720541729769278e-19)
(-0.06631162837327431 -0.2793950076646028 -1.329214387285431e-19)
(0.8624455725243398 0.1105869654255098 0)
(0.2761884973047721 -0.01271036822054825 -2.888750374866557e-19)
(1.012022896989576 -0.01512315267294096 -1.030958071814596e-20)
(1.064018920298482 0.002668720957369301 -2.068741066867304e-20)
(0.9931542370058958 -0.02149803932261796 3.018572523214794e-20)
(1.027000605442858 -0.02768861707010189 2.627635110751169e-21)
(1.008949381333261 -0.03023850409263672 -6.697046946450629e-20)
(0.9887396298544495 0.004919415907956944 -3.493135565577402e-20)
(0.9939277973352408 0.004548736296722653 0)
(1.024327359340568 -0.001926069806281397 -3.526549459587202e-21)
(1.929488006056248 -0.1561228497761599 1.064827573916395e-18)
(1.05192325439849 -0.01808300430988883 0)
(0.996723282655401 0.007318265459484543 1.487986361004852e-20)
(1.003339752113049 -0.0004797983250643287 4.016309098466302e-20)
(1.176954985008482 0.1514213703686626 0)
(1.008436277464509 -0.02252289778932845 2.563018355140813e-23)
(0.9534822812384504 0.001925172030962293 0)
(1.03785036085874 0.04170915575374845 0)
(1.293349944284049 0.1499785442508217 2.155948436400202e-19)
(1.076939571074392 -0.005777759168531744 2.319152311385965e-20)
(1.016629473570616 0.03188173672964994 4.512761052400593e-20)
(1.077241759807373 0.0004873881690997337 -2.234211595455314e-20)
(1.059030733132276 -0.02257309711156868 2.052118841148258e-22)
(-0.3878614684094046 -0.03712411475412992 0)
(0.9987702297684803 0.01259578353610152 0)
(0.1265955259104132 0.05598436084105907 -9.253909669178647e-20)
(1.005465113256395 0.02143332238440955 -4.009283798182647e-20)
(1.00432766599966 -0.01797122291422319 0)
(1.000482275708105 0.005470279571020197 -4.923668583567451e-21)
(1.081830149499284 -0.04217729174480057 0)
(0.9948932277438834 -0.01925257498247955 -8.035013390638897e-21)
(1.09444144790556 -0.04579395463183415 0)
(1.440653330580436 0.1702601786318065 0)
(1.05449079131107 -0.01170118928029439 0)
(0.9919616470086308 -0.02387304618074981 -4.05937414793356e-20)
(0.983470932631034 -0.01929000036357602 -2.955580429925747e-21)
(1.019466362096547 -0.02063636650494814 -2.09451682626129e-20)
(0.9970088029192987 0.017240813014802 -5.407131258246302e-20)
(0.995704715405749 0.009305345386407106 -1.450146741176675e-20)
(0.9949935194737671 -0.02651377120418372 0)
(1.001706812208739 0.02517031747096066 1.886484832978686e-20)
(1.035848643227378 -0.02343926340540136 0)
(1.110460248690808 -0.03651106973652623 2.520831108227901e-19)
(0.995109718746916 0.01684838858900959 4.483699730944131e-20)
(0.6150729022017188 -0.008686453223152988 0)
(1.155810624014366 0.1489768322868432 -2.503925980483731e-22)
(0.823733509896203 -0.08806051608934762 0)
(1.139214729687827 0.07254861821180292 -2.797640910270392e-19)
(1.313091316044162 -0.3876585431445529 1.273579859014121e-19)
(1.074682180664004 0.06654682088861516 -1.302302260536715e-20)
(1.010890785803686 -0.0294112262431477 0)
(0.9547135063051483 -0.2137810816067942 0)
(0.5421004816976346 0.1706718493127485 0)
(1.013102620198695 0.01401725542089936 1.00301657236899e-21)
(0.7145207587218856 -0.01077002485596927 0)
(0.9981334550232435 0.01678105387001215 3.451881703876408e-20)
(1.023596963865939 0.0002576739510294201 -2.656985265775858e-20)
(1.079123570816093 -0.008004207311274509 2.65307723418906e-21)
(1.050003255276825 -0.01623458272499597 2.670625474316721e-20)
(1.042999941761497 0.01100610048417153 0)
(1.053052652153703 0.02446552884075887 -9.441393890655469e-21)
(1.051586386725231 0.03540893124260511 -1.767454261945874e-20)
(0.9835245846967592 -0.02176581360609761 0)
(0.6248928771722546 0.005132744770945805 9.177617316328152e-20)
(0.8941725634093654 -0.00593595938628128 -8.8528561067253e-20)
(0.9093514174975397 0.005244602422203703 1.446947739866499e-20)
(0.6296389283829323 -0.006416753801978924 1.410928764953272e-20)
(0.9798336612816988 -0.0004922894899764239 2.533938872417684e-20)
(1.00441872071182 -0.01761808969426272 -3.292181066624573e-20)
(0.972833406184217 -0.01581449554940308 -2.879153193303919e-20)
(1.085606421588546 0.001479446326488066 0)
(1.018659568417059 0.005035127512965107 1.082202360951929e-20)
(1.133282832655455 0.04807801724610033 1.34892961159669e-19)
(1.033018885651889 0.04300884834769506 0)
(1.022302377737809 0.002637444761962106 0)
(1.58013099627638 -0.1676940948912155 4.352797774013337e-19)
(1.044898710779519 -0.02792211945385144 0)
(1.022684608352483 0.009101816977388147 -3.580607011449951e-20)
(1.085890040154856 -0.000907783234891658 0)
(0.4902731357938625 -0.005536931272191476 0)
(-0.03432293650932014 0.001296347279064933 0)
(0.9904139898471728 -0.02340999160133686 1.249198049751597e-20)
(1.299310713511158 -0.09652927762683447 3.660797137264838e-19)
(1.031921038473367 0.03892498776573226 0)
(1.02265858969713 0.003463692994236828 -2.18685215170459e-20)
(0.9330828988103324 -0.1651019137936583 -4.319747887419014e-21)
(1.254021612160856 0.07286092535630592 0)
(0.5991750596774241 0.7324742259602479 0)
(1.30461880900102 0.1423536294552062 1.048572314369726e-19)
(1.672797464629721 -0.02632619793470656 0)
(1.071848395652039 0.1312646637494722 0)
(0.7326261177878037 0.003706971470055631 3.458118282970485e-21)
(1.048589072655706 0.0493822923705072 0)
(0.7250648317799152 0.1021988252527618 1.326950008172144e-19)
(0.9968272486747958 -0.01624823837261343 3.58738832132537e-19)
(1.036419913770111 -0.0381180596089423 2.639207419477821e-20)
(-0.3692807803297002 -0.05009570189078817 0)
(1.071784320212997 -0.01611574469189237 0)
(1.090727735423623 -0.01676630085263485 0)
(0.6471225258308647 -0.5003955069877931 -2.50891171483832e-19)
(0.9916976946795826 0.0001082392818215101 0)
(1.091870585839454 -0.02222917310956013 6.748850368288598e-22)
(1.189285523001845 0.1208442476058618 -2.048385600459976e-19)
(1.096360861871714 -0.03821102520887786 0)
(1.005141135414831 -0.02078015810304891 0)
(0.7975655818739052 -0.1982895244884482 -1.736166415510346e-19)
(0.8973971428242729 -0.144219399975235 1.477397964844843e-19)
(1.032281468132783 0.01044626154870867 -2.072987673689701e-20)
(1.023134436717313 -0.009242180672421324 -4.268347255653361e-20)
(0.867205620366569 -0.002250215720362608 -2.279394278758269e-22)
(1.50192145282528 -0.1942355053024988 0)
(1.303876093508873 0.1102057641939933 3.086362057398841e-20)
(1.242368359935084 -0.07985209173687 -3.144296252799151e-21)
(1.095910766634581 -0.01882665075801164 -3.976564369360382e-20)
(1.041830215997562 -0.01845021941799217 2.984194069396632e-20)
(1.092799837474763 -0.0391868075190955 9.546503370360545e-20)
(1.032738954643379 0.02004184679300917 0)
(1.04997111274423 -0.03190938212655575 0)
(1.115853635503505 -0.009043997187271348 0)
(1.097872956418855 -0.0303807934877139 0)
(0.9981074840110318 0.01070156653605681 0)
(1.154338444095137 0.07649609685080902 9.324540320262429e-20)
(1.345355083042955 -0.1600284799279494 0)
(1.043030221264639 -0.0241671261216767 -2.361209573801803e-22)
(1.051295729723015 0.05523439242951192 0)
(1.009938721011792 0.01425974249377576 -3.817044506466518e-20)
(1.033481106355104 -0.008090821512561767 9.361997493153279e-21)
(1.088997181478058 0.01331577368358756 -3.163393070203391e-20)
(1.084142688802878 -0.02955097336184333 0)
(1.07572291440611 -0.005122474642030839 0)
(1.100611952269953 0.09260133451203144 -1.398702113654366e-18)
(0.9348430826100756 -0.148009056640283 -7.114803361791223e-20)
(1.180538359607448 0.109948623515146 1.124624058562596e-19)
(-0.45437845426651 -0.02128514268120646 -2.929011242858019e-19)
(1.019154421108728 0.02968226698437059 -8.561690487406512e-20)
(1.007143275701403 -0.005078061124801193 0)
(-0.2556648256600878 0.01330836018658953 3.573070447773999e-19)
(-0.04346087587453842 0.339307173877656 7.726453727382105e-21)
(0.9952154690839262 -0.00632930387949594 8.901162549067917e-20)
(0.1849054620856694 -0.04235603687503543 1.327672456293513e-19)
(1.094580547064283 0.09101482316735002 1.48092153608613e-20)
(0.09334112918810779 -0.1068486539493436 -5.353201732324312e-20)
(1.108043641946447 0.003164147000684899 0)
(1.093565799239226 0.2499923516348701 0)
(1.021348946583577 0.02193302257438034 -1.676940591455831e-20)
(1.066645414442376 0.06106959847984456 0)
(1.02402161049225 0.02547027837476766 -8.717266661257371e-21)
(1.260006627270326 -0.5474680442578264 7.977166318256701e-19)
(-0.08481728768412947 -0.2233365418246958 2.083830004345441e-19)
(1.296988217966094 0.110889536994807 -6.108813648612457e-19)
(1.124928491160816 0.0008357242354368746 0)
(1.13420515359123 0.1055665790030138 0)
(0.5204096338176247 0.07717024179119311 2.432285696769698e-19)
(1.022900360054306 -0.02084298441818429 9.584257694886667e-20)
(1.005386348720664 -0.02336576254621396 0)
(1.213368078222004 0.2715268485947959 -9.838975596399744e-20)
(1.250126652910185 0.1276459909729776 -1.49918264614675e-19)
(1.02648530373244 0.002717075967025882 1.590971976203344e-20)
(1.295327773898026 -0.08496235066909881 -4.948036301526655e-19)
(0.3096047788765174 -0.02326928078163401 2.844295106833804e-19)
(0.8356395637636713 -0.1505802363389142 6.910930198251756e-19)
(1.055121651189792 0.07112070444152661 1.090117201493867e-19)
(1.040279343254102 -0.003854559132055594 1.265854002266525e-21)
(1.000762681415585 0.01976833774784424 2.852809473357304e-20)
(1.066481439215838 -0.03688013211967028 0)
(1.034480116046523 -0.03844249860934265 -1.436189093015656e-19)
(1.017842890216251 0.03556076972237297 -4.60097579057873e-20)
(-0.06662357688143422 0.08726008977866842 -4.899493611923503e-19)
(1.010717007028959 -0.05771143286952819 0)
(0.8944637695667166 0.007818518717161918 0)
(1.092584121919324 0.0001323814203001141 0)
(1.358906156891228 0.2559602911736666 3.737055370259381e-19)
(1.691983343852671 0.1025596234730883 1.319549837292733e-18)
(1.402749219739705 0.1452116975802158 0)
(1.029987907621864 0.02292025919953408 1.081614319843877e-20)
(0.3440612812945501 0.03071793700435502 3.303091406853051e-19)
(1.122176135331151 -0.001148799211155361 0)
(1.101221177862467 -0.02275093332026746 3.176602640881321e-21)
(1.0987255480895 -0.02642912038076984 2.45040173615731e-22)
(1.143076479070895 0.1005255125179434 0)
(1.299026428939524 0.05346348184877032 0)
(1.040132681462099 0.0008197291470834317 1.155980100025798e-20)
(-0.1484649791145337 -0.1004990807227421 -3.918707116151936e-19)
(1.329715392972949 -0.1567734881709976 -2.18343545231702e-19)
(1.06791257727589 -0.007369113583333498 0)
(1.013727602294099 0.01532113655999874 3.011389946383227e-20)
(1.141435566745494 -0.09319963772999686 0)
(1.01580668525214 -0.01777909590653318 -1.145545453112408e-19)
(1.030691206615571 0.007728677944391714 0)
(1.509342434767065 0.08611216872878302 -2.802822462013835e-19)
(-0.07279401858643531 0.05414654434516842 7.484468835239647e-19)
(1.098529143706517 0.05006487560031091 2.05612837305412e-20)
(1.093161360800945 0.07884052039348405 2.145927964132335e-19)
(1.009837755073076 0.008388435809120966 -6.084618374376465e-21)
(0.003953318865502172 -0.1131916920277506 -4.928431841026062e-20)
(0.02350577418312701 0.1136367416887125 3.662027734098112e-19)
(1.238434033967265 0.132331140545654 -1.563286919889358e-19)
(1.110901485910634 0.09718460350041259 0)
(1.088074987534806 0.0248385029024721 1.784185905477908e-19)
(1.007172455910979 0.02199651306555383 1.761854616920401e-19)
(1.028834206486733 0.001217877776664908 -3.690312786862786e-20)
(1.219543661691491 0.132253848626058 2.554663644786071e-19)
(1.399560555425871 -0.1355852238315735 -2.097752909025674e-19)
(1.066216003510626 0.0500311950151594 -7.384284796034465e-20)
(0.9937837844565696 0.00662402094392298 0)
(1.085961273080883 0.07706503171785099 0)
(0.9784003781436923 0.006424385540569593 0)
(0.9970163340518591 0.008079772824843836 2.288106114860367e-20)
(0.4954585376545101 -0.07522534397745625 0)
(0.9902498518975322 0.003956377818784794 -1.475642850547498e-22)
(1.287910701924162 0.07515034711916951 0)
(1.008190677221029 0.007819733110269714 2.168117268469522e-20)
(0.818689439515658 -0.1270122413147237 5.686175968982933e-20)
(1.102946867626193 -0.0210600186941128 -9.062103204675121e-21)
(0.9398123688489737 0.01661562145658823 -1.770468994883504e-20)
(1.445235482304831 -0.2868234398071748 -5.384738131280965e-19)
(1.138927885905025 -0.09267079728849097 4.756227694251709e-19)
(1.088856342832589 -0.02514953815703779 0)
(1.928409240311424 -0.4699908875866482 0)
(1.619079336522938 0.187790393799011 0)
(0.9858303384601306 0.005803670761573398 -9.276039898253236e-21)
(0.8611337563592049 0.7760623443747792 2.430803109746019e-19)
(-0.01473902942605552 0.2202340732754469 5.483697466010398e-19)
(1.043775324035848 0.009158913430250711 0)
(-0.212809523923757 -0.08256860318920516 2.082186956275917e-19)
(0.9841262181548365 -0.001858340722186588 4.0807863345428e-20)
(1.182237339534878 0.1617704934440771 -1.654859287645818e-20)
(1.044423100487729 -0.02239597294018366 5.411721361471905e-20)
(1.056920818119251 -0.1444473230913615 1.497882548589591e-19)
(1.13257934827398 -0.002207092936803501 4.583906518141938e-21)
(1.110448652279522 -0.01966681334857207 0)
(1.313087164131359 0.5315125941009321 -6.064686180410212e-19)
(1.030361887099458 -0.005510445360733613 -2.230565073582203e-20)
(-0.287374802300533 -0.06953966377806822 -1.977775824730828e-19)
(0.6795680716339975 0.01847198521330465 0)
(1.084826783417788 -0.6963359118470739 -4.789144113476822e-20)
(1.317627202087648 0.0853732854295102 -1.113091560948209e-18)
(1.113697287008162 -0.1081697389591847 0)
(1.08901491991585 0.2804314642324706 0)
(0.9724964043105976 0.003896550694739816 -6.175141020118351e-19)
(1.061634726689309 0.01008232477010177 -4.247689103654595e-21)
(0.9246396520400065 -0.01209535242185572 0)
(1.090572695655743 0.03087732702780177 -1.756170852766502e-20)
(1.365462477170848 0.2123988624763044 -1.836725940137654e-19)
(0.7325242083495765 0.1001501547058797 -1.05028359915096e-18)
(1.078657481104547 -0.0005732768211354939 0)
(1.264331591574535 -0.06177160045837472 7.100356582141213e-20)
(1.006168019921563 0.0004049592509291203 0)
(0.8470063497453895 -0.7728938855770667 -3.323745591296894e-22)
(1.081330431742993 -0.05222437525481316 -1.072279835608671e-19)
(0.877371086924585 0.3272091554673853 2.910818553115999e-19)
(0.8375286535692998 -0.2019549378006882 0)
(1.03004921132964 -0.03519945568053619 0)
(1.053536533523025 -0.02896621182097312 0)
(1.006808499607299 0.0008333116770298055 0)
(0.9811748132975964 0.006210755946175215 0)
(1.352002612194125 -0.2397007021306237 0)
(-0.09881482660586113 0.17862803523316 2.407425124141743e-19)
(-0.05886933267234301 0.06056755392726253 -6.658990631455938e-20)
(0.2371769602835334 -0.1204703539841965 -4.237775555652781e-19)
(1.516312466752245 -0.4374926627710318 0)
(1.034122283583887 -0.01649382366168935 0)
(1.767531632290122 -0.756674848183445 -2.331686943910758e-19)
(1.131128011941717 0.001555313928343077 7.472126669638073e-21)
(1.327073077300767 -0.09352596765139118 2.851917501759e-19)
(1.11043033040333 0.7107757237957428 1.458503943382215e-20)
(0.3398048791906089 0.5964049818474548 -2.143338544699639e-19)
(0.6772585137667523 0.4619676587626316 -4.739911536988548e-19)
(1.058713461989129 -0.1618702524161081 -2.052271083183635e-20)
(1.2236932157788 -0.358882035690365 0)
(-0.05416232563772728 0.2090985916536731 -7.524211781772899e-19)
(1.047334386592625 0.02287113935647184 0)
(1.10986003729307 0.04373627090967699 -1.546426449382979e-19)
(0.8167551503666142 0.9003323325057453 0)
(1.066142613162387 0.04304168187033109 7.02483072901079e-21)
(0.2687307498342858 -0.0592899874556166 0)
(1.108133997898734 0.03426436269000122 2.358138906041382e-20)
(1.37434347494835 0.3251776419116086 -5.596798996677454e-19)
(1.074448452328742 -0.01305333687232539 -1.67507806364378e-19)
(1.473649026787761 0.1590168675675996 -2.556415386447636e-19)
(1.334265951851821 0.4197394279697273 0)
(1.177669368639167 -0.2726372995247489 0)
(1.305052188727233 -0.1400027677477804 -1.235568082669101e-19)
(1.066816594116018 0.01622145387963144 -3.326270058290769e-20)
(1.06070695276625 -0.0119620184294663 0)
(0.73679136142015 0.1423856080584901 -1.134013526577473e-19)
(0.7723684022709489 -0.5737676499938883 -5.865969995909005e-20)
(0.6669471973127217 0.206585919935267 9.560869562714541e-19)
(0.968260272546689 0.1098703152004263 3.27549288208542e-19)
(-0.002260624209019477 0.09310647050035942 0)
(0.5536368165429992 0.01659264646599294 -6.379400337821364e-19)
(1.057597213300365 -0.03970677047611295 -1.901952252317819e-21)
(0.7023853434172209 -0.1219988000884793 -2.816448997257855e-19)
(-0.000591766583811406 0.2405773970397653 -3.041357994926697e-19)
(1.180663008869132 -0.08021179839902472 0)
(0.3996944860515944 0.01601366684723015 0)
(0.1610819399319017 0.3756583373515123 0)
(1.44556265300288 -0.2655910117609245 0)
(0.2332870121609422 -0.3544495296360356 -6.455403688902261e-19)
(1.592424116052052 0.03845975546153809 -3.854525736988062e-19)
(1.024627782873918 -0.2005109588341358 0)
(0.6655280706168423 0.02270099311493085 2.438535368722818e-19)
(1.02452097050608 -0.01123889649030594 3.560148599276433e-20)
(1.139590466446443 0.2367648446962621 0)
(1.738917452726102 -0.1131957937395191 0)
(0.5793394500092643 -0.7340693716965114 -6.654466246182209e-20)
(1.270869362341164 -0.112061159766957 -1.016941646835858e-19)
(1.410036286436959 -0.08792153738551423 -4.355329416401236e-19)
(1.48725810793722 -0.0678149019928231 3.699890206993399e-19)
(0.09656104519704138 0.1041408379506563 0)
(-0.1180396839952066 0.09495121390460678 2.863486337028793e-19)
(1.038105491633994 -0.06319970371450455 -4.776658730708766e-21)
(1.119259924694759 -0.1399160814181812 0)
(0.6397376955919899 -0.3532595199255679 5.242752889101249e-19)
(1.048700769910672 -0.06313051496932663 1.347109321399202e-20)
(0.8570577055110449 -0.1467929785103243 0)
(1.317451342979996 -0.139212384005839 -1.080760116884053e-20)
(1.122694929247035 0.08148260170492866 -4.381524194985723e-20)
(1.091074695197995 -0.004997556646914151 0)
(1.130078701537167 0.5722058860921071 -1.135871513149713e-19)
(0.3410504113631866 -0.5959807023096377 0)
(1.060916491993396 -0.003406165494613464 2.825304311954031e-20)
(1.097109624050992 -0.006280928596575649 2.690563530920024e-19)
(0.09398684219922593 0.1564327310774324 -1.706331798955044e-19)
(1.183776040139053 1.004979830531413 -2.266492323198553e-19)
(1.366358077114983 -0.1381502830176095 -8.737115265919876e-20)
(0.9249294152673773 0.1157992516429805 6.368757258914613e-20)
(0.9973933940862855 0.003990462876085728 1.037112774411931e-20)
(1.064572978624441 -0.1529477799199156 1.842137353169432e-20)
(1.504551563217113 -0.9461762850522447 -5.186189191200529e-19)
(1.536580783365398 0.9528693027569378 2.384837451281034e-20)
(1.427847240149707 0.2225355648431214 3.362861497095362e-19)
(1.028237371978976 -0.007549891920912942 2.093131040470273e-19)
(1.035266007773651 -0.03315487993086404 1.575071266429713e-19)
(0.9918459358367905 0.02257656030753688 -1.89332294090698e-20)
(1.058075100244206 0.03830814999063024 -1.48512822218877e-19)
(1.078489440343324 -0.06543551616256051 2.808365447807932e-20)
(1.438908889146383 -0.1388297746690842 3.42793918154962e-19)
(1.824243370321896 0.7503733601498112 1.876471282646494e-19)
(1.032359527032914 0.03302769637789541 1.011461228870902e-20)
(1.07202626328795 0.01344965441657417 -1.073286947386587e-19)
(1.992399935721419 0.4788996322856479 5.395675935472483e-19)
(1.935554017013622 0.1601121020525651 9.410912885091127e-19)
(1.083812278993534 0.6410293125503729 -1.001578469799706e-19)
(1.110732869719822 0.1721968649956971 0)
(1.044131878008113 0.0229743592135846 0)
(0.5115507992605925 0.442382050586957 1.154780234201923e-18)
(1.373085526725173 -0.2981223093502785 1.85468268034229e-19)
(1.18589865408611 -0.1555414219895124 0)
(1.637670545012209 0.2361337311153064 -6.251284714619953e-20)
(0.811852150880191 -0.1554570621051791 -1.288905875020094e-19)
(1.324790319615322 -0.2089556869142788 -8.953505806168794e-20)
(1.252256324161579 0.3909111787526036 1.464520332368629e-19)
(0.492677463816693 0.1992972500280872 -5.582578273640325e-19)
(1.693312075127455 -0.02110084238722285 3.320231485006545e-20)
(0.8543031722646983 -0.5423483943800557 2.347261777972592e-19)
(0.9989282309124407 0.02405742369362126 0)
(1.624382054424373 -0.1885151863432362 -3.14442089570918e-19)
(1.090949043755 0.1008017744641714 0)
(1.342344448702999 0.5828491597538228 0)
(0.940810772295957 -0.4116420700271728 -2.829758466144426e-20)
(1.248680095817475 -0.02812600460449532 0)
(1.038100806329012 -0.003960353969368427 -1.266408790275563e-19)
(0.7219405100240902 0.1097643260490683 2.987800693015723e-19)
(1.320909741361154 -0.5797656586204664 -5.512394941055838e-19)
(1.049530060486373 -0.6307701422381016 8.276638510217705e-21)
(0.3504674258553611 -0.3732256638729717 -8.588113188500057e-20)
(1.006773630450081 -0.09494517014853968 0)
(0.4461642662970621 0.3059910969154278 1.675631337554811e-18)
(0.2658607862798577 0.02342401170821788 0)
(1.315779755642512 -0.1418483019160136 8.136861858139987e-20)
(1.572656995589407 0.1890736178827322 0)
(1.168932419254098 0.4486066799634544 1.366600267479688e-19)
(1.054118956856259 0.1537323612359111 -6.114543278111784e-20)
(1.031724120480372 0.004315513181250132 -2.04705826220152e-19)
(0.9585364170147161 0.4115002658477417 0)
(1.159577241317049 -1.007390622784096 5.705512792449201e-20)
(0.8911048651606377 0.01125569553594628 0)
(1.070857261689905 0.3808166126979472 0)
(1.052840612380318 0.03388495145108819 -4.290920021685625e-21)
(1.469646743232383 -0.2989108145541566 0)
(1.242004404430993 -0.1846687445932084 -2.912011456054305e-19)
(0.01107044104085245 0.005471336689295041 -1.920624320412503e-19)
(0.2399568803037214 0.02338632452095721 8.86170490800715e-19)
(0.9807074232657073 -0.09770260795498795 0)
(0.4734388969006522 0.6517500548071781 -2.520699204066527e-19)
(0.9175656067182164 0.03156415770692454 0)
(1.541586477450516 0.4160748568015933 5.524391873769904e-19)
(0.4701682725833263 0.1364472741324385 -5.870229701051285e-19)
(0.05814858758253973 0.1756386048557524 0)
(-0.4109997305442102 -0.05007753277171931 0)
(1.03227113604125 -0.0003844716378982326 1.297443765119921e-20)
(1.654708255723548 -0.2260178747773705 -1.092862627671418e-18)
(1.107115684520525 -0.5613365655206671 2.324885400611675e-19)
(0.7826235800696519 0.335987300932681 -8.697355864903425e-19)
(0.9040252876143767 0.1312921135627489 1.413544508938871e-19)
(1.04414829351977 -0.003611681098264923 0)
(-0.2822741272841912 -0.1010347475479454 3.941111460971118e-19)
(1.033654173881938 0.04673808873778157 0)
(1.202105214837448 -0.2458491822340526 0)
(1.565862476526867 -0.1915266014152217 5.215581760131068e-19)
(1.127706102071211 0.07402900271719784 -7.479048625388136e-20)
(1.079504876495017 -0.1465674815610465 8.055802797875897e-20)
(-0.02111503829259746 0.0753424168344148 3.339067475200593e-19)
(-0.0651864137359037 -0.1690584741323054 2.563364139261391e-19)
(1.068229755147539 0.2108040105353415 0)
(1.098886000880249 0.05875788826090442 2.097729012750536e-19)
(1.48964935777333 0.2842849459505448 -3.573188947518207e-19)
(1.320149614503922 -0.4863035871730523 2.337782841754671e-19)
(1.143523651594596 -0.1519933104609602 0)
(1.122232266727729 0.1508127940837882 0)
(0.5251910784247047 -0.6854351731651094 4.187359720844305e-19)
(1.315063572367584 -0.04135106342302338 -3.012357391465523e-19)
(0.997325707986898 0.102081315913384 2.461230316947967e-19)
(0.3133170442995682 0.3610568712524293 -8.86010344083579e-19)
(1.023072882576161 0.1078185594825027 -4.066664086189617e-19)
(1.035570003630605 -0.3945306295995537 -5.432128365508392e-20)
(1.463100181477816 0.1073114466226691 -6.583288967618395e-19)
(0.7777696827563891 -0.8814403142151864 0)
(1.056439342027559 -0.03096211384729781 0)
(1.124457553112795 0.1597671245515298 0)
(1.620932293340957 -0.04213113789599451 0)
(0.8163568888816413 0.5963027423824818 -1.984761953935356e-20)
(1.488926125260916 -0.3567458673009481 4.513117612320112e-19)
(1.544792452447602 0.1464965777524055 0)
(1.13410661630011 -0.457584867083836 -1.591303769015021e-19)
(1.464486798646842 0.344059574308194 -3.58511544306045e-19)
(1.01029059159547 0.02865600682648536 0)
(0.2184613410202789 0.006448246938642247 -2.481119019196834e-19)
(1.339337829164045 0.5114757319288065 0)
(0.9746355912237682 0.007445233881087013 -3.937332879706312e-20)
(0.7625471309619368 -0.2989303007195956 -2.078806908703051e-19)
(0.5084394933218591 -0.07958970969084117 7.89401392806945e-19)
(0.2316495065115291 0.05575615745964087 3.679251167734356e-19)
(1.061296051263052 -0.1378498866579905 0)
(0.03923758574611784 -0.004112443779151483 0)
(0.3459259559645292 0.04334179323203446 -3.01106272178201e-19)
(1.006282085733294 0.01786161357598315 0)
(1.456101313633027 -0.01040262604779369 0)
(1.007502779192592 0.02939383195680255 0)
(0.4676681823303586 -0.2712478608337401 -1.010119721059866e-18)
(1.04955771999611 0.08887217925287531 0)
(1.52750030695988 0.03907664399981148 0)
(0.2409261999896002 0.1116322354316397 5.485618340621325e-19)
(0.8787792782537717 -0.3204770096711621 0)
(1.36863952822954 0.0512942203178569 2.718155055909995e-19)
(1.239767550084191 0.2048685325288395 2.097706622868093e-20)
(0.8999146541150553 0.5557999483055333 1.504758195703533e-20)
(1.034312292944987 0.09958762290434288 4.556937975614421e-20)
(1.031567784712598 -0.1481587211309505 0)
(1.369639609617669 -0.02482091286045317 0)
(1.289329764027839 -0.1263820412217729 0)
(0.6244209714550185 -0.03796645871468173 -1.364442218771723e-19)
)
;

boundaryField
{
    FrontBack
    {
        type            empty;
    }
    Top
    {
        type            noSlip;
    }
    In
    {
        type            fixedValue;
        value           uniform (1 0 0);
    }
    Bottom
    {
        type            noSlip;
    }
    Out
    {
        type            zeroGradient;
    }
    circle
    {
        type            noSlip;
    }
}


// ************************************************************************* //
