/*--------------------------------*- C++ -*----------------------------------*\
| =========                 |                                                 |
| \\      /  F ield         | OpenFOAM: The Open Source CFD Toolbox           |
|  \\    /   O peration     | Version:  2412                                  |
|   \\  /    A nd           | Website:  www.openfoam.com                      |
|    \\/     M anipulation  |                                                 |
\*---------------------------------------------------------------------------*/
FoamFile
{
    version     2.0;
    format      ascii;
    arch        "LSB;label=32;scalar=64";
    class       volVectorField;
    location    "1772";
    object      U;
}
// * * * * * * * * * * * * * * * * * * * * * * * * * * * * * * * * * * * * * //

dimensions      [0 1 -1 0 0 0 0];

internalField   nonuniform List<vector> 
808
(
(0.7562544184334306 -0.01749833221279712 0)
(1.031485002749445 -0.01261774278761883 0)
(1.112226754759516 -0.006357313139129591 -1.761644111428083e-20)
(1.085118586014264 0.0126074707517064 0)
(1.364835193261401 0.01523843059453815 -3.885929736139954e-19)
(1.038733465119876 -0.009346289251256199 -7.214941896068244e-20)
(1.013881241647828 -0.02109389335696049 -2.36004925957818e-20)
(1.079003196421641 -0.005407076360033959 9.015962454691519e-21)
(1.254903556235414 -0.01972899723274393 6.336831167310451e-20)
(1.084919775020123 0.01043114394716507 0)
(1.011011010154723 -0.00757203912596725 0)
(1.306739598403417 -0.05287505953776143 -3.536360166981884e-19)
(1.086158102648357 -0.001961842755856264 2.036898160268844e-20)
(0.6751679963175341 0.006377377686628401 0)
(1.28084465775305 -0.1134394754977962 0)
(1.081434713634272 -0.0001610162120927089 -3.836288196481164e-20)
(1.227760445354974 -0.1431534758405964 -9.594288043130055e-20)
(1.073919423482393 -5.3747784693562e-05 3.181996898497562e-20)
(0.9916624302845036 0.003816273831976789 0)
(1.026288754702159 0.009623408051124322 0)
(1.034934647025 -0.009934267289361748 0)
(0.9874894883816104 0.04446925055584915 0)
(1.05113477031901 -0.005915055096103412 5.598290500420538e-20)
(1.053514344066884 0.00930538711718505 0)
(0.9325956734826042 0.1969355999217719 4.602479035671687e-19)
(1.16605518534917 -0.08445086659158241 0)
(1.18619768212428 -0.01839166004068487 1.577850530762452e-19)
(1.077421146608995 0.009491586196576772 5.200810846647524e-20)
(1.083736772445669 0.002333248548615327 5.067970296109099e-21)
(1.071817967166766 0.03088155595828634 0)
(1.075384716027039 0.002787594692167155 -1.175001680521743e-20)
(1.032987338124859 0.006848428568979432 -1.945265019077908e-19)
(1.05994636577034 0.01474622978127271 -2.376053228555244e-20)
(1.0890501840698 0.005536387560590742 -2.931573160662453e-20)
(1.120518711669528 0.0394413896129924 0)
(0.7551373322063442 -0.1241573278712007 -4.537821706385097e-19)
(0.9547574076188046 -0.005877832059914327 0)
(1.06883224138715 0.02227837920381237 0)
(1.068809575738119 0.007324763903882909 0)
(1.073687596830659 0.008960247757954875 -2.835819534032269e-20)
(1.092404137040725 0.02473881417073179 1.109954878618303e-19)
(1.150974921970686 0.003918911801767238 2.17343685975697e-19)
(1.096023291258681 -0.002286507883203263 0)
(1.015584213585012 -0.009028550135000256 0)
(1.13409243746654 -0.0942700667688451 -1.62709700045983e-19)
(1.044098493801877 -0.01158495493996823 -8.047034351470875e-20)
(1.058155398560432 0.02661978801988519 -2.785692907689161e-20)
(1.231807666677602 -0.1120660513606563 -5.605738316894574e-20)
(1.067606769538737 0.01210525028802578 -4.22480421732118e-20)
(1.258376545259163 0.01800318855819144 0)
(0.9963232261175832 -0.01902784556043829 2.13109177423818e-21)
(1.044675773371582 -0.001822415083280552 0)
(1.087636216445951 -0.002081185256801415 0)
(0.9994288050245925 0.006860015385754873 -1.834311873649516e-20)
(1.250316755518886 0.03453917980912595 -2.337498082072254e-19)
(1.063576247278459 0.01811388046624925 6.094619916227837e-20)
(0.9921915368000362 0.009677533010144632 0)
(1.019977073953682 -0.00724735295126569 2.381671860968141e-20)
(1.107488552263525 -9.760587045719955e-05 -1.191823941384165e-19)
(1.061134063549751 0.03102002108731092 0)
(-0.08683643333567677 0.01080560876572534 7.351344989003905e-20)
(1.155268607123042 -0.05161021752566444 -1.904069481327422e-19)
(1.007168133438428 -0.00660128253255191 -2.616079594893654e-20)
(1.185863452717314 0.07032198090860749 -1.232995060645169e-19)
(0.9979980009525273 -0.009291150874008705 3.023844765380971e-20)
(1.084319895799934 -0.005494706843244209 0)
(1.247989089498162 0.09888963785947334 0)
(0.6960730437151652 0.003193688710240497 -7.470543714082682e-20)
(0.9891518341588217 -0.0133448956736752 -3.150682456204545e-20)
(1.461500677232951 -0.01798210683216582 4.475152746502937e-19)
(1.060471892354236 0.00760372466190448 -6.745111984269227e-20)
(1.369200224861947 0.09715231898830018 2.899243617877834e-19)
(1.054761005782137 0.00689048555374537 -1.905580077625903e-22)
(1.081173031548973 -0.01384300569880566 -4.018138942616246e-22)
(1.165490937443688 -0.2365273086234648 0)
(1.02169544113994 -0.01472841970711172 0)
(1.016960571754331 0.01777939468796946 -3.110246265242585e-20)
(1.384913320624009 0.3485385092346547 4.164213616493748e-19)
(1.097196091833346 -0.04241556571916877 9.394798086306182e-20)
(1.045257931367444 0.2091371551061114 2.517783868566368e-19)
(1.1254688459201 -0.06027260709555646 1.155845006681404e-19)
(0.9219569975423121 0.005129004125352801 0)
(0.975366950290267 0.01851043784056939 0)
(1.004119735728285 -0.0489466985558165 2.765565821319285e-21)
(1.009972917894397 -0.01312368669690569 7.57073904650966e-21)
(1.029764917509875 0.02655663074169204 1.392700485833393e-20)
(1.53087980023033 0.03614114127471502 3.262729402367448e-19)
(1.288546747530378 0.07160042152346986 5.517513808815071e-19)
(1.07229021325688 0.003093723415428462 -9.167127247951008e-20)
(1.198374496133946 -0.09183409795946136 0)
(1.033686932222771 0.001926784018058804 1.337273659413243e-19)
(1.165067364316424 0.02274139591565967 -3.213563602406466e-19)
(1.001434599231849 0.03232724109577913 0)
(0.999626022847532 0.002035711762271134 0)
(1.044495285482969 6.594802180421991e-05 7.7813441878988e-20)
(1.212818957310634 0.1121832493772134 4.15316448152352e-19)
(1.011075646355598 0.006993425799124385 0)
(1.092531108574761 -0.06904449697990918 -1.051275129105278e-19)
(1.150606264920375 0.03828447964115105 0)
(1.213934982477322 0.09693772825519657 -1.953777651158849e-19)
(1.108139802554751 -0.02874574225780121 -7.687193671426339e-20)
(1.027198511501974 0.01177643344651183 0)
(1.085007661765987 -0.004618268082999769 0)
(1.018838427831488 0.02604377608244025 8.099590846056464e-20)
(1.071405348912828 0.05545583227311027 -9.570405398955624e-21)
(1.103839465408358 -0.004131090173468415 6.274906371834526e-20)
(1.111737522315834 -0.09399091232993574 1.50064614066102e-19)
(0.9632379050823754 0.004724432805525564 0)
(1.06602372657447 0.03111868817385734 3.830020885190275e-20)
(1.169306039080712 -0.07630817426070122 2.327058288166612e-19)
(1.051088016126557 0.0461933724687045 -2.910719638414862e-20)
(1.022567419679576 0.06727677677258372 3.728505559340463e-20)
(1.090267554671962 0.02602060932428583 0)
(1.016956585552931 0.01731316640040347 0)
(1.029004690928449 0.009401523260457305 7.889137499934087e-20)
(0.9486579586594655 -0.0336117162779014 0)
(1.052734143860086 -0.005596698362487777 -7.818349540381965e-21)
(1.343257620363219 0.0591315179789912 -1.579021650110264e-19)
(1.079953470466738 -0.01313390847612213 2.61731368036464e-20)
(0.7439359984422781 -0.001729153908162847 0)
(0.581798853913321 0.1877020641081125 -9.827464615775308e-20)
(0.7061982647055187 -0.002521416301068994 0)
(0.6987925660389502 0.01462563235696804 0)
(1.077626556607432 0.003672620406153871 -6.739640990578577e-22)
(0.9906458755237496 0.01452397045366563 0)
(1.277930533416977 0.122779269467389 2.493361177737194e-19)
(1.012337760615919 -0.02780170741732141 -7.812183454175107e-21)
(1.045970944297277 0.02032493786535311 1.842468420168658e-21)
(1.058689790661018 -0.01167212463447097 0)
(1.126661335754096 -0.0091132886605736 -5.001562928112968e-20)
(1.26859177058924 0.1399834612745833 -2.292642270116337e-19)
(1.089367825245989 -0.0111625087198577 -8.563359914252466e-20)
(1.069969894104136 0.02682693414069786 -1.100366145741305e-19)
(1.040743701634045 0.04674150499112451 6.994458510734299e-20)
(1.022594624679452 -0.003772262339919675 -3.458465082412521e-20)
(1.060874454762808 0.02353325301401836 6.022077068211407e-21)
(1.13194902360118 -0.0005272300359813564 1.059520429350424e-20)
(1.039322432146259 -0.01573352092489641 -4.820332273390492e-22)
(1.08743965112921 0.03472869503860691 0)
(1.028004006692423 0.01362942491761286 0)
(0.7658071847196725 -0.06467823127784053 -1.809852346941361e-19)
(1.030183811753108 -0.001603308108903543 -6.858756525904764e-20)
(1.129496046534123 -0.006146934206013322 -1.270741771786823e-20)
(0.7034179816471491 0.006577691390847687 7.355559792315567e-20)
(1.174670667023531 0.0204053750521842 -1.92603033962932e-19)
(1.134696808340191 0.00720436169695439 5.097498844489084e-21)
(1.12896547379131 -0.01000743579555072 3.459258656272863e-20)
(1.000937570192479 -0.002935043871991358 -7.456923866674928e-20)
(1.102698442715758 -0.06589397814647856 0)
(0.9872617785080867 0.004087085185421866 0)
(1.057851647214799 0.00706417242711948 0)
(1.005280761209301 0.1877590584988587 -2.455344630764595e-19)
(0.7791780429948251 0.0124171767287281 0)
(0.8568917313230654 0.1003157747238697 -8.410653066423321e-20)
(0.07547226040101399 0.03696352265130052 -2.995601307487512e-19)
(1.172221616345745 -0.02961472707683343 -2.241642173997831e-20)
(0.6713266094573976 -0.007297464590548858 2.441236754445636e-20)
(1.169965162909478 -0.1003429127396901 6.879216742062528e-20)
(1.122718067421669 -0.004922577946628502 -5.790987306107398e-21)
(1.154937699892819 -0.04772938491150294 2.178321252679126e-20)
(0.1041318524131417 -0.2230497179344975 0)
(0.2407823895531596 0.08094227134854211 0)
(1.259570083957898 0.1121356118592502 1.923896960904389e-19)
(1.021124892260772 0.01978484023753361 0)
(0.7378504491049771 -0.006263546788804028 0)
(1.075375816936498 -0.01164298856139828 2.715761192411115e-20)
(0.9747714417193349 0.002809964752892598 0)
(1.296417638524431 0.1296432785459119 -1.574437059670727e-19)
(1.057438805694253 0.01111235379958513 0)
(0.9938065689409075 -0.007059757677365048 0)
(1.06499911247646 0.008325656896001087 0)
(1.006174063646147 0.02082744655850421 1.874115886185162e-20)
(0.9378015667405122 0.01657483366042148 1.127168286996893e-20)
(1.177626756470623 -0.2000697964221635 0)
(1.005212332936822 -0.005180195410061906 7.87203290516991e-20)
(1.059126464518823 0.00642632590763437 0)
(0.7746750865819874 -0.003277264025536867 0)
(1.217992169050896 0.029022338911595 1.662392261807625e-20)
(0.7049395314304365 0.001349555589411884 0)
(1.436592501237008 0.08775180292113603 -5.266690951308237e-20)
(0.9951645239069404 -0.006325796193100539 1.700929987530706e-20)
(1.273130710919776 -0.001269705884691665 -2.945624063284434e-19)
(1.059496963632024 0.008966551812916362 1.379415794274187e-19)
(1.000911368663328 -0.0135719364482985 0)
(1.213722862189979 -0.1411603491138537 2.046269168776758e-19)
(0.7331926348833975 0.01378771328819505 0)
(1.09853362261273 -0.005024370909165574 0)
(1.153247347861502 0.06965726347382163 1.989023085658418e-20)
(1.006970053747021 -0.006551188627936237 -3.026684289039451e-20)
(1.120808103028261 0.05324785470707596 -1.758515778408687e-19)
(0.0958038924940373 -0.08775129581927156 0)
(1.072016967383642 0.03905103339098501 0)
(0.6617788857630936 -0.002914160375455388 -6.261873457928501e-22)
(1.012163273388339 -0.01938686961104527 9.582615301599061e-20)
(1.061310217015039 0.0007882883487775102 0)
(1.074876509010462 -0.1274718105353906 3.720241014804717e-19)
(1.002841511852418 -0.006189656629568717 -3.419730999958492e-21)
(1.003082153006399 -0.005115850439589473 6.945668937017587e-22)
(1.093924794705723 -0.009311269857987753 0)
(1.020665276260054 0.02057373111215626 -6.369866601958985e-20)
(1.106532693802974 -0.001570097032515337 6.612141236127029e-22)
(1.07455312525357 -0.01128763103047503 6.61457946713121e-20)
(1.085770606881454 0.02226689533828136 0)
(1.331120845725119 0.1619235759203971 0)
(1.002011011406545 0.000203840036294338 4.413353891963328e-20)
(1.319413913750295 -0.1261542961719798 1.561496253297693e-19)
(0.03904148409233296 -0.1896738648286759 -2.464112238166015e-19)
(1.071237038984973 -0.00543173901204102 0)
(1.114594538768456 -0.003881498992911548 1.187597454484872e-20)
(0.7267788935389158 0.01781580138320626 0)
(1.061262525225044 0.008621891007723478 0)
(0.8683530291659984 0.1649045434238487 4.703966655910344e-19)
(1.275615884366759 0.1339767303776128 1.931656891884901e-19)
(0.6543548043045601 -0.003096513980093035 -6.381024906855192e-20)
(1.040461622953918 0.001541851185937266 -6.984995005807279e-21)
(1.054728966511851 -0.0002550447217162636 6.593046446419485e-20)
(1.364524257368147 0.1222868128938683 6.733524700799424e-19)
(1.333983802530078 0.2520348109778381 0)
(1.060171468525964 0.003134634962133975 0)
(1.000568019331747 -0.005970883517679412 1.484124181983228e-20)
(0.9928451027186701 -0.007108957721919409 5.283090745234386e-21)
(1.381809580494673 0.1998261134296329 4.2597706991169e-19)
(0.6817965497326385 0.0004779747215739607 9.891994383043395e-20)
(1.005604181896231 -0.002167972679266676 -5.99045473813584e-20)
(1.098228676255174 0.01306798960330836 2.552993916624637e-20)
(0.6694641458195864 0.00497752151954665 0)
(1.066090753180038 -0.01201265496747921 0)
(1.015620786325608 0.1532896944568951 -1.329971884996641e-19)
(1.092089234434146 -0.007981578054279714 -2.500147826199646e-20)
(0.9820872542478877 6.259100015583937e-05 3.288584815570556e-20)
(0.9912111395258886 0.006032248782855278 0)
(0.6382344349583763 -0.001073049890071551 0)
(0.9767466429175415 -0.001175719228053588 0)
(0.6421416098414854 -0.001464751165718703 2.658533755655313e-21)
(1.090116969954392 -0.05558685467113061 1.196895036712144e-19)
(1.112783434790869 -0.002714608571824553 1.182350602667367e-21)
(0.9579033898516375 -0.0008820413119990499 3.898381687576311e-20)
(1.01654505942099 0.01000694464690707 1.719243922322415e-20)
(1.067131134256087 0.001442191394029061 -2.543703124081369e-21)
(0.6347023800829061 0.008876192436463164 -3.63268235866667e-20)
(1.004900514949882 0.00823671436966672 -8.344818717546108e-22)
(1.036571790387193 0.006748488839951578 5.392566721007731e-21)
(0.9863715756247897 -0.01114858429254829 0)
(0.6099533248767799 -0.0004746176521930016 0)
(1.068755704178675 0.0225439495725316 0)
(1.016969514540282 -0.0164054202455308 1.038548646012361e-20)
(1.02381540602689 -0.01016886216558733 0)
(0.9917776114292702 0.01360295172114721 -9.836054012358233e-21)
(1.009802873561306 0.0008039976404533031 0)
(1.130437493336681 0.001618546459476289 -1.159600240140853e-20)
(0.03768195453942667 -0.1440532902008623 -3.881881875382617e-20)
(1.035473616350086 -0.01839574829292214 -6.082729859988282e-22)
(1.041043199448092 0.0044048339929812 0)
(1.080941238312579 0.06823914239795646 8.478027525437605e-20)
(0.9676215949611235 -0.002361091068140799 3.110212111201281e-20)
(1.020331078993467 0.01669824254289475 -2.342012689990759e-20)
(1.002013474133905 -0.001970267815038009 2.462758163863561e-20)
(1.039523360360494 -0.00747399446582195 0)
(0.6408773037338931 -0.004041579829546952 0)
(1.025813241538224 0.02453998276494775 -7.44908658841842e-20)
(1.08639216565115 -0.006117130754729157 4.9153785589061e-20)
(1.016271271602246 0.006192233209210706 0)
(0.9790605302885736 -0.001904273465242865 -1.957700122696658e-21)
(0.8635441997479012 0.01227846939680821 -8.990454024289258e-21)
(1.014027823998978 0.002571978657302893 -9.878910908489102e-21)
(1.023459614552056 0.0059699976986078 1.870899454975761e-20)
(0.9845433189817262 0.004962174390785908 0)
(1.00403275410418 0.01198107448159763 3.444211261019717e-20)
(1.110246130310227 0.0004451441347419607 0)
(0.9274480468784306 0.005650700926020822 -3.104768566261798e-20)
(0.9566843299608829 0.0006090418783619835 0)
(0.9111767833140653 0.2074864979393733 5.08792262600542e-20)
(1.010813876014047 0.06685791674663955 0)
(0.9924479896136302 0.004788844892746847 -2.264775689150261e-20)
(1.05896777339899 -0.05271090735890242 -2.86093780626916e-20)
(0.9925348233367753 0.0008768075874762926 3.319986214130362e-20)
(1.010013283500335 0.006876728421851541 0)
(0.9784015702539443 0.0006594995998847095 -3.08351167626328e-20)
(1.171962259050924 0.1050392977742776 -3.434521220719525e-19)
(1.069976859779221 -0.2654435792015722 0)
(0.9930995887820545 0.0006472682795195016 -2.251654089316577e-20)
(0.9750045233272124 0.001239567563860378 4.965650964255289e-21)
(0.9636832693626061 0.004039571957403594 9.929679937980613e-22)
(0.745920217973889 -0.001045604104592636 0)
(1.124305323117206 -0.07808041410282167 0)
(1.003006300032071 0.003186910372682056 -2.256821344493796e-20)
(0.9079879320347968 0.01277150660795767 -9.86475845378754e-21)
(0.8492230244155048 0.005958079704716387 2.424839195909435e-21)
(1.014404320427015 -0.007207403595527523 0)
(0.9555917188104928 0.01134538181138018 1.409598157900108e-20)
(1.005554987926409 -0.0002457033594076507 -2.292832711643984e-20)
(1.02273258015424 -0.003294320589309951 -2.545661983782019e-20)
(1.114940626941943 -0.001118581744672819 -4.943426801568055e-21)
(1.119590148465707 -0.0004015628859521399 0)
(1.013221793768565 -0.009922130510752124 0)
(1.019602445009302 0.0005863833620958416 0)
(0.9415696693583225 -0.000504124004975937 -2.014570329731079e-20)
(1.017850020790658 0.01363441018853568 5.415527340674192e-20)
(1.085027403007798 -0.005212731079980937 -2.27221524313685e-20)
(1.040565161510541 -0.008765221993489128 0)
(1.107394940266674 -0.003520218425824766 1.855630913772741e-21)
(0.9944844195749623 0.00230807962206567 -2.228367746684187e-20)
(0.985208722759861 0.003301059230703121 0)
(1.010845094132191 0.003275417237834843 4.656091143790173e-20)
(1.3672178730155 -0.314700928423824 -1.130325277866398e-18)
(1.12214109076998 -0.04306732132374758 -1.088471843691045e-19)
(0.9651016456261747 0.004275277275950374 4.494570028621965e-20)
(0.7665718934529461 0.001697270794119335 -3.094620592085164e-20)
(1.223299624145696 0.05330482907549634 0)
(1.224242632557368 -0.1274560139805674 -1.468127829845636e-19)
(1.080552276329735 -0.0008641272462210242 0)
(1.008076319878375 0.0009671442948294089 2.276133853695199e-20)
(-0.1845346004543156 -0.1408212403005417 0)
(0.9939663246853578 -0.004651661425124249 0)
(1.012418741700943 -0.02312666279564 4.427380656776163e-20)
(0.7063867951489127 -0.01945864742443059 0)
(1.096789359922346 -0.01477652951200426 2.135631416562717e-21)
(1.042439752665043 -0.008302737963390134 1.796328546379699e-20)
(0.6332066229709661 0.004118958719162462 0)
(1.449625649080112 -0.1231842486496938 0)
(0.9862881476236148 0.001371781344653173 -1.081466653951013e-20)
(1.069807635453626 -0.01507026856274345 0)
(1.037816017736919 0.0003925456825156239 2.117655544774465e-20)
(1.080993460919195 0.005720448125619828 0)
(1.011486235273761 0.001763892806022984 -1.077146476948417e-21)
(1.005774384144027 0.003087857624726656 0)
(1.009676937869057 -0.004289217353160127 -5.355059678064862e-22)
(1.004250433854028 -0.02083950279736408 0)
(1.035919674883393 -0.002139554358756139 1.696318103445907e-20)
(-0.1759357765883302 0.02782346129243102 2.684040292448686e-19)
(0.7981815120471691 0.02049325267908607 5.222973492849461e-20)
(1.005529068635616 0.001801757765301503 0)
(1.12885157549885 0.01299392627549135 -1.098739374444556e-20)
(1.119540367682412 0.01054203523253729 8.2667556173005e-21)
(1.054577581948648 -0.01286331686329035 -1.292079930131278e-19)
(0.9987810826109417 0.01036222891289703 8.199443734457927e-22)
(1.078539368748177 0.001781788710019992 0)
(1.187735507031068 0.05388335180737265 0)
(0.8353764502196115 -0.07671328068907336 4.592741490875855e-19)
(1.092913444740557 0.0008198909208475742 0)
(1.033613540990123 0.007389121841613073 -7.48857253716001e-21)
(1.042426564103942 0.005192894635544438 5.997356043095197e-21)
(1.055939621644291 -0.06010436091142525 -7.544825323379388e-21)
(1.139367483667727 -0.0007447642820980066 1.681959674262476e-19)
(1.086869796732903 -0.005458301339790614 0)
(0.9942751706312467 0.001501307383971621 0)
(0.9964982028853347 -0.02652805495713873 -2.343873897337049e-21)
(0.9900556021972471 0.00324261159637799 0)
(1.031469204100081 -0.03805726521262714 6.39369508524904e-20)
(1.290909207158293 -0.09326490318107289 0)
(1.042084214687922 -0.001314700533821868 -4.033470156834886e-21)
(0.9861697854128024 0.01702400808526619 -8.649468966804937e-20)
(1.032763558465741 0.04175636416947961 -2.398148663775046e-21)
(-0.07839079495840554 0.1536600626482228 -1.688032246742064e-19)
(-0.07025894879960344 -0.3022149492689107 -1.330726561591481e-19)
(0.8973922972298459 0.1391448269150809 0)
(0.2889287830714948 -0.03535023944567522 -3.292549441929534e-19)
(1.005238404106071 0.0008223010345353775 -1.325328856742739e-20)
(1.063823936962065 0.002708831105570031 -2.104915902131397e-20)
(0.9912738860842788 -0.01971292202859306 3.007529477823264e-20)
(1.022842387810281 -0.03175454205828106 2.588958633550106e-21)
(1.010052782311615 -0.03200150225472687 -6.568900377947319e-20)
(0.9888701605146386 0.00481062014563935 -3.471697226886687e-20)
(0.9929727559413837 0.005175875989557637 0)
(1.025146779282075 -0.002362678266710427 -3.496098550882836e-21)
(1.937918749172829 -0.15601304785043 1.075921371788144e-18)
(1.043012702914626 -4.426240203511916e-05 0)
(0.9956612759983912 0.008607526681877224 1.549389897934245e-20)
(1.003394436100433 -0.0003317297031717456 4.038077314601298e-20)
(1.15989328456753 0.1492810512010803 0)
(0.9986175421523553 -0.004179752825879078 8.234454252452792e-21)
(0.9499236044300861 0.0008858109289859988 0)
(1.037836294286011 0.04176476556942997 0)
(1.311029341861532 0.1608423569508004 2.355006420258897e-19)
(1.082962447057068 -0.001110170759697595 2.300522221996707e-20)
(1.017198973075908 0.02969319524351366 4.628538794250114e-20)
(1.086138883597437 -0.002185680996857795 -2.218230541538401e-20)
(1.048672015347679 -0.01080783969145918 -8.879154497935235e-21)
(-0.3853798429171246 -0.05282576120572688 0)
(0.9995808274664099 0.01384057692136275 0)
(0.1109885579331588 0.05452672391334069 -9.051407210795647e-20)
(1.007068212268644 0.02080538755472208 -4.157042224220715e-20)
(0.9998758583166758 -0.01983700940068765 0)
(1.001490638011263 0.005517720336167717 -4.965782871421237e-21)
(1.081903427064824 -0.04248721266699848 0)
(0.9942193158405555 -0.01698832721253435 -7.874007370089245e-21)
(1.100598086926602 -0.05964552482424591 0)
(1.445747213091284 0.1755015139989954 0)
(1.05478318886079 -0.01220709234206738 0)
(0.9904007082378481 -0.02445572550447887 -4.039063547449659e-20)
(1.000493563235923 -0.04437371304953715 -3.239379202471404e-21)
(1.014009917511939 -0.01978613545483676 -1.862649332118233e-20)
(0.9968178020603384 0.01655605239719748 -5.620973438933138e-20)
(0.9958037516857896 0.01046527113995141 -1.509989309521254e-20)
(0.9946502021229734 -0.02868227476364964 0)
(1.002657724164702 0.02374629300675828 1.949671524730807e-20)
(1.056762248257147 -0.03821133561299553 0)
(1.111449756194321 -0.03571398209623214 2.613039119047991e-19)
(0.9957253527737882 0.01678703296427618 4.634522400714197e-20)
(0.6150508776749717 -0.008685594986895955 0)
(1.140834928688404 0.1564636272496593 -2.564582255588947e-21)
(0.8509351808983109 -0.08839542859278041 0)
(1.137708019695074 0.07309572376355007 -2.711944008642833e-19)
(1.317365586879365 -0.3896217588717245 1.298716642620025e-19)
(1.068936884342645 0.06298529124513162 -1.261350900211345e-20)
(1.01114554323395 -0.03219308149742536 0)
(0.9562666769951885 -0.2166332704985693 0)
(0.5218929135653844 0.1600076278124984 0)
(1.016397690232315 0.009700082537453747 1.279652396566768e-21)
(0.690751555174295 -0.02842286216864799 0)
(0.9996043369799756 0.0170710976103924 3.579115095323465e-20)
(1.026792060698094 -0.004717907312094529 -2.769188341313298e-20)
(1.078969660032605 -0.008089497644488205 2.7664544864767e-21)
(1.048680872702125 -0.02494156073124858 3.032978020661694e-20)
(1.042471308942394 0.01181084221304449 0)
(1.064265426539777 0.02277308354878229 -9.130801809331792e-21)
(1.049456162012407 0.03597517761303985 -1.81897615547398e-20)
(0.9833398349898665 -0.02282185642023889 0)
(0.6249103813351372 0.005097992182151154 9.172167347898751e-20)
(0.8941492582721799 -0.00590981499524407 -8.847608394941613e-20)
(0.9093813909530163 0.005282838494130965 1.449756312904234e-20)
(0.6295924975610567 -0.006427583157130876 1.406095836092465e-20)
(0.9803362988669353 0.001176060497209139 2.513029000602894e-20)
(1.004434658465986 -0.01745196099007925 -3.545722761071256e-20)
(0.9824677388076311 -0.03799614472904012 -3.26598316425378e-20)
(1.085574385370118 0.001657466719791334 0)
(1.020172913621566 0.004958738464051757 1.010415988319943e-20)
(1.132150835768983 0.04892211112018955 1.311575278751045e-19)
(1.031373405733499 0.04066091692534443 0)
(1.022620156508335 0.002543073992560635 0)
(1.586222149729951 -0.1676541138674182 4.410351658482086e-19)
(1.058392109146237 -0.04775558175095675 0)
(1.017092526660291 0.009434138587891201 -3.810912431080687e-20)
(1.083212523213704 0.005774964986078141 0)
(0.4866786428754464 -0.0145981937333977 0)
(0.01164055185992751 0.02443583988525591 0)
(0.9912764280594932 -0.02424969251204 1.223054381922873e-20)
(1.302587016741108 -0.09582089215718397 3.745688376087604e-19)
(1.033211440648438 0.03475492289550938 0)
(1.022255622688091 0.003508732518623357 -2.24005176342378e-20)
(0.9505669686326302 -0.1601520778564014 -1.232390105556068e-21)
(1.256587888787698 0.07820631587127548 0)
(0.5965925065476795 0.7279835540335678 0)
(1.313625625561183 0.1469392974887548 1.084660169469281e-19)
(1.679563906353891 -0.02540360058598329 0)
(1.049936778576054 0.1164172494520288 0)
(0.7101888813022929 -0.02157721130214762 3.810062451464866e-21)
(1.048383043208477 0.04355031081763125 0)
(0.7577338472581662 0.1268936747746029 1.292359004050485e-19)
(0.996769992420906 -0.01650934907517661 3.571108953089071e-19)
(1.037868746591273 -0.04218885424266441 2.767000011450212e-20)
(-0.3826041808975888 -0.02217832272001282 0)
(1.072278086837824 -0.01643336314708689 0)
(1.085781838301593 -0.003680470345324763 0)
(0.6494901702866946 -0.5058723659770249 -2.460675046012903e-19)
(0.9895087192175257 -0.001314383973082041 0)
(1.092478980298792 -0.02132374954031458 4.93417914889973e-22)
(1.186868615206714 0.121130399380629 -2.000167383445423e-19)
(1.09524418485165 -0.04957271195242139 0)
(1.006223759211957 -0.0211630891170657 0)
(0.7783798957526911 -0.1792281078191263 -1.630724998493812e-19)
(0.8792866485045234 -0.1297315294495585 1.50331940698053e-19)
(1.03128380271184 0.01486597153819812 -2.212752880027161e-20)
(1.023116309323776 -0.008927480871807204 -4.554806002051309e-20)
(0.8807025021386452 0.01279870272584114 2.869135359124339e-22)
(1.507299037562738 -0.1941860999200577 0)
(1.308382046975774 0.1177453849678482 3.004456260186697e-20)
(1.242661258937102 -0.07347689965616906 -3.259579106729064e-21)
(1.095688723401494 -0.01847654217762859 -3.905383864780307e-20)
(1.035070146402142 -0.01333336706174471 2.638126788788907e-20)
(1.092838244743926 -0.0390538895839164 9.189066960233624e-20)
(1.031690078881748 0.02052085528446758 0)
(1.047984156538108 -0.03790541584437761 0)
(1.115955567444382 -0.008937584078179192 0)
(1.094300970931059 -0.0408208281807223 0)
(0.9981965336896161 0.01116201208335901 0)
(1.14926478130864 0.0819152461295818 9.576625432153025e-20)
(1.337453279116515 -0.1518973920974617 0)
(1.035627587640062 -0.02652514162208529 -2.244625404483333e-22)
(1.048363586616256 0.05103752022595159 0)
(1.010282355698736 0.01444529104829821 -3.94550114430145e-20)
(1.033875070268286 -0.007330819325210128 9.1404336128739e-21)
(1.088923851239872 0.01348142001105156 -3.254108699749857e-20)
(1.085294733262851 -0.02793397840173334 0)
(1.070562531380031 0.006317500986490387 0)
(1.107021152320483 0.09404511877587676 -1.418112818299501e-18)
(0.9356433235164441 -0.1506329722003907 -7.065798051433445e-20)
(1.169459428295311 0.1162286710279675 1.142971398477003e-19)
(-0.4748679443606036 -0.01048657148339111 -2.901078203176013e-19)
(1.017875847434509 0.0288775038105225 -8.838902426571851e-20)
(1.005046586030291 0.004925557438828977 0)
(-0.264873000345708 0.002724533088167176 3.555440507220078e-19)
(-0.03809653036106955 0.2866170091844562 7.712337658270694e-21)
(0.9952154986986776 -0.006253510824141564 9.700145723412608e-20)
(0.1862374126251107 -0.04395277283133016 1.339526359841094e-19)
(1.084869894067225 0.08417444761448664 1.436046826121156e-20)
(0.09396376420794246 -0.1119621124147755 -5.527904924125399e-20)
(1.108383915668816 0.002976734027627103 0)
(1.102114851208402 0.2551380366427014 0)
(1.021253536777846 0.02143302535748764 -1.729018292474095e-20)
(1.066019803799244 0.05071582884096029 0)
(1.026760181231651 0.02400363368464333 -8.999407749719457e-21)
(1.264707232694614 -0.54967364809682 8.058616563988289e-19)
(-0.118888011951492 -0.2308958612456225 2.162971329880736e-19)
(1.300827290565103 0.1161450801255289 -6.296399029594674e-19)
(1.121564864068348 -0.003100159322742517 0)
(1.120759906223132 0.101517763377418 0)
(0.526222134517994 0.07983612796936987 2.484281919253964e-19)
(1.023807541933307 -0.02030182810789696 9.364015171789457e-20)
(1.006616754903501 -0.02348799664933236 0)
(1.210118120768326 0.2702006851558317 -9.549363945502843e-20)
(1.264129974598004 0.1330331550332101 -1.569230154729673e-19)
(1.026611369883101 0.003354386468062842 1.543845697520575e-20)
(1.301228689499835 -0.08494650743072196 -5.007266445566942e-19)
(0.2975812546433411 -0.01748602466159545 2.78041880806692e-19)
(0.8271749964424694 -0.1464318662075045 6.747117645061562e-19)
(1.039453837980464 0.04890024214465324 1.066467607114769e-19)
(1.038406036400412 0.002519261283317926 1.828906282350829e-21)
(1.001239835528813 0.0192549147629819 2.972130564174949e-20)
(1.066500924697733 -0.03680717921637072 0)
(1.034768575824334 -0.03849731306590015 -1.531464382663147e-19)
(1.017229856047301 0.03334576644751606 -4.719033984461207e-20)
(-0.04552195121605162 0.06297298703877868 -5.082914968019666e-19)
(1.011072550256681 -0.058369929588117 0)
(0.9108901696773395 0.01717850235649501 0)
(1.08990075771014 -0.001407368673017435 0)
(1.36884463486493 0.2598748187609201 3.795368661333976e-19)
(1.701009783790036 0.1044837728217843 1.337088139919191e-18)
(1.409887633482301 0.1536749461548925 0)
(1.036994742758549 0.02266448048628507 1.09030579684615e-20)
(0.3511653349142376 0.03262829827002709 3.370083852203048e-19)
(1.13370578487307 0.01071020845560019 0)
(1.089106863080949 -0.02050560996659357 2.883354083278972e-21)
(1.088873371706454 -0.03122687061857482 2.330699524665836e-22)
(1.131372529880559 0.1032741031874842 0)
(1.302476896768308 0.05722951645948342 0)
(1.039475734624564 0.001276247280694546 1.174995958051153e-20)
(-0.1520868515006406 -0.1249386592959596 -3.962528445738804e-19)
(1.326919564814926 -0.1451432000055404 -2.153278729627193e-19)
(1.067790841226752 -0.007422158206464971 0)
(1.013117055555448 0.01494181403282894 3.122632543424099e-20)
(1.160008541097835 -0.09955928141241936 0)
(1.016775092612016 -0.01749299748385089 -1.118749670530693e-19)
(1.030691284514914 0.008415930897462691 0)
(1.515209651105036 0.08897051886768501 -2.853054380762957e-19)
(0.002192947561329235 0.05162623632452616 8.489028244498991e-19)
(1.095936943024578 0.05244785968626822 2.152001480012954e-20)
(1.092061154759725 0.07875836938491938 2.066461572049802e-19)
(1.009715417510205 0.008762367329436596 -6.240500371743641e-21)
(0.009557735063904374 -0.1155025096720153 -4.961362148891372e-20)
(0.02405630418591778 0.1050822544972151 3.60076324597586e-19)
(1.223050320755561 0.1443196808219402 -1.606252361391114e-19)
(1.098849173231322 0.07841321376793506 0)
(1.087574943662305 0.02569916041071463 1.72700578917718e-19)
(1.007066458719513 0.02217768912891743 1.68466451543325e-19)
(1.029136401838386 0.0006225463219859016 -3.689901974408127e-20)
(1.214116077893366 0.150616210886079 2.565958154961429e-19)
(1.395523190900344 -0.1273082567482599 -2.046967613985221e-19)
(1.065647442959512 0.05022615249310151 -7.080074003908556e-20)
(0.9933700867322413 0.006852498010363131 0)
(1.079480839498359 0.06551797733907086 0)
(0.9820043973084658 0.006004624033950423 0)
(0.9919514811843181 0.007010812534445104 2.442148204661115e-20)
(0.4879714842190681 -0.07020562374777237 0)
(0.9929641663109191 0.006038760482934506 2.927464652769e-22)
(1.291281287853791 0.08013267811077596 0)
(1.004970642864322 0.004395522574126815 2.233514506157126e-20)
(0.7949675340832359 -0.1193703584706861 5.609105516462949e-20)
(1.090581872885583 -0.01328439364776914 -7.994523797322133e-21)
(0.9398144536652357 0.01656608032868998 -1.764394324029785e-20)
(1.436110747487987 -0.2804732655435343 -5.256259255800237e-19)
(1.130904636332851 -0.09048660030145489 4.677995228769827e-19)
(1.088692519124867 -0.02524127684983074 0)
(1.93595605244427 -0.4715361324011731 0)
(1.626433015920187 0.190487507093272 0)
(0.9857142981695183 0.003064531770287952 -9.770496475906501e-21)
(0.857718544425346 0.7723060770521539 2.382346682116421e-19)
(-0.01124505638598142 0.1869649170482235 5.298773283125073e-19)
(1.039304229169194 0.005022867581395968 0)
(-0.2149650156454075 -0.1155913918973955 2.129957569510613e-19)
(0.9836329664997735 -0.00384680087289835 4.110604608234013e-20)
(1.179724928812139 0.1613710526986318 -1.608526580554132e-20)
(1.044695619104385 -0.02198164428200203 5.6676775084217e-20)
(1.044026194405859 -0.1377202483573587 1.347611615894145e-19)
(1.137371326306335 0.007956676322389894 4.428759642493996e-21)
(1.098593946505997 -0.004140727064002854 0)
(1.308013555620321 0.5293841023631598 -6.003847409882867e-19)
(1.0290124599048 0.005504328543089339 -2.048855825162897e-20)
(-0.3244374704294415 -0.03218971830880026 -2.028097173276113e-19)
(0.679460171024747 0.01844323095402928 0)
(1.088941953747824 -0.6993693388984586 -4.851302578190828e-20)
(1.310723584844809 0.08566477748439771 -1.099447119067267e-18)
(1.115193916064489 -0.1085745797885925 0)
(1.086506029082515 0.2782179876164566 0)
(0.9723674246421811 0.002902769884175079 -6.151064963636497e-19)
(1.066322511646929 0.005684495183924345 -4.206999748712202e-21)
(0.9245786632144672 -0.01215572316546734 0)
(1.09072146362214 0.03087599415255571 -1.759562497349962e-20)
(1.372205104950191 0.2170116993051905 -1.883655198698624e-19)
(0.7323351349067808 0.09603537743875783 -1.05252575203188e-18)
(1.079073180675358 -0.0006817135190601768 0)
(1.262970881213464 -0.05669811107658561 6.964375561274351e-20)
(1.005377876173584 -0.0008820320113145529 0)
(0.8505015215202786 -0.7767621705993483 -8.041887933313589e-22)
(1.082162492906161 -0.05200442744928758 -1.113772883174426e-19)
(0.8754770018281198 0.3234244874531209 2.94576113448364e-19)
(0.8244432229330342 -0.1950567956020168 0)
(1.031933993622124 -0.03511934322255865 0)
(1.054942562555119 -0.02791649392944399 0)
(1.006116383382615 -0.003682296547579648 0)
(0.9811993960093937 0.006189059326345029 0)
(1.33950080889194 -0.2343517759236454 0)
(-0.07666612346221578 0.1286373203005334 2.506988488954517e-19)
(-0.01297821923432162 0.08321335750394268 -5.822048298755515e-20)
(0.219620176965043 -0.09840221219008924 -4.364621682811592e-19)
(1.522025164724348 -0.4393023427122774 0)
(1.034851088303567 -0.01678124455120831 0)
(1.774220166325006 -0.7596840572285518 -2.356789546805651e-19)
(1.14064037588951 0.008920018614179692 5.363185027686742e-21)
(1.323695534588842 -0.08834669626497188 2.788463271329535e-19)
(1.10622636237277 0.7077477023924067 1.450397135433518e-20)
(0.3380192011728416 0.591148028984179 -2.254907447370245e-19)
(0.6756067644099776 0.4570367116631304 -4.804423090153724e-19)
(1.046041330149332 -0.1462839492275717 -2.41570300634216e-20)
(1.227331218205833 -0.3610100505812289 0)
(-0.09439395303734116 0.1914400635912318 -7.132715845907139e-19)
(1.04638239281577 0.02372096610714549 0)
(1.105104143114949 0.02652604696348312 -1.504089280493069e-19)
(0.8130909033988438 0.8938131527283012 0)
(1.070481974069004 0.03301985623719046 7.111467820272639e-21)
(0.2867472841747853 -0.07098934397864616 0)
(1.105873606154979 0.021185300967058 2.375692256704072e-20)
(1.368495488321084 0.3240338054546514 -5.537130316377689e-19)
(1.074936641892941 -0.01166730186812135 -1.63619714779031e-19)
(1.46837245234677 0.159867929894425 -2.514484721762133e-19)
(1.329654125045715 0.4177449160883081 0)
(1.167135193002739 -0.2640815741466712 0)
(1.304405180138136 -0.131359416576934 -1.205679432811767e-19)
(1.066915699244087 0.01621428593626381 -3.323934788237182e-20)
(1.060568483083496 -0.01208846580550077 0)
(0.7464703362601733 0.1463872520350594 -1.155519974425816e-19)
(0.775498086189607 -0.5785713201795609 -5.612874875958807e-20)
(0.6666728514637306 0.2019790653392587 9.615537635714846e-19)
(0.9985902131069382 0.1225032367974195 3.572951208601728e-19)
(-0.004933149004535021 0.08263063360590628 0)
(0.5922734931262337 0.02224114903161 -6.915043417056024e-19)
(1.059735873119738 -0.0391304837191701 -1.868382678461395e-21)
(0.6860968090776187 -0.115296921025575 -2.741418931976283e-19)
(-0.001248176074389116 0.2143292378476108 -3.035470255806353e-19)
(1.181730628812651 -0.07519169411825355 0)
(0.4064481337233142 0.0172944211607352 0)
(0.1602612131074592 0.3693082812646436 0)
(1.437203634701643 -0.2582056003650553 0)
(0.2347597124947093 -0.359576773353941 -6.376927835492012e-19)
(1.59874754906371 0.04000503749964147 -3.913040048986583e-19)
(1.026363356625007 -0.2026454559926279 0)
(0.6867005123617219 0.01614220191515247 2.589285468652078e-19)
(1.025088860075026 -0.01061299100055769 3.473549951069951e-20)
(1.137048515562637 0.2352949015227798 0)
(1.727735442641477 -0.1102374500202958 0)
(0.5820706173485969 -0.7385888855950218 -6.895840749272385e-20)
(1.272581913328496 -0.1042633452466493 -9.953038927540807e-20)
(1.405767056855736 -0.08243473116605235 -4.268973883620388e-19)
(1.481749947889363 -0.0632526751849827 3.62694423609791e-19)
(0.09386764268632436 0.09792049585661526 0)
(-0.1416466859887827 0.08456689660078549 2.7034308161339e-19)
(1.038651928548577 -0.06368741712916816 -4.153028659353733e-21)
(1.120999071299188 -0.1408154091852983 0)
(0.6415234108149047 -0.3582660172183564 5.182420552404536e-19)
(1.049245483350772 -0.06344510652966473 1.488081957038136e-20)
(0.8359374190152213 -0.1339657009192124 0)
(1.313587389417034 -0.1277016436842747 -9.939723176269583e-21)
(1.114659521463146 0.08281297215512466 -4.372385420583729e-20)
(1.090929933282754 -0.004998930728359016 0)
(1.125843863037391 0.5690013941019927 -1.100877780107991e-19)
(0.3430058786416559 -0.600984454074512 0)
(1.060357924065303 -0.003250554050511599 2.829816943927555e-20)
(1.09715384191887 -0.004741820586617315 2.625487907583223e-19)
(0.0739015796027582 0.1546013816681394 -1.633626397342931e-19)
(1.178909703826052 0.9996341291897374 -2.220933428398747e-19)
(1.370454242019609 -0.1377659451121869 -8.918592500210655e-20)
(0.9417958884379147 0.1302614257829468 5.927273262266552e-20)
(0.9983748968188867 0.003442996613103599 1.058493239449439e-20)
(1.047478740006669 -0.1409066639752417 1.751662109895887e-20)
(1.510459923194876 -0.9504928599036242 -5.27222543109382e-19)
(1.530580770956253 0.9486745044012683 2.354006706344665e-20)
(1.434053700717298 0.2269730454101175 3.441891747186736e-19)
(1.028914790139329 -0.007368155478422572 2.041781840103605e-19)
(1.035550972665676 -0.03311889144832684 1.674427268819198e-19)
(0.9922946861273508 0.02161401878656595 -1.956957952314553e-20)
(1.057652899929068 0.03869013994894996 -1.437500384532364e-19)
(1.07940787372818 -0.06545331871731562 2.999587337278603e-20)
(1.433445404689681 -0.1320504019133721 3.359446465638246e-19)
(1.81716178069536 0.7475144098050269 1.862704576628268e-19)
(1.036424595301097 0.02961647293865756 1.044718993495055e-20)
(1.07184291529116 0.0143004710821095 -1.045764210872272e-19)
(1.984138304002091 0.477510803553836 5.337628620430296e-19)
(1.926037686905765 0.1606889718923133 9.288968010402206e-19)
(1.079539121664119 0.6371825277544668 -9.560559147271896e-20)
(1.108699472637256 0.1712073710562938 0)
(1.044101817226733 0.02314897892821731 0)
(0.5100532393197352 0.4372492500091203 1.17262432954163e-18)
(1.377489791453348 -0.2992287643824306 1.892433096611845e-19)
(1.196634771003489 -0.1457873113098036 0)
(1.631028216483335 0.2357379809832055 -6.154782917308721e-20)
(0.7991871992676494 -0.1467506661298617 -1.260796125136136e-19)
(1.328677569655308 -0.2094650265986168 -9.138259810630035e-20)
(1.248341013465956 0.3888378113521229 1.422025190192124e-19)
(0.4925994610552549 0.1941547685290477 -5.623146376215541e-19)
(1.685759541057574 -0.01939942773678524 3.274011037005113e-20)
(0.8571998920663978 -0.5465176220021175 2.169828364416051e-19)
(0.9988836723574801 0.02299546075661576 0)
(1.616092337329919 -0.1846387873136967 -3.079922644791541e-19)
(1.08961090441672 0.1004342464163956 0)
(1.337054232307887 0.5799743810932887 0)
(0.9433460639717309 -0.415474304473859 -2.73951896043463e-20)
(1.247432838943338 -0.02432854333779302 0)
(1.038616276924567 -0.003613070419896874 -1.233202883583426e-19)
(0.7342856675982383 0.1116000173388969 3.06305354402765e-19)
(1.325910578952492 -0.5826805416160747 -5.628579488634105e-19)
(1.053657000655351 -0.6347259031161613 1.254012498476136e-20)
(0.3521160852025587 -0.3805425914457971 -8.76260390987345e-20)
(1.007430796294373 -0.09633976081132917 0)
(0.4458932282832491 0.2998504988581367 1.687469674419902e-18)
(0.3225291684125812 0.06046332761491968 0)
(1.306225392237242 -0.1310195821215288 8.051449640831183e-20)
(1.579481729719853 0.1921270560081555 0)
(1.165160789527625 0.4457582278878985 1.315177791882676e-19)
(1.052683258303947 0.1524302474029282 -6.736615501874058e-20)
(1.031763760060955 0.004664497951113201 -1.976275271190527e-19)
(0.9557484180234141 0.4078498381075095 0)
(1.1645526036603 -1.012958535462984 5.916180564203812e-20)
(0.8910915487636638 0.008622566671104191 0)
(1.06786260659106 0.3778677468660639 0)
(1.060990405127055 0.02750729820659248 -4.741602319940835e-21)
(1.474834893116153 -0.2998569879549021 0)
(1.24503456322184 -0.1852849965502076 -2.988718075243075e-19)
(0.004597082954625174 0.02758282353926348 -1.921200918131417e-19)
(0.2385041870840624 0.01517281844349757 8.85687605912266e-19)
(0.9813809374783279 -0.09954205271414718 0)
(0.4712823440825916 0.6443167435488873 -2.563919658277672e-19)
(0.9173828867184729 0.02909605475642102 0)
(1.535437924598938 0.4143950938603786 5.453016278379191e-19)
(0.4963854612724182 0.1644367695133789 -6.502907339870045e-19)
(0.01336461634987877 0.1896462046897294 0)
(-0.4359579703296815 -0.05007314529389353 0)
(1.032441076216446 6.512972669825347e-05 1.247810106671511e-20)
(1.661096901862496 -0.2265908518503258 -1.107808895248383e-18)
(1.111083756448145 -0.5646020867933239 2.412480667619965e-19)
(0.781052267240854 0.3313890801301043 -8.785177295527947e-19)
(0.9407231075315562 0.1496297913214969 1.546072875766261e-19)
(1.043648657150406 -0.003652580582386651 0)
(-0.3042247126593541 -0.1356431899714484 4.084465616214686e-19)
(1.033267140235522 0.04665547569081802 0)
(1.190236612897871 -0.2373754699779153 0)
(1.55873278132405 -0.1866410728519146 5.08552738487455e-19)
(1.121568006625431 0.07785414845788005 -7.581013776832661e-20)
(1.060923819844831 -0.1377198189544538 8.120567868982893e-20)
(-0.04382030993714017 0.1077706083369996 3.456856815670817e-19)
(-0.08503426863187258 -0.1452327797609546 2.560205077280133e-19)
(1.078236897380784 0.2154438499614354 0)
(1.094653211838749 0.06064942388923386 2.148636396476126e-19)
(1.497280480051373 0.2885979957819974 -3.653145960930196e-19)
(1.32497528831951 -0.4885504856588349 2.387440072684001e-19)
(1.158265744138817 -0.1435246757953875 0)
(1.12030708443245 0.1501746650348781 0)
(0.5278890551633754 -0.6926753033281761 4.103055854169352e-19)
(1.311620050014175 -0.03759614970615081 -2.944393814527482e-19)
(1.015085558395085 0.1043229472494937 2.587676961047503e-19)
(0.3127702902277621 0.3521469543972142 -8.947307281570836e-19)
(1.035660294919078 0.1100174953478695 -4.175707038008788e-19)
(1.038286890942938 -0.3977120075519458 -4.476206454408366e-20)
(1.457854597874247 0.1088612697753993 -6.477566809573748e-19)
(0.7815222761263565 -0.8877638897352458 0)
(1.056876011137847 -0.03062884403364921 0)
(1.14482193087304 0.1796115904353894 0)
(1.613967356527511 -0.03964588400165996 0)
(0.8133576039357703 0.591430427047051 -2.094904699535291e-20)
(1.49453647441956 -0.358022427627552 4.575202047856851e-19)
(1.53854691659342 0.1469467135048161 0)
(1.137616077682385 -0.4606305636054973 -1.686372840316852e-19)
(1.458748260746781 0.3429650461798894 -3.524611568884726e-19)
(1.009378921051807 0.02770326183111613 0)
(0.2080383555374123 0.002773620943753358 -2.436051624768071e-19)
(1.334144032102448 0.5091642607058389 0)
(0.9783765877858194 0.007687824079792091 -3.965854672575717e-20)
(0.763886765223973 -0.3032854722543348 -2.053844214668088e-19)
(0.5085342924573616 -0.0849092134527587 7.873914420418376e-19)
(0.2134988403571587 0.0676834327196059 3.590644787039506e-19)
(1.062473362114158 -0.1390400214724667 0)
(0.04856921089485774 -0.002385297028530335 0)
(0.3440910212264736 0.03746324633916506 -3.027421911481371e-19)
(1.005724503495589 0.01717117297112159 0)
(1.450935674622349 -0.007020713548563495 0)
(1.007039738625332 0.02804770730797526 0)
(0.4695887025607721 -0.2771058307826619 -1.002599412938134e-18)
(1.048693787599343 0.08833484345289838 0)
(1.521601338029431 0.04170845981203257 0)
(0.2169681887414844 0.1326736065473374 5.464640498396445e-19)
(0.8804922922144153 -0.324281552186603 0)
(1.364366038585583 0.05338251060917077 2.672274902787941e-19)
(1.236564158337398 0.2042646450870804 2.039634249971451e-20)
(0.8968274420452436 0.5517374233311051 1.587272495004796e-20)
(1.033355384452459 0.09872418982271475 5.019439725440346e-20)
(1.03276480861967 -0.1496752244204174 0)
(1.365442457209742 -0.02166374025910894 0)
(1.290396828372186 -0.1173189194947884 0)
(0.6247045236309873 -0.04272206330581202 -1.363068395590118e-19)
)
;

boundaryField
{
    FrontBack
    {
        type            empty;
    }
    Top
    {
        type            noSlip;
    }
    In
    {
        type            fixedValue;
        value           uniform (1 0 0);
    }
    Bottom
    {
        type            noSlip;
    }
    Out
    {
        type            zeroGradient;
    }
    circle
    {
        type            noSlip;
    }
}


// ************************************************************************* //
