/*--------------------------------*- C++ -*----------------------------------*\
| =========                 |                                                 |
| \\      /  F ield         | OpenFOAM: The Open Source CFD Toolbox           |
|  \\    /   O peration     | Version:  2412                                  |
|   \\  /    A nd           | Website:  www.openfoam.com                      |
|    \\/     M anipulation  |                                                 |
\*---------------------------------------------------------------------------*/
FoamFile
{
    version     2.0;
    format      ascii;
    arch        "LSB;label=32;scalar=64";
    class       volVectorField;
    location    "913";
    object      U;
}
// * * * * * * * * * * * * * * * * * * * * * * * * * * * * * * * * * * * * * //

dimensions      [0 1 -1 0 0 0 0];

internalField   nonuniform List<vector> 
808
(
(0.7562589377366404 -0.01750108175489911 0)
(1.0315274342293 -0.01262546715860812 0)
(1.111604193930185 -0.006525500466674327 -1.743896404171001e-20)
(1.085119825207 0.01260332985995812 0)
(1.364488263867804 0.01460269401225057 -3.867899862969679e-19)
(1.038746315019309 -0.009364572195462979 -7.248736750000096e-20)
(1.014052632151568 -0.0211222337107418 -2.384158938127572e-20)
(1.079104365995842 -0.005418765515677779 9.035562578185844e-21)
(1.254851552357372 -0.02020307568882753 6.316768479238877e-20)
(1.085068925406927 0.01029545083313366 0)
(1.010006083387241 -0.007724182800955137 0)
(1.30653893506578 -0.05334074672776369 -3.517180281861337e-19)
(1.086236619036586 -0.002003161768100968 2.039696863457584e-20)
(0.6751903413995746 0.006368426745104836 0)
(1.279109171735412 -0.1141716785712592 0)
(1.081488993528593 -0.0002608906619162412 -3.846725298490461e-20)
(1.226327392082081 -0.1432178394462237 -9.505132938077984e-20)
(1.073952817256798 -0.0001228085722952753 3.19059090153015e-20)
(0.9909571771883129 0.003577371617615272 0)
(1.026339689422665 0.009676663788020776 0)
(1.03384382444568 -0.01046032317583385 0)
(0.9875129139320369 0.04461102466630583 0)
(1.051126263830801 -0.005924009434691233 5.640676040630819e-20)
(1.053598293456479 0.009265024455424741 0)
(0.9327274375523453 0.1971815941112382 4.59766159690698e-19)
(1.165045221760728 -0.08447508157517464 0)
(1.186166264220761 -0.01873065212938158 1.568231587440534e-19)
(1.077393204649697 0.009538550054817381 5.208820480433733e-20)
(1.083672966382968 0.002314543604178538 5.082287119391355e-21)
(1.071778806484944 0.03088105641468333 0)
(1.075328723423214 0.002812064654436558 -1.177098690978494e-20)
(1.033042067868804 0.006864889577240486 -1.926463235785242e-19)
(1.059985139781785 0.01468449355355357 -2.365639525967197e-20)
(1.088985391722454 0.005594934864133237 -2.933822312515505e-20)
(1.120895233993446 0.03922783907713574 0)
(0.7550817423913135 -0.1238296223822686 -4.542045855838449e-19)
(0.9547989332276774 -0.005872308653817604 0)
(1.068798732548695 0.02224603395549781 0)
(1.068804180951317 0.007304068585617093 0)
(1.073719337284401 0.008915963002000234 -2.830111960082729e-20)
(1.092644656811297 0.02465354598446277 1.102205615206493e-19)
(1.151057849012823 0.003618356481880713 2.159130549223885e-19)
(1.096011623285563 -0.00226410312725723 0)
(1.01546058513995 -0.009086777280123028 0)
(1.13347259696256 -0.0935533824546545 -1.622597795510671e-19)
(1.044094929457652 -0.01159596102133045 -8.112870176515095e-20)
(1.058125252747863 0.02662149184160916 -2.744339049471389e-20)
(1.231608153372845 -0.1122748919188348 -5.593638712899909e-20)
(1.067563848393962 0.01207058655773635 -4.177037210974436e-20)
(1.2584598463023 0.01734375231509874 0)
(0.9964491994082875 -0.01916595981581255 2.163394450865508e-21)
(1.044710894021186 -0.001874104122643869 0)
(1.087616420909697 -0.002066054022033423 0)
(0.9994746937139155 0.007066833334115624 -1.84104760592617e-20)
(1.250393514239476 0.03417535718953005 -2.34860617007696e-19)
(1.063515310020961 0.01808349956504041 6.025708612148133e-20)
(0.9921256411631668 0.01018645139865001 0)
(1.019123900820816 -0.00671204014294127 2.415929994994939e-20)
(1.107577771974507 -0.0002995412996886315 -1.182506872580936e-19)
(1.061092929270355 0.03105935845109223 0)
(-0.08838448663920084 0.00982844785965295 7.545855993604722e-20)
(1.155168054594529 -0.05181102359355255 -1.889533042745619e-19)
(1.006983175097781 -0.006174405056593679 -2.65343878308131e-20)
(1.186665889046038 0.06980768148636433 -1.227291701876654e-19)
(0.9977847817019518 -0.009293284489575263 3.052816090595258e-20)
(1.084331840390503 -0.005479988612565989 0)
(1.248757551056048 0.09769322356227376 0)
(0.6960802249969539 0.003186504260558085 -7.451879559866536e-20)
(0.9888663238443471 -0.01351256738966137 -3.180842573990931e-20)
(1.460953529225357 -0.01857140528094118 4.454535840512117e-19)
(1.060471482457569 0.007609638219475727 -6.674376213640943e-20)
(1.368869216896068 0.0960449541099289 2.882537746574459e-19)
(1.054786226433519 0.00688200666148057 -1.934334458164497e-22)
(1.081119562288978 -0.01385233180619641 -3.509593194432274e-22)
(1.165225126214638 -0.2364729828355222 0)
(1.021724541410801 -0.01485485970291965 0)
(1.016956533967584 0.01787225126738229 -3.07588369642295e-20)
(1.38537137352275 0.3484562436877871 4.176943460117965e-19)
(1.097272916096655 -0.04246301876525836 9.455014594529858e-20)
(1.045445895558421 0.2093198040155295 2.499547107254194e-19)
(1.124950924066875 -0.06016346189992592 1.159891818613965e-19)
(0.9219410379749615 0.005135959127561345 0)
(0.9753445545032174 0.01850762427015397 0)
(1.004096133430728 -0.0488665675109277 2.868750645032911e-21)
(1.009875194493177 -0.01325593141536533 7.665518930878526e-21)
(1.02985363490585 0.02670635527599642 1.381171648008517e-20)
(1.53024687218032 0.03544023911403027 3.249604341284129e-19)
(1.288783946337705 0.07123579547933549 5.541984076911493e-19)
(1.072303984805281 0.003112249271962597 -9.070235225249187e-20)
(1.197308044501162 -0.09223860363523267 0)
(1.033719234648227 0.001932668876204431 1.324353793261858e-19)
(1.165259574580102 0.02235236686551314 -3.192163202062793e-19)
(1.001445714761271 0.03236986478904903 0)
(0.999625950833991 0.002033220460395758 0)
(1.044464423719524 7.322583422390882e-05 7.829442840636999e-20)
(1.214496835876164 0.1116627520035653 4.144826184103866e-19)
(1.011089865816402 0.006991546201469251 0)
(1.092192575979079 -0.06853188160128813 -1.053606949281356e-19)
(1.150953149993379 0.03793940581995844 0)
(1.214987840186957 0.09592897466572324 -1.946928982722707e-19)
(1.108187955822944 -0.02880286396910377 -7.728294956848925e-20)
(1.027216499662456 0.01183310975213245 0)
(1.08500624009499 -0.004606027814690701 0)
(1.018875504870312 0.02619374275792987 8.023349355275723e-20)
(1.071674311998551 0.0559395381657499 -9.603136671038835e-21)
(1.10382725896394 -0.004128085003705045 6.309262727898297e-20)
(1.111077337281141 -0.09317915493447561 1.49555010833291e-19)
(0.9637348501881849 0.00482824663423085 0)
(1.065975643459991 0.03113642326028038 3.785986285291985e-20)
(1.16915829864486 -0.0764945401369706 2.309306232581128e-19)
(1.051174342230364 0.04660238356574518 -2.893001234357113e-20)
(1.02264606654468 0.06741011509598249 3.714747155221604e-20)
(1.090216063039238 0.02601945219341627 0)
(1.017553185855163 0.01669076426881539 0)
(1.029001999594437 0.009388783070374503 7.869427222518805e-20)
(0.9486245515226123 -0.03340558275114769 0)
(1.05272391609088 -0.005552168727493777 -7.698754323268026e-21)
(1.342993014944678 0.05825015785887523 -1.568875571319234e-19)
(1.079895435807881 -0.01312183745480361 2.636049728847611e-20)
(0.7439446559359515 -0.001724702979650413 0)
(0.5884994995662333 0.1922144965580017 -1.040046903496555e-19)
(0.7062092665110303 -0.002511287499448234 0)
(0.6987685245901717 0.01462371663503527 0)
(1.077639388486543 0.003675528007650359 -6.663363708587575e-22)
(0.9906491634786018 0.01451805558035338 0)
(1.278198512144483 0.122562206441393 2.505094278299465e-19)
(1.012318586708728 -0.02781413735533257 -7.700409824127839e-21)
(1.046124358862659 0.01936142048168514 1.726906851719023e-21)
(1.058701857664126 -0.01174687736228675 0)
(1.126654487874137 -0.009108789794563818 -5.028942852355797e-20)
(1.270563908252932 0.1377780145321211 -2.294461262835718e-19)
(1.089352908500695 -0.01110681380346168 -8.591074769578724e-20)
(1.070188780707443 0.02683885435028241 -1.092658862180155e-19)
(1.04079435401668 0.04675606560442222 7.07737557955333e-20)
(1.022619622918427 -0.003760943453914264 -3.465823840182615e-20)
(1.060848890983554 0.02356386294277026 5.92994436269776e-21)
(1.133386522122255 0.001045803038713567 1.04732117657264e-20)
(1.039129332974473 -0.01555773583619374 -4.819090559593663e-22)
(1.087397128772785 0.03472041649178047 0)
(1.028031180342724 0.01368270448295127 0)
(0.7681180111190705 -0.06840882804891965 -1.805640152866622e-19)
(1.030211257390871 -0.001621575548916148 -6.774248598603605e-20)
(1.129429298351923 -0.005434722442630605 -1.257515037022693e-20)
(0.7034170702715231 0.006574781534704427 7.278426381713338e-20)
(1.174696828070534 0.02013482978679262 -1.935364871321929e-19)
(1.136032229398575 0.007513092547665917 5.03189927532464e-21)
(1.128973174969715 -0.01001214602893752 3.434314412935942e-20)
(1.000936309909488 -0.002939985453193183 -7.261536797267694e-20)
(1.103192228944342 -0.06410206638599852 0)
(0.9880830142971985 0.004789697138546857 0)
(1.05783229659943 0.007053847988459584 0)
(1.005393152004916 0.1879616675739532 -2.439906662210529e-19)
(0.779168374892615 0.01242241867209351 0)
(0.8569235526241873 0.1006243079179218 -8.378280059327081e-20)
(0.07867350938858526 0.03605767826755377 -2.979684536012716e-19)
(1.172000069789268 -0.02996431819317048 -2.251364892644627e-20)
(0.6713154111121363 -0.007301924667241298 2.444453378956777e-20)
(1.168872593568925 -0.09995361612007808 6.868678507361877e-20)
(1.123194163976775 -0.003749807981170803 -5.729612691600572e-21)
(1.154541491390285 -0.04797740270152359 2.187765625999357e-20)
(0.0997953779237629 -0.220946682681157 0)
(0.2384773092296647 0.07654614650941609 0)
(1.260727403989382 0.1105742986988977 1.908673472975691e-19)
(1.021092240100078 0.01979018389322594 0)
(0.7378413604225444 -0.006254320798952451 0)
(1.075312816195495 -0.01156740848523343 2.726347800978306e-20)
(0.9747556004283325 0.00282684980078933 0)
(1.297530440086251 0.1273505946874693 -1.557466281225349e-19)
(1.057418526977008 0.0110648839371712 0)
(0.9936884721031004 -0.00696522431024176 0)
(1.065020113769644 0.008338630369187416 0)
(1.006187923004222 0.02084647218464701 1.93384940875366e-20)
(0.9383477901052092 0.01601014833722858 1.158723551334415e-20)
(1.17739439115167 -0.2000538760699118 0)
(1.005196339155965 -0.005180036907796247 7.928860125892249e-20)
(1.059136962748472 0.006418652711551597 0)
(0.7746628476844362 -0.003277561434481067 0)
(1.21823432757986 0.02842443376615155 1.651819855747927e-20)
(0.7049442613802616 0.001357225792782099 0)
(1.436056500006135 0.08667892633808566 -5.223531458820218e-20)
(0.9952511310070052 -0.006058112928099225 1.69962765740373e-20)
(1.273132745173251 -0.001833586718975899 -2.958138637340087e-19)
(1.059507301010879 0.009001911173864495 1.364831945091137e-19)
(1.000911796588619 -0.01356000422452103 0)
(1.212303437701537 -0.1405912461732567 2.045894863980203e-19)
(0.7331896981646909 0.01378664352125218 0)
(1.09852966117816 -0.004987858955754168 0)
(1.154119640849731 0.06940281847687266 1.962725973948594e-20)
(1.006859958158896 -0.006458606900410628 -3.034904194772773e-20)
(1.121368248989326 0.05317188955085028 -1.749362643976558e-19)
(0.0998667724297166 -0.08982759295741378 0)
(1.072285323172229 0.03922266490320393 0)
(0.6617831264812853 -0.002905079059662365 -5.881817473901255e-22)
(1.012157866523491 -0.01941227458712196 9.437101819945021e-20)
(1.061304914447511 0.0008201125182205741 0)
(1.074922589095563 -0.1297340179348913 3.721460982280424e-19)
(1.002833259069841 -0.006175607523768917 -3.382439935259251e-21)
(1.003225435144752 -0.004920222929240509 7.346517862041698e-22)
(1.093937005195241 -0.009289780423597118 0)
(1.020680369700954 0.0205371570371934 -6.426141882971901e-20)
(1.106542502832747 -0.001566669649813605 6.537311724445874e-22)
(1.074612993942391 -0.01120169746611748 6.634622281501241e-20)
(1.085739009129129 0.02223365324425009 0)
(1.330202724462287 0.1601390667237042 0)
(1.002024544323705 0.0002751923375885735 4.415387049168008e-20)
(1.318947375695306 -0.1276634054510429 1.571135471348209e-19)
(0.0315747794081266 -0.1850320776409212 -2.420354968462895e-19)
(1.071198245250285 -0.005400098729846743 0)
(1.113540682339999 -0.004725960171946598 1.176046133281069e-20)
(0.7267552797927446 0.01780592851605002 0)
(1.060459492216074 0.0098084286445784 0)
(0.8666124799291377 0.1639104258487556 4.670585017282707e-19)
(1.278289405047876 0.1326585956923588 1.932883422397844e-19)
(0.6543395017226907 -0.003096320331652472 -6.430450883881392e-20)
(1.040082901956122 0.003114107468770929 -6.522340246482861e-21)
(1.054729104840511 -0.0002408571344002567 6.542073390522276e-20)
(1.364429789838472 0.120739474796542 6.686684920342001e-19)
(1.334373567254603 0.2519219992613515 0)
(1.05982165398616 0.004672876220252807 0)
(1.000686753529072 -0.005428742236364742 1.458912935966966e-20)
(0.9927516671677079 -0.005572809482962857 4.892520774361961e-21)
(1.382210183512076 0.1996219118845244 4.273166862133215e-19)
(0.6818246161003052 0.0004669136621169567 9.91902597913237e-20)
(1.005626098029458 -0.002188467579438131 -6.001893653962455e-20)
(1.098236436286185 0.01309081499353379 2.556419773807467e-20)
(0.6694603180760682 0.004968083191840771 0)
(1.066090075924131 -0.01201433916264859 0)
(1.017358562634902 0.1520736653876818 -1.366614913450642e-19)
(1.092168972508081 -0.006445459958935878 -2.526487857115184e-20)
(0.982055028561408 7.90055264975369e-05 3.294542072437073e-20)
(0.9912113889401034 0.006027205305579619 0)
(0.6382041760457451 -0.001070866704985471 0)
(0.9767244418648889 -0.001186607361858544 0)
(0.6421283020605286 -0.00145115803755889 2.648085842629831e-21)
(1.089696914113772 -0.05535115338611851 1.199699834001901e-19)
(1.112182887598598 -0.003594483236088685 1.165747931581905e-21)
(0.9579075625868001 -0.0008714752756996818 3.890348328038484e-20)
(1.016785641563018 0.0100259343385461 1.729583245515432e-20)
(1.067064670403288 0.002344461181403466 -2.549033325976624e-21)
(0.6347139151198046 0.008877143432119835 -3.625196822925688e-20)
(1.005434129828537 0.008465337914830218 -7.857493961305419e-22)
(1.036992371252233 0.006497704816485822 5.420158068803254e-21)
(0.9860283329791528 -0.009902348135161568 0)
(0.6099482963949316 -0.0004659053974034801 0)
(1.068818551885365 0.02251330229004874 0)
(1.016863289633946 -0.01660282998365622 1.03442317287689e-20)
(1.023811336119554 -0.0100101680464756 0)
(0.9920906053942562 0.01345512466003484 -9.886607569452744e-21)
(1.009416526263109 0.001013093254472977 0)
(1.131684978813429 0.002650560903865378 -1.157145705482293e-20)
(0.03620312183565949 -0.1438724668787546 -3.81931813705417e-20)
(1.035111072484327 -0.01856946434132688 -5.887878081441385e-22)
(1.041116414674384 0.004803399221168292 0)
(1.081249863466228 0.06912094450787988 8.468900379175758e-20)
(0.9673381420436911 -0.00221509659050054 3.108535577849135e-20)
(1.020241042945444 0.01667430237782866 -2.307947398032021e-20)
(1.002648318924459 -0.002478762503909804 2.447734960245156e-20)
(1.039241316572249 -0.007832113326840334 0)
(0.6408815096773265 -0.004056398965381536 0)
(1.025839510619103 0.0245363268194313 -7.545063456323201e-20)
(1.087364701601573 -0.005937605624940739 4.968313908066815e-20)
(1.015565035648795 0.006916226734832921 0)
(0.979277185982948 -0.00146941956771921 -1.955444380918498e-21)
(0.860399294658134 0.01029706135291572 -9.129926054459759e-21)
(1.014019323463489 0.002566069717410825 -9.735486725029469e-21)
(1.022803171308146 0.005631523109588934 1.880134478775402e-20)
(0.9846284791975934 0.004531647242392351 0)
(1.00491341664138 0.01206797668999885 3.368009738921605e-20)
(1.11076548883783 0.0005815992142425087 0)
(0.9290440417823793 0.007710377040414265 -3.086607536475117e-20)
(0.9555641893360785 -0.0004442145716876341 0)
(0.9085720944118326 0.2059062827595623 5.044478804316427e-20)
(1.010879261816322 0.06697004669203103 0)
(0.9920942002922891 0.004921683866292327 -2.265448643866839e-20)
(1.05926806473378 -0.05185908384827054 -2.867119638580817e-20)
(0.9929977514628201 0.0009046576154229665 3.289025569165072e-20)
(1.009138193506936 0.007157163217308558 0)
(0.9787823433966354 0.0008092037166136181 -3.051356023594627e-20)
(1.173622666966899 0.1049904205567467 -3.433100481237415e-19)
(1.069748491038075 -0.2652945347725238 0)
(0.9932904996508558 0.0004665591693311331 -2.262359612169523e-20)
(0.9740120024560053 0.0009363212718717697 4.91139480059608e-21)
(0.9631392319046915 0.002838332928328731 9.929014416684238e-22)
(0.7459328072429889 -0.001045135298257612 0)
(1.124213226419891 -0.07604352427925076 0)
(1.002706961038779 0.002466898159392851 -2.267594596445268e-20)
(0.9091763649220719 0.01316569178663492 -1.001402515008408e-20)
(0.8467791924261053 0.002969763713109835 2.47668889026246e-21)
(1.014254540434221 -0.008390951461501669 0)
(0.9576948933868743 0.012763969585869 1.410169471317959e-20)
(1.005548402596063 -0.000234024842518182 -2.275210161851073e-20)
(1.023724301825027 -0.003563065172635344 -2.530084567201716e-20)
(1.115097989432477 -0.001386636141119149 -4.933830240155996e-21)
(1.119204860789682 -0.001286620459148186 0)
(1.012453421965018 -0.008321407129961614 0)
(1.019927768067731 -0.000422742570180593 0)
(0.9415832575156684 0.0004197910501195437 -1.988028161964082e-20)
(1.017850952792128 0.01360576821931322 5.458176524276667e-20)
(1.086300527413268 -0.006104785766435195 -2.297411324642135e-20)
(1.040409985735957 -0.008839775760910596 0)
(1.107901212026332 -0.002953301816793249 1.853402543104452e-21)
(0.9942561213844651 0.00204411646850333 -2.23495355964094e-20)
(0.9841369899992185 0.002086977039502838 0)
(1.010529102851179 0.003176744589795731 4.663658374085046e-20)
(1.36648936015008 -0.3146149150456682 -1.127859969769083e-18)
(1.12177521442657 -0.04317657617894703 -1.092278021180323e-19)
(0.9659952987136629 0.005621056881436481 4.442722203377659e-20)
(0.7650073987421602 0.001324212124866223 -3.225615175577442e-20)
(1.223731543952481 0.05256587337916973 0)
(1.222801633031143 -0.1265588021276218 -1.468768620277526e-19)
(1.081768192494257 -0.00246365195493723 0)
(1.008098480914063 0.0007648885787225444 2.286955913306224e-20)
(-0.1904027012066379 -0.1381578737836272 0)
(0.9939667479692287 -0.004655600355293643 0)
(1.012398091835748 -0.02310559074857604 4.28928163096784e-20)
(0.7064182656680418 -0.01945566315827512 0)
(1.096789513584951 -0.01478508577003811 2.175627806211297e-21)
(1.041646899712542 -0.005847123933461581 1.754689025079589e-20)
(0.6332208937312824 0.00411829765886954 0)
(1.449100168055265 -0.1235042222669527 0)
(0.9861149239932177 0.001483483453993596 -1.074545737383678e-20)
(1.069785677169552 -0.0150857919266109 0)
(1.037787771810577 0.0004123279040389595 2.089291646928321e-20)
(1.081191243903883 0.00456928123481954 0)
(1.011921647724195 -0.0001269413785096333 -1.097969771077651e-21)
(1.005788596136669 0.003146718839922665 0)
(1.008800478596998 -0.001511053078500191 -8.078472718339002e-22)
(1.004384363560211 -0.02075879431575724 0)
(1.036229854613069 -0.00419674047220823 1.708301015816375e-20)
(-0.1764276855391615 0.02928359098153803 2.708032003381967e-19)
(0.7972877822396416 0.02091400713533691 5.438734206356013e-20)
(1.005418135319322 0.001836080334864828 0)
(1.127106244874538 0.0113631730142339 -1.133705565152822e-20)
(1.117518093514801 0.00824203744997686 8.571860483492261e-21)
(1.054556395601265 -0.01281183286528032 -1.300115012553682e-19)
(0.9987783927513403 0.01037291865985424 6.085685850835067e-22)
(1.07956769901994 -0.0002898588493727397 0)
(1.188270311474394 0.05331572938412428 0)
(0.8353090186130682 -0.07642171500417697 4.59782939489797e-19)
(1.091233396251533 0.001093466081889787 0)
(1.03378496670417 0.007464902372354524 -7.542728878836151e-21)
(1.04242327449697 0.005225927863171955 5.872052688289645e-21)
(1.055772486428193 -0.05957641337459482 -7.565690292179341e-21)
(1.139283795455611 -0.0009574412557954793 1.690197512146867e-19)
(1.086318356489402 -0.003627373664764745 0)
(0.9941911666460792 0.001620635052418115 0)
(0.996845730623191 -0.02673571528360525 -2.388113754852292e-21)
(0.990055988350392 0.003394021767991322 0)
(1.031493961282043 -0.03769342550335541 6.426724006837083e-20)
(1.290664403537514 -0.09428602899250257 0)
(1.041220477044577 0.0007903586111495585 -4.405324864097973e-21)
(0.9861754050357573 0.01700849296988446 -8.734248592303921e-20)
(1.032724418629267 0.04214753820235882 -2.374721880726742e-21)
(-0.07591856840742439 0.1601840007799548 -1.700684663770971e-19)
(-0.07096913337198618 -0.2993613190416134 -1.315316340151726e-19)
(0.8966397689924239 0.1353830203365496 0)
(0.2855442091573924 -0.03652224982111701 -3.247145450518741e-19)
(1.005174793907392 0.001105773961438424 -1.21772359674318e-20)
(1.063842587969159 0.002720124615837254 -2.090782572207561e-20)
(0.9912985705861956 -0.02025862903511652 3.053922279434407e-20)
(1.023772936639153 -0.0318349764410174 2.637549562989087e-21)
(1.010180553986425 -0.0317034533874968 -6.606218523331151e-20)
(0.9888778680297798 0.00482158345905556 -3.476489983220303e-20)
(0.9930955388627989 0.005223585126766662 0)
(1.025002929146024 -0.002376609387724369 -3.480423831891601e-21)
(1.93662378268412 -0.1562032799166693 1.073557473307158e-18)
(1.043204612467557 -0.001084649745916933 0)
(0.9958986702075715 0.008558227310591438 1.528956316688237e-20)
(1.003506299934348 -0.0003986828096026494 4.01912390926972e-20)
(1.16086675055365 0.1533544228309781 0)
(0.999985375027739 -0.007322635365824478 8.306244694049456e-21)
(0.9506986910483465 0.001937782164960917 0)
(1.037837656738316 0.04175644044770116 0)
(1.309936132098925 0.157952375751715 2.331968322228255e-19)
(1.08131348010297 2.864290523983234e-05 2.313267860429653e-20)
(1.016795770928697 0.02969992742366841 4.563539138838485e-20)
(1.08467192149974 0.0001064851695495205 -2.229413820153747e-20)
(1.050506356153138 -0.01406768019491529 -8.977662571199953e-21)
(-0.386086676950421 -0.05226032986479472 0)
(0.9997265873547528 0.01351603407735372 0)
(0.1137854054400018 0.05393366393893715 -9.180245174682539e-20)
(1.006889316348609 0.02049588450603667 -4.094027287685886e-20)
(1.002161281253687 -0.02315848763296013 0)
(1.00150084115675 0.005435912306548561 -4.927009417199141e-21)
(1.081972155258175 -0.04249424046754941 0)
(0.9940125943263829 -0.01734257816403818 -7.9728027502755e-21)
(1.101532316171005 -0.05834896573964623 0)
(1.445462858534057 0.1737985591987427 0)
(1.05485984946157 -0.01217984417052504 0)
(0.9906097026501507 -0.02474792948562165 -4.101802069312453e-20)
(1.000281339438575 -0.04066793154305179 -3.389601261331863e-21)
(1.014160847593374 -0.02051798503188771 -1.961836304277715e-20)
(0.9967044149937647 0.01659869899830024 -5.549082372431183e-20)
(0.9959502584305288 0.010292125368968 -1.49007614935033e-20)
(0.9949275650169319 -0.02862781438433492 0)
(1.002388508555216 0.02366637577660764 1.922807026895094e-20)
(1.055028672057562 -0.03471676677857356 0)
(1.111393941485795 -0.03586552468890013 2.590169939501953e-19)
(0.9956613187601191 0.01668130162108119 4.574551363339207e-20)
(0.6150411028254246 -0.008689576095040893 0)
(1.144404832178752 0.1600804961266714 -1.354116957293789e-21)
(0.8451153826208254 -0.08493055991018453 0)
(1.137819834341686 0.07296886548054457 -2.729264811465141e-19)
(1.316938829873711 -0.3895625319226512 1.293924314298076e-19)
(1.068731093372058 0.06405542211184294 -1.248707392321704e-20)
(1.011459878929778 -0.03198921674036687 0)
(0.956114566374925 -0.2163857823759169 0)
(0.5298791700730545 0.1661580474899535 0)
(1.016529764983221 0.01040625431344489 1.241425211449401e-21)
(0.6947703991509375 -0.02604414629652206 0)
(0.9995390768191241 0.01676855430874643 3.524946914025657e-20)
(1.027291124700431 -0.004027557777837978 -2.749711804138488e-20)
(1.078961803444258 -0.008074559804306422 2.719395233188883e-21)
(1.051126812482422 -0.0268975132369652 2.874604499752516e-20)
(1.042566088227347 0.01180844491768798 0)
(1.063017627029037 0.02159567563607885 -8.833239981958696e-21)
(1.049622883629086 0.03619515059209087 -1.803856954737152e-20)
(0.9835355065718654 -0.02278571100947081 0)
(0.6249001782664045 0.005098081587364536 9.16992638297177e-20)
(0.8941495908013039 -0.00592250522325923 -8.845437603087138e-20)
(0.9093787406255118 0.005264993705312788 1.450856229856225e-20)
(0.6296085019520891 -0.006435251020233794 1.407282382580287e-20)
(0.9806787762359926 0.0009329849927479287 2.488043282348625e-20)
(1.00442685280437 -0.01746463715756634 -3.481201784451022e-20)
(0.9839684046396955 -0.03797549030905149 -3.097558617429181e-20)
(1.085596913955068 0.001656293930736883 0)
(1.020028558598231 0.005104268925555884 1.014511168770467e-20)
(1.132220488852771 0.04878795509698312 1.319244661169004e-19)
(1.031132382608398 0.04104621119204192 0)
(1.022656032086456 0.002554109610589949 0)
(1.585543279742521 -0.1678836424294925 4.397809058130862e-19)
(1.059388756211489 -0.04686416490861785 0)
(1.017794356430351 0.009995438285436031 -3.752158561986998e-20)
(1.082581852269995 0.006407584497300676 0)
(0.4886852128362817 -0.008720936440988213 0)
(0.01223021328807723 0.0217600371417843 0)
(0.9913575962514983 -0.02410659604992494 1.231313069033027e-20)
(1.302334157141897 -0.09612475051425336 3.72512444369832e-19)
(1.032441616023957 0.03484932430710762 0)
(1.02230589440362 0.003543840230167898 -2.218168728650348e-20)
(0.94506212362652 -0.1602277513494288 -2.290011746247305e-21)
(1.256920731043273 0.07724559439353632 0)
(0.5967883614952425 0.7282432496692645 0)
(1.312444111750626 0.1450494297227631 1.0703265718289e-19)
(1.678713828576052 -0.025786028576993 0)
(1.051947957156746 0.1208764406427585 0)
(0.7130929896181081 -0.01871314631777071 3.985112592718836e-21)
(1.04746960205241 0.04403550793052974 0)
(0.7596310832668628 0.1259466655704082 1.328258374926517e-19)
(0.9967788657213729 -0.01646381542601725 3.577111576714996e-19)
(1.038538923130892 -0.04164172570885295 2.772611362797349e-20)
(-0.3816534317638831 -0.03048368047538624 0)
(1.07231567975119 -0.016385694665124 0)
(1.084674318335651 -0.004767328012485158 0)
(0.649304393007558 -0.5055228732074969 -2.466819039514377e-19)
(0.9894375201030307 -0.001054735671580949 0)
(1.092481844113791 -0.02145174200108572 5.48638359226677e-22)
(1.187071370623112 0.1210011476410758 -2.009647038368405e-19)
(1.096919833888374 -0.04908563234306098 0)
(1.006220168559363 -0.02104965613560417 0)
(0.7745039667172516 -0.1815125274611121 -1.643187458364461e-19)
(0.8793765667404998 -0.13237099226128 1.483087516068286e-19)
(1.032268124018975 0.01471487334107902 -2.156290587563842e-20)
(1.023122305954843 -0.008941884855716582 -4.481770807754285e-20)
(0.879583850185149 0.01042268747299623 3.106118878544699e-22)
(1.506704932972209 -0.1944543510738708 0)
(1.308833913553282 0.1157226985460715 2.982217770330335e-20)
(1.241992050135823 -0.07422570499407714 -3.291296457052084e-21)
(1.095704585234538 -0.01853210556238958 -3.942481778457344e-20)
(1.034830806327436 -0.01452095665380729 2.781579377829016e-20)
(1.092834667983934 -0.03906269371074974 9.264244341751743e-20)
(1.031790135620369 0.02060621416807098 0)
(1.049087327663554 -0.03757758508480086 0)
(1.11594798651589 -0.00894372832974185 0)
(1.096371130713763 -0.04164350083545745 0)
(0.9982437183198385 0.01109238593245982 0)
(1.150365458438616 0.08201394459113438 9.542612873671258e-20)
(1.338068972519982 -0.1539127054313698 0)
(1.036476499681787 -0.02713229158741703 -2.416126880187682e-22)
(1.047896524999672 0.05176693101958559 0)
(1.010263967136412 0.01435920381586764 -3.894395607226526e-20)
(1.033816725733409 -0.007343148433892532 9.188891167742959e-21)
(1.088931498977554 0.01347109129161769 -3.23064339913663e-20)
(1.085099161883185 -0.02795334297941447 0)
(1.070561622085221 0.005669079915954656 0)
(1.105647824618845 0.09361741612625001 -1.412483945890548e-18)
(0.9355506821298886 -0.1503777266726227 -7.078673238460608e-20)
(1.171324878348311 0.1172254331139299 1.147023875748756e-19)
(-0.469708620460745 -0.01666932030038931 -2.895556335387513e-19)
(1.017833218831538 0.02907122925151928 -8.75561073848582e-20)
(1.005584506833432 0.004603497779464863 0)
(-0.2566368611408312 -0.00186824376702823 3.551749851600204e-19)
(-0.03526708588468522 0.2901177397538472 7.600400335800956e-21)
(0.9952129982420769 -0.006260482062477031 9.497677959894538e-20)
(0.1850107858615464 -0.04460351734756313 1.315950205806743e-19)
(1.084472244830403 0.08604836992373277 1.421682487757094e-20)
(0.09382918257318254 -0.111593587346753 -5.503365606774306e-20)
(1.108417813659898 0.002994675672600886 0)
(1.100260581716051 0.2534141213193528 0)
(1.021161460710724 0.02144122559366045 -1.712933045504906e-20)
(1.064318613030752 0.05159549662149681 0)
(1.026383304434449 0.02366127769729512 -8.667049348065264e-21)
(1.264187860451862 -0.5494784663975733 8.044258833242151e-19)
(-0.1165392130008433 -0.2367316322654035 2.133562656995245e-19)
(1.301043676327265 0.1147663404540629 -6.250679406765406e-19)
(1.121911687031763 -0.002515899419036858 0)
(1.121409845528782 0.1036715690880857 0)
(0.52458181432342 0.07860892483301107 2.456765284180103e-19)
(1.02372441234038 -0.02025009843096272 9.415146048464871e-20)
(1.006567011517905 -0.02335936426559636 0)
(1.210434113166559 0.2702382698253663 -9.596080120509452e-20)
(1.262738053345911 0.130642429267295 -1.547823356366403e-19)
(1.02658546642188 0.003326090396375888 1.554076224375499e-20)
(1.300221638802526 -0.08504400374931527 -4.992158373551621e-19)
(0.3005237023922132 -0.01921576278625567 2.823283338230381e-19)
(0.8288766380950155 -0.1474300126543383 6.793519615608876e-19)
(1.03929927150839 0.05079888384222123 1.081217224560775e-19)
(1.038227320280443 0.003330977633133079 1.756130096417246e-21)
(1.001108207877516 0.01919206716861513 2.929521099922134e-20)
(1.066498239525843 -0.03681495680291916 0)
(1.034728966903365 -0.03849427887668266 -1.507618526592859e-19)
(1.016938991590091 0.03356101927130875 -4.652767468194894e-20)
(-0.05065708702824715 0.06825549259699117 -5.041573707132737e-19)
(1.011030701490086 -0.05826368314158767 0)
(0.9086347327456402 0.01482836735073568 0)
(1.090551514804325 -0.0005733260944583273 0)
(1.366550566575219 0.2586599862797984 3.777429748172859e-19)
(1.699290075182491 0.103892803249145 1.332255703631701e-18)
(1.409869099171686 0.1514294631355244 0)
(1.036521972739987 0.02178344120634497 1.036197672491277e-20)
(0.3486972341389467 0.0312482945375003 3.309502209849194e-19)
(1.13329313388997 0.008973796825654081 0)
(1.090669305349636 -0.02289282293985492 3.112842812064837e-21)
(1.090499600859464 -0.03253511689413548 2.508320810775017e-22)
(1.132718610083762 0.1046972698163555 0)
(1.302422644152639 0.05637334479682926 0)
(1.039533612922445 0.001279281754931367 1.175630770691761e-20)
(-0.1521713758038458 -0.1204874492200607 -3.901187980114456e-19)
(1.325823534063122 -0.1467809304393381 -2.150877348657641e-19)
(1.067812785820922 -0.00740639699495018 0)
(1.013070220123065 0.01501921012710853 3.088133227558658e-20)
(1.158854228805532 -0.09673131370740683 0)
(1.016701359086014 -0.01742122517505002 -1.124897670457264e-19)
(1.03067907104113 0.008370934094062435 0)
(1.514539001943488 0.08811644124586694 -2.837934056486421e-19)
(-0.009939396681468694 0.04570305194670693 8.395332688763083e-19)
(1.096420512349752 0.05255094412978659 2.132871894606523e-20)
(1.092177744677715 0.07874258024185252 2.082223617462209e-19)
(1.009780070150375 0.008731286063356757 -6.176910508210533e-21)
(0.008042826859154212 -0.1158846958932498 -4.862161565967602e-20)
(0.02268460156875906 0.1039702152899568 3.643539425051392e-19)
(1.225813053647318 0.1451359967736079 -1.620584134350669e-19)
(1.098637043297286 0.08130805216488282 0)
(1.087594848041529 0.02559881323411609 1.738961534289281e-19)
(1.007084871379751 0.02216633913869228 1.700582401207537e-19)
(1.028962411386874 0.0006646142714863553 -3.687655751559589e-20)
(1.217336270578465 0.1506221810822997 2.597537920720758e-19)
(1.395458080121854 -0.129011483448107 -2.059141798904555e-19)
(1.065706945579558 0.05019991772680837 -7.140076716742932e-20)
(0.9934456350738654 0.006876837649235379 0)
(1.078222108277473 0.06712540372335067 0)
(0.9816355403244141 0.005780314807775058 0)
(0.9921059282323677 0.007523077274910968 2.405481891091446e-20)
(0.489677558911406 -0.0717271692983404 0)
(0.9930789365840316 0.005633558985167765 3.448537429723509e-22)
(1.29142318296569 0.07905703259929749 0)
(1.004600817809314 0.004863199683935043 2.227783615321768e-20)
(0.7936393691396864 -0.1195830446213635 5.705559324038795e-20)
(1.091125582460387 -0.01558993293098002 -8.518569633599424e-21)
(0.9398344363943572 0.01655676360748842 -1.765881719374913e-20)
(1.437444104333219 -0.2818471201840579 -5.289776977904142e-19)
(1.13231085142221 -0.09097473240102012 4.696125277188854e-19)
(1.088692460763954 -0.02524533682681307 0)
(1.935018789654218 -0.4714765211133759 0)
(1.625345141623344 0.1897285657104176 0)
(0.9850893159576031 0.003289166276518819 -9.789003398912645e-21)
(0.8579979143102294 0.7725559968960022 2.387871884905433e-19)
(-0.00940011958092038 0.1878448101096092 5.360568139303752e-19)
(1.039737079023786 0.0057890772532822 0)
(-0.2178081196556952 -0.1102781554804626 2.091530818395966e-19)
(0.9839270092455417 -0.003704627368776276 4.120639423822089e-20)
(1.179954839541443 0.1613262084109716 -1.617206070215626e-20)
(1.04468310524947 -0.02203171836058041 5.602635806764066e-20)
(1.04230118606963 -0.1371719639621921 1.362742559440866e-19)
(1.137988440502266 0.007296528750107816 4.401442230569677e-21)
(1.098651103836738 -0.00637080328007757 0)
(1.308551784838941 0.5295607053006657 -6.01289212161939e-19)
(1.029463319543477 0.004206742341186866 -2.060706269532864e-20)
(-0.3164264144681089 -0.04255550716361111 -2.034020832048371e-19)
(0.6794496683207544 0.01844496571885307 0)
(1.088556396071028 -0.6991232413109991 -4.841663917002195e-20)
(1.311760901176809 0.08553835295963823 -1.102099925471379e-18)
(1.115036461139039 -0.1086048743567189 0)
(1.086747475229616 0.2783754945578096 0)
(0.972374983934586 0.003061633562288828 -6.160573401295178e-19)
(1.065818425237032 0.006935448598135828 -4.264471223920245e-21)
(0.924565598352458 -0.01215151017588687 0)
(1.090720763713948 0.03087082583329603 -1.760895977268924e-20)
(1.371214043317258 0.2155694561391683 -1.865954886589665e-19)
(0.7323447418849311 0.0963661344338238 -1.052363968378742e-18)
(1.079090571349897 -0.0006571995357021289 0)
(1.262632944024285 -0.05747132478415805 6.988897125115066e-20)
(1.005616703430291 -0.0008927994540494059 0)
(0.8502137127994261 -0.77647847056751 -8.240126500608687e-22)
(1.082080975040467 -0.05206404810769359 -1.103461033472359e-19)
(0.8756558221162221 0.3236933631917778 2.941588279350192e-19)
(0.8272347810619993 -0.196867729215024 0)
(1.031850647202078 -0.03490550898949558 0)
(1.054779901886774 -0.02785979725410982 0)
(1.006935863935006 -0.003345714124561654 0)
(0.9811820207593391 0.006179032401916129 0)
(1.341833816909087 -0.2355915801468794 0)
(-0.07472820399259503 0.13798647789163 2.500620036485772e-19)
(-0.01106756309509967 0.08281736340764376 -6.387940049311806e-20)
(0.2137114320927517 -0.09868005215156957 -4.322418389452379e-19)
(1.521458582706215 -0.4392217529746154 0)
(1.034860403478884 -0.01670546719632015 0)
(1.773536081232829 -0.7594703623293242 -2.352401159897876e-19)
(1.139889997678948 0.006965976352307186 5.562359263918108e-21)
(1.323714092725848 -0.08935107905747942 2.802766171639305e-19)
(1.106614916626557 0.7079797514019357 1.442627650521668e-20)
(0.3381457752822762 0.5914087598907751 -2.245643268350979e-19)
(0.6757752290434054 0.4573795129014673 -4.798206196275283e-19)
(1.045332742548365 -0.1478461510487812 -2.338433737279241e-20)
(1.226979736301089 -0.3609279200945315 0)
(-0.08377878637663268 0.189181347851721 -7.224773469159101e-19)
(1.046506468971973 0.02377495112320059 0)
(1.103606096973891 0.02692377052271515 -1.534528996240195e-19)
(0.8133551563132371 0.8941654508792386 0)
(1.068479886322758 0.03297125810278646 7.420423237689497e-21)
(0.2830998365173742 -0.0721439813796841 0)
(1.103527319275397 0.02029821983944492 2.427699945744773e-20)
(1.369224874255227 0.3241143393915798 -5.547180365989286e-19)
(1.074811710145844 -0.01174967212027505 -1.644624763275487e-19)
(1.468880248877791 0.1595593033238664 -2.522173028031817e-19)
(1.330076377902484 0.4178100152356061 0)
(1.168896911374334 -0.2660561186563553 0)
(1.303507217055863 -0.1327965872908915 -1.210365732542185e-19)
(1.066915285221585 0.0162135687661543 -3.3283851606669e-20)
(1.060573679188901 -0.01208129590873918 0)
(0.744034330990894 0.1445849017205604 -1.131762215793191e-19)
(0.775263883015838 -0.5782506618871623 -5.650562846699721e-20)
(0.6667182800650876 0.2023226688777503 9.610712436815822e-19)
(0.9957398383641066 0.1183673638138436 3.53035347883482e-19)
(-0.004750852364076358 0.08233242703655441 0)
(0.5867701399087636 0.0181075904854631 -6.83190765103783e-19)
(1.059567429032696 -0.03893321247129713 -1.875139816369768e-21)
(0.689451395228615 -0.1181712171005446 -2.76565116884401e-19)
(-0.0006328874232377183 0.2120958542021554 -3.071070729290412e-19)
(1.181116394628771 -0.07566766268012332 0)
(0.403893522564961 0.0161576800299797 0)
(0.16028401154332 0.3695900773073963 0)
(1.438277227235256 -0.2598625259512195 0)
(0.2346625565343907 -0.3592245315947466 -6.385645740931121e-19)
(1.597978113071441 0.03949497641985001 -3.896905355089044e-19)
(1.02619475675851 -0.2024756585152473 0)
(0.682951346696676 0.0142920359349775 2.554778200618946e-19)
(1.025020449257604 -0.01060383502343618 3.492956728552186e-20)
(1.137308284381826 0.2353650278410341 0)
(1.729549942282315 -0.110902917441229 0)
(0.581863588978262 -0.7382739488579961 -6.863501317158872e-20)
(1.271485269150544 -0.1052626969997565 -9.985173835777298e-20)
(1.405960358990268 -0.08358649616676199 -4.290072928383035e-19)
(1.482220578220513 -0.06424462938596019 3.644457588875789e-19)
(0.09387350616664117 0.09827398866485675 0)
(-0.1303643863461112 0.08244185722528552 2.733968509869341e-19)
(1.038578031683558 -0.06363440641084428 -4.308042351693323e-21)
(1.120823956076968 -0.1407922131039115 0)
(0.6413944098910727 -0.357934877744981 5.191238558758075e-19)
(1.049163394210309 -0.06341795854655874 1.452964381182237e-20)
(0.8344929221388473 -0.1348882042328556 0)
(1.312927542867474 -0.1298207781381716 -1.01830028968344e-20)
(1.115476114151779 0.08378740099712133 -4.362637518790838e-20)
(1.090951851149001 -0.0049794709304156 0)
(1.126221674645875 0.569212685186185 -1.10614276015062e-19)
(0.3428723081219732 -0.6006526539730893 0)
(1.060371121289003 -0.00321961646531564 2.820608171090207e-20)
(1.097072839627941 -0.004879318762743437 2.639452218170825e-19)
(0.07658281845867071 0.148002795860919 -1.658064745336248e-19)
(1.179287960416346 0.9999573710142503 -2.226112661244273e-19)
(1.370073409955632 -0.1380525756910592 -8.875483600408384e-20)
(0.9467904209926827 0.1329367704545692 6.410174159791969e-20)
(0.9982965877873563 0.003454151950868009 1.043139133419002e-20)
(1.047660341229839 -0.1404095295369757 1.754936806352231e-20)
(1.509942217287433 -0.9501835232760658 -5.259896053936766e-19)
(1.531097820498802 0.9489539734158683 2.358000776642757e-20)
(1.433253248131189 0.2256544857159838 3.41255554485803e-19)
(1.028873878293126 -0.007314937465728864 2.054483349345184e-19)
(1.035514807249656 -0.03312668514393564 1.649524264704259e-19)
(0.9921092253309375 0.02158118182633537 -1.929949507401515e-20)
(1.057700129406982 0.03865130441312905 -1.447454907704392e-19)
(1.079305864195878 -0.06549427153171122 2.951774821590119e-20)
(1.433810385823101 -0.1335649250901315 3.376797678774347e-19)
(1.817858981205185 0.7477047422495585 1.863244476507558e-19)
(1.035554722295127 0.02936706586545549 1.006230460037493e-20)
(1.071827804135668 0.01422357228757534 -1.051658087736199e-19)
(1.985089087233347 0.4775548504526438 5.347381345143723e-19)
(1.927348720099223 0.1604558935503357 9.313024083493176e-19)
(1.079891537394415 0.6374492274241788 -9.621610307105941e-20)
(1.108905260338535 0.1712511872116207 0)
(1.044105268713988 0.02313197376199869 0)
(0.5101940373070394 0.4376256250604174 1.170989778882261e-18)
(1.377039802903925 -0.2992957343877115 1.884009325018793e-19)
(1.195076673035133 -0.1448381572831245 0)
(1.631735347405706 0.2356486168263062 -6.172146311500178e-20)
(0.8016697008515365 -0.1489878295572211 -1.280421331748929e-19)
(1.328298028829299 -0.2095761615086995 -9.100361450316145e-20)
(1.248690387066268 0.3889100796383259 1.428938533562544e-19)
(0.4925906412803185 0.1945387561477933 -5.619660703809705e-19)
(1.686638060707764 -0.01980926375126849 3.283242415176684e-20)
(0.8569496901719661 -0.5462340948202566 2.19838402158645e-19)
(0.9987035583285133 0.02303507728774154 0)
(1.617170348068524 -0.1854603847236488 -3.095425430849535e-19)
(1.089751516240325 0.1004477207064085 0)
(1.337513543056641 0.5801652916626404 0)
(0.9431062899184385 -0.4152007513004474 -2.743498966848409e-20)
(1.24723749488819 -0.024857425402431 0)
(1.038570342190433 -0.003589835745024591 -1.240826749869796e-19)
(0.7312274457339625 0.1098723781407989 3.019796797340695e-19)
(1.325459422126348 -0.5824874382952515 -5.607445673331685e-19)
(1.053322576912848 -0.634453415748241 1.186266265494348e-20)
(0.3520245701096001 -0.3800672042837359 -8.739763521521134e-20)
(1.007356393117069 -0.09616649183994203 0)
(0.4459559324690265 0.3002420625689184 1.686517740397859e-18)
(0.3184187587668645 0.05354168062446614 0)
(1.306755146145699 -0.1333616143417898 8.065015426743821e-20)
(1.57852697749015 0.1912576225198014 0)
(1.165493704239075 0.4459148062122432 1.322430903676399e-19)
(1.052845671530096 0.1525357668441867 -6.62585585888233e-20)
(1.031759474507777 0.00465145333216621 -1.991371019765103e-19)
(0.9560061400091781 0.4080850149347203 0)
(1.164164792919594 -1.012579374081439 5.88827668451711e-20)
(0.8910695265210483 0.008919767491921931 0)
(1.068130582324902 0.3780547771250104 0)
(1.059253978968571 0.02694905523253181 -4.34206878382246e-21)
(1.474277994954495 -0.2999299693898104 0)
(1.244757692351196 -0.1853594676095259 -2.970539167979628e-19)
(-0.0009775083722447816 0.02791880998816548 -1.949551515426037e-19)
(0.2384688099957099 0.01561091456551089 8.859431106660081e-19)
(0.981311154219232 -0.09932667680472897 0)
(0.4714370252349488 0.6446757377738994 -2.560356050156154e-19)
(0.9173894487986942 0.02938002558929852 0)
(1.536012222788578 0.4144773884518404 5.463876383279589e-19)
(0.4929007743486211 0.1575737311471454 -6.465388404242363e-19)
(0.02038992037331367 0.1825263153141966 0)
(-0.4343390076635867 -0.05380787741618735 0)
(1.032418673213292 5.227371608779153e-05 1.258396968052854e-20)
(1.66040956322045 -0.2266694986382823 -1.104537479514311e-18)
(1.110720877835508 -0.5643902813053628 2.397078751901954e-19)
(0.781190058915113 0.331710019627022 -8.775075505597634e-19)
(0.9379034928984299 0.1452389622519521 1.542535581717657e-19)
(1.043579476665957 -0.003617591323122214 0)
(-0.3031093194833401 -0.1318137965998596 4.030072713845578e-19)
(1.033316826568046 0.04667948623147727 0)
(1.192088734853946 -0.2396828010326578 0)
(1.559538039443702 -0.1876812796307144 5.118725367970212e-19)
(1.122542375045811 0.07822457422346997 -7.57617415949718e-20)
(1.063379786054179 -0.1405540250852127 8.242587597218331e-20)
(-0.04743102363089503 0.108542815520403 3.445405688525192e-19)
(-0.08474483942057986 -0.150388450912507 2.624463671257494e-19)
(1.076112279842087 0.2136202978732052 0)
(1.095230849687398 0.06103711402291023 2.138671669470664e-19)
(1.496054657808385 0.2873351837186447 -3.625324406842829e-19)
(1.324504477896824 -0.4884296907973925 2.378865732853469e-19)
(1.156681374474521 -0.1428048046229984 0)
(1.120496076407892 0.1501921723708321 0)
(0.527711418666227 -0.6922094378382324 4.113594187271068e-19)
(1.311764470273741 -0.03828398854275097 -2.959441431241021e-19)
(1.011744139383511 0.1019997470283212 2.554755665855994e-19)
(0.3127520391531206 0.352590550273864 -8.941471580111942e-19)
(1.03316621323326 0.1082964657965832 -4.119486100019385e-19)
(1.038028072862617 -0.3974932629679114 -4.651396684773658e-20)
(1.458361958076648 0.1084451795874341 -6.499243093491548e-19)
(0.781251638523465 -0.8873523151441427 0)
(1.056841537113908 -0.03068515408463984 0)
(1.145461492084218 0.1767959367578616 0)
(1.614731412105119 -0.04021140488055149 0)
(0.8135973964229681 0.5917654523579071 -2.082285957304026e-20)
(1.493950215608892 -0.3580112437427143 4.561918676899352e-19)
(1.539198945889781 0.1467258493778749 0)
(1.137282887113338 -0.4604454815321294 -1.669256022746301e-19)
(1.459316259655492 0.3429457564957246 -3.535111332569638e-19)
(1.00927662656113 0.02784905780789136 0)
(0.2109343797996391 0.001335453600198434 -2.460057259242791e-19)
(1.334621565543743 0.5092948708867149 0)
(0.9781743003458651 0.007401183316076319 -3.933194593825004e-20)
(0.7637464760587445 -0.3029580154271218 -2.057611704921001e-19)
(0.5084992681278212 -0.08455614419462666 7.878449619682388e-19)
(0.2148975744690547 0.06162521582643886 3.636896313171753e-19)
(1.062341571012161 -0.1389297329015531 0)
(0.04556457352235261 0.001859782362425139 0)
(0.3441353070855804 0.03786557550706914 -3.026702294942236e-19)
(1.005634550126302 0.01726645537021134 0)
(1.451383807489623 -0.007762473355866939 0)
(1.006857328270841 0.02815323571919248 0)
(0.4694911085050151 -0.2767381985593761 -1.003559413821302e-18)
(1.048804317218969 0.0883971225972829 0)
(1.522173609877412 0.04108133197798198 0)
(0.2177826892736988 0.1281925141985073 5.441086666026083e-19)
(0.8803211695161925 -0.3239796219033267 0)
(1.364726917920992 0.05292045545020933 2.68176481369836e-19)
(1.236873312418493 0.2042163364738999 2.05056301949196e-20)
(0.8971065418146954 0.5520161394177701 1.577767163412659e-20)
(1.033473164756861 0.09882004373491955 4.936982299096423e-20)
(1.032642478046175 -0.1495291890460467 0)
(1.365743073275076 -0.02231976529909563 0)
(1.289034323075933 -0.1183690224323096 0)
(0.624693301701651 -0.04237650631031915 -1.363597022669517e-19)
)
;

boundaryField
{
    FrontBack
    {
        type            empty;
    }
    Top
    {
        type            noSlip;
    }
    In
    {
        type            fixedValue;
        value           uniform (1 0 0);
    }
    Bottom
    {
        type            noSlip;
    }
    Out
    {
        type            zeroGradient;
    }
    circle
    {
        type            noSlip;
    }
}


// ************************************************************************* //
