/*--------------------------------*- C++ -*----------------------------------*\
| =========                 |                                                 |
| \\      /  F ield         | OpenFOAM: The Open Source CFD Toolbox           |
|  \\    /   O peration     | Version:  2412                                  |
|   \\  /    A nd           | Website:  www.openfoam.com                      |
|    \\/     M anipulation  |                                                 |
\*---------------------------------------------------------------------------*/
FoamFile
{
    version     2.0;
    format      ascii;
    arch        "LSB;label=32;scalar=64";
    class       volVectorField;
    location    "1660.5";
    object      U;
}
// * * * * * * * * * * * * * * * * * * * * * * * * * * * * * * * * * * * * * //

dimensions      [0 1 -1 0 0 0 0];

internalField   nonuniform List<vector> 
808
(
(0.7562716791178554 -0.01752458693183713 0)
(1.031316993054397 -0.01250456044261472 0)
(1.114952623351509 -2.825165820146111e-05 -1.765839605315751e-20)
(1.08513088760933 0.01257070441279164 0)
(1.360461764998545 0.01371055641191269 -3.835444835700173e-19)
(1.038670594687582 -0.009412404480697646 -7.258142632580087e-20)
(1.01424291501868 -0.02032225924045287 -2.396117134966454e-20)
(1.07882938823455 -0.004738321238909411 8.970901078822827e-21)
(1.252141501273727 -0.02132204642639947 6.279362320290618e-20)
(1.084861825413979 0.008774023875852587 0)
(1.009826832059683 -0.01246176966200596 0)
(1.30329683236999 -0.05390795233314908 -3.479164402831723e-19)
(1.086228626651717 -0.001644554162904208 2.036951626305771e-20)
(0.6750898324620528 0.006393330080307384 0)
(1.279170757997691 -0.1231193648782723 0)
(1.081925449604616 -0.0001496506928726747 -3.840311501214831e-20)
(1.228833321993127 -0.1532651359854158 -9.862824427793937e-20)
(1.074421059412419 -0.0003047328938363439 3.182200583957127e-20)
(0.9899298602162323 0.006255038463357731 0)
(1.026979438265326 0.009218304511461866 0)
(1.038038402432668 -0.0159372379879062 0)
(0.9875677400318759 0.04536185309258665 0)
(1.051035162348873 -0.006220448193471997 5.741907497683048e-20)
(1.053703361649898 0.008217928519760683 0)
(0.9338440494615666 0.1999136676980738 4.571300422991314e-19)
(1.161754886036413 -0.0908852158461711 0)
(1.184294016761385 -0.01978072403977586 1.548369029663953e-19)
(1.077174963819911 0.009590340993751714 5.229352807750019e-20)
(1.084061763616537 0.001820361579385605 5.103862317980345e-21)
(1.071968467307157 0.03098299508117578 0)
(1.075479651628332 0.002547171514502421 -1.18131867756676e-20)
(1.033442948332675 0.006275677768292288 -1.890198740137068e-19)
(1.059974057053661 0.01461780954102689 -2.376389178798955e-20)
(1.088790986190275 0.005337457654584226 -2.933551231015519e-20)
(1.120786920598061 0.03632243177092531 0)
(0.7548922392788244 -0.1199891617004732 -4.549198092863925e-19)
(0.9544593382959075 -0.005732726229633939 0)
(1.068910248585218 0.02240603754892163 0)
(1.068828871615932 0.007224917869522135 0)
(1.0737145911714 0.008640368997219219 -2.82102232537186e-20)
(1.092890665090916 0.02256837941614915 1.083423819247379e-19)
(1.149727292466432 0.002012167999734831 2.124496747111966e-19)
(1.095557876413174 -0.002433863606134408 0)
(1.015482261193494 -0.009394585061801906 0)
(1.127247339033925 -0.09686463663727353 -1.657583210247877e-19)
(1.044057013288589 -0.01180438746809099 -8.274421259085934e-20)
(1.058374016432789 0.02669216261094684 -2.744530968971942e-20)
(1.229057974438761 -0.112061150180322 -5.582804497239662e-20)
(1.06763170438412 0.01217701535808955 -4.11639260965952e-20)
(1.255532893956846 0.01531979948501126 0)
(0.9972969314578009 -0.01834875495983989 2.146259689797686e-21)
(1.044626774404088 -0.002580040247670601 0)
(1.087291566328173 -0.002347802405017464 0)
(0.9976701568064024 0.007783436878827638 -1.916551358155576e-20)
(1.252761967535696 0.03276643324921574 -2.375963595197578e-19)
(1.06367627161522 0.01835834302195714 5.938238308554863e-20)
(0.9882708086948081 0.01036641670105235 0)
(1.0148495776552 -0.009962232809253443 2.538104882692126e-20)
(1.106913694814134 -0.001690900686223908 -1.162398377345052e-19)
(1.061680245668469 0.0313050631634454 0)
(-0.06936166648820091 -0.02822819599713324 7.462690329859915e-20)
(1.153587037734584 -0.05221708153622052 -1.859452223392685e-19)
(1.001771077837667 -0.007602531781512219 -2.789139298079694e-20)
(1.185815377249532 0.06422395820855005 -1.200997950168214e-19)
(0.9973409218485073 -0.01065426490743479 3.061377778782557e-20)
(1.083837275258881 -0.005507687191225433 0)
(1.244747844893448 0.09160027630017376 0)
(0.6960350407157553 0.003168002832674325 -7.459262515168137e-20)
(0.989145026102104 -0.01601840413103764 -3.188730968426264e-20)
(1.456461842980726 -0.018966776268176 4.417548950781699e-19)
(1.060671983091011 0.007566213766946397 -6.609256282064017e-20)
(1.364187299636858 0.09454134619095911 2.863335510658969e-19)
(1.054844785518046 0.006729446845067966 -1.887229262291256e-22)
(1.081007713937706 -0.01415842579299252 -3.601620204188308e-22)
(1.16256553275267 -0.2348659178890095 0)
(1.022688613331121 -0.01475546843836644 0)
(1.017964092934855 0.01786314802037479 -3.027497549043775e-20)
(1.389728189135505 0.3499026815686084 4.223778771561122e-19)
(1.097241276041975 -0.04210999297750342 9.484361600198399e-20)
(1.046856291010807 0.211269398384388 2.426233723251343e-19)
(1.122877711129561 -0.06319861732864759 1.174614332564333e-19)
(0.9221164302043821 0.005200669510575772 0)
(0.975478745292617 0.01858697456939796 0)
(1.00398508834667 -0.04847296744390305 3.090194785345187e-21)
(1.010717384039441 -0.01362230304128315 7.641317184195538e-21)
(1.031271943456228 0.02610011900576153 1.363009014270367e-20)
(1.525279074303658 0.03484384818594003 3.229075434784542e-19)
(1.291887882586879 0.07036336389668105 5.600453538663657e-19)
(1.072722131017946 0.00292489438525852 -8.903518426734579e-20)
(1.195772956809116 -0.09948120518174967 0)
(1.033977386051218 0.001499791693335881 1.299484208566628e-19)
(1.16380374832847 0.02014623394944136 -3.140230284022729e-19)
(1.00152511180781 0.03252358964223687 0)
(0.9996300439068694 0.001975393315408907 0)
(1.044152763042899 -0.0003557823997791105 7.928218759639966e-20)
(1.21439164268945 0.1012075162820294 3.992006459789957e-19)
(1.011143356208359 0.006940512808487873 0)
(1.087491963003659 -0.07048096251540738 -1.067612898380849e-19)
(1.15010228897815 0.034924675723819 0)
(1.212032643534326 0.08887996736940204 -1.87894862404133e-19)
(1.10821510688076 -0.02871532580744353 -7.747631420334677e-20)
(1.02801779426052 0.01171335531961173 0)
(1.085468198042037 -0.004646598695938225 0)
(1.020257897869973 0.02599050697580465 7.904240569136826e-20)
(1.075581182168192 0.05466356536492484 -9.218595829759147e-21)
(1.103621296053956 -0.004379901790087038 6.384933128180659e-20)
(1.103883680435559 -0.09503740422446105 1.539882795924224e-19)
(0.960409761777005 -0.003258151677902103 0)
(1.066459312207157 0.03146421546501748 3.729297496239452e-20)
(1.167316466568735 -0.07646056892632482 2.272400063184367e-19)
(1.054062862271387 0.04588355341756009 -2.863212415656505e-20)
(1.023007356553035 0.06810783938352608 3.661400336000096e-20)
(1.090589965518696 0.02625273489693435 0)
(1.013287588923439 0.0142116845279336 0)
(1.028963031679412 0.009398315197015696 7.87722521877428e-20)
(0.9485929129102052 -0.03210921356001593 0)
(1.053326593923656 -0.005522213345014402 -7.511915451002636e-21)
(1.338729929574332 0.05689051595552624 -1.554617386811202e-19)
(1.07969741106928 -0.01332188957836857 2.621149937206084e-20)
(0.7442095131843824 -0.001781443543485216 0)
(0.5437457130716812 0.1613969265276998 -9.822934573222297e-20)
(0.7058383193786374 -0.00249582979226416 0)
(0.6990932989612956 0.01467344618183342 0)
(1.077840153884499 0.003469064260966084 -6.516022899330675e-22)
(0.9906406133996293 0.01443404494104715 0)
(1.281231858923558 0.1223930744099188 2.537545245158858e-19)
(1.012222759901943 -0.0279737037095597 -7.469379483494285e-21)
(1.039043342330701 0.01796296874755194 1.25504005952653e-21)
(1.058393060621189 -0.01239660735228787 0)
(1.126356634664477 -0.009252354110721861 -5.089275867434062e-20)
(1.26036748046578 0.1231832510875352 -2.165225163910363e-19)
(1.088783754425271 -0.0109200167933315 -8.529917327249426e-20)
(1.070960667239653 0.02509445340420397 -1.073870388162632e-19)
(1.041095149616758 0.04677374343812977 7.315648979315343e-20)
(1.02234353796539 -0.003532251186240051 -3.460252848704283e-20)
(1.061368841922097 0.02368853544494266 5.785989468763423e-21)
(1.137637340423219 -0.0005385863703016569 1.059173188350261e-20)
(1.04089986153998 -0.01248480483750898 -4.67537760673562e-22)
(1.087694303882057 0.03482054145816941 0)
(1.028771268634638 0.01339586437699145 0)
(0.7915456883457093 -0.0757095464436944 -1.846306772693637e-19)
(1.030288380513485 -0.002136034172483288 -6.605989659322493e-20)
(1.137479855028178 0.002457125224306039 -1.297586169143479e-20)
(0.7035440464043107 0.006545138634310682 7.207458674436152e-20)
(1.17620109686626 0.01882402042851945 -1.957931014736963e-19)
(1.129405457932766 -0.003657740603338966 5.762255718799608e-21)
(1.129054123722196 -0.01010823318534706 3.384626313302964e-20)
(1.000936635394332 -0.002989448902016819 -6.852286011981426e-20)
(1.094698067945282 -0.05886462023193712 0)
(0.987638599140799 0.0003359085545106269 0)
(1.057971141240905 0.007040033547899127 0)
(1.006248352707318 0.1898047664828407 -2.378222477934911e-19)
(0.7795130762577962 0.01242936927604591 0)
(0.8570324035150014 0.1036214226820882 -8.238692033839835e-20)
(0.1048503181089206 0.03409368462273465 -3.035715581668983e-19)
(1.172932256493353 -0.0325287380610127 -2.275849553543915e-20)
(0.6712414967332707 -0.00737140817885796 2.446458670185886e-20)
(1.162888855342344 -0.1057746672784067 7.011556520257382e-20)
(1.129147595277842 -4.628093884362014e-05 -6.114009733344736e-21)
(1.15452206582723 -0.05107266353206818 2.211567209194684e-20)
(0.07401190690789816 -0.1890620974036133 0)
(0.2629688208878522 0.06695182215878261 0)
(1.255185521834988 0.1047075493741875 1.853216708914253e-19)
(1.021549134049015 0.01988591874839685 0)
(0.7375497274437333 -0.006314658008667026 0)
(1.074821475937726 -0.01167482269005943 2.715364713710612e-20)
(0.9752201903528381 0.002866991023903223 0)
(1.288425195662759 0.1196902422123213 -1.442837681716988e-19)
(1.05738209206826 0.01108593955967396 0)
(0.9923593868094371 -0.008100906527971945 0)
(1.065334888732187 0.008046981430828413 0)
(1.006251085322324 0.02090182523419623 2.106055499906028e-20)
(0.9236104229424414 0.003297364326926664 1.260999504583742e-20)
(1.175031902369092 -0.1988582492308269 0)
(1.004978537872374 -0.005229517546345697 7.938483462772607e-20)
(1.059237643175882 0.006150424000153324 0)
(0.7745388734346182 -0.003351935018515888 0)
(1.215890600910324 0.0259481945506194 1.625233808685506e-20)
(0.705131173032463 0.001341041598841579 0)
(1.43120109435642 0.08572489779389617 -5.158347561992462e-20)
(0.9936475024649783 -0.005733315190927699 1.658151092826094e-20)
(1.275866457641867 -0.00405282568288556 -2.987721901006767e-19)
(1.060049017822857 0.008841347057564182 1.339733939274247e-19)
(1.000898142296057 -0.01356852234280414 0)
(1.213138888948272 -0.1541216466894782 2.039341454631149e-19)
(0.7331666791910694 0.01378905113725246 0)
(1.097978960372753 -0.005030757845347792 0)
(1.154921068575573 0.06403467865511886 1.917768514101498e-20)
(1.006360505887855 -0.007139467370833298 -3.035105142106229e-20)
(1.122264006247864 0.04945223678540386 -1.716076671068014e-19)
(0.1582114956037235 -0.0901634860554965 0)
(1.073946834610427 0.03722256295618197 0)
(0.661511653157498 -0.002880865784272379 -5.49086182847411e-22)
(1.012062878872762 -0.01973358416889652 9.146393211046165e-20)
(1.061816426873813 0.0007676740168876478 0)
(1.087452601517818 -0.1394718494397696 3.796800447738627e-19)
(1.00247928496413 -0.006151322457193431 -3.350758744734206e-21)
(1.002142328725899 -0.004007760441675037 1.315562562565954e-21)
(1.094033751149724 -0.009186835816339455 0)
(1.020803667754087 0.02014611682445428 -6.565697124336971e-20)
(1.106824095904927 -0.001673507535438863 6.392751783368834e-22)
(1.073872655997705 -0.01065619974517702 6.57614235607931e-20)
(1.085662262861472 0.02227272066530087 0)
(1.32441281704546 0.1591033704564384 0)
(1.002086695827846 0.0005168779311678791 4.409396796548027e-20)
(1.322739765793363 -0.1328371091237838 1.587859481882429e-19)
(0.013999983681053 -0.1370343595070163 -2.374081893406992e-19)
(1.071193171092319 -0.005485358395729461 0)
(1.11413175834001 -9.485941308985977e-05 1.204833565075568e-20)
(0.7269129926090482 0.01784828567807154 0)
(1.059411092109144 0.00565097264659265 0)
(0.8634743019207668 0.163125020232399 4.662091535257853e-19)
(1.279091166485711 0.1174964730439898 1.823287990483308e-19)
(0.6541122772802166 -0.003115706427886357 -6.434013957616416e-20)
(1.041392057095956 -0.0006291742434954366 -2.53418344078923e-21)
(1.05495577039229 -0.00023576966281356 6.50344614853214e-20)
(1.359193313371416 0.119399352619904 6.614013303503238e-19)
(1.338107411593817 0.2527369350433973 0)
(1.057215044273367 0.007979065455988714 0)
(0.995513176045038 -0.005396799958403477 1.402812738153734e-20)
(0.9945999135906197 -0.006021547532669803 1.383590333002206e-21)
(1.386120665249129 0.1998969033814271 4.314469341657504e-19)
(0.6817397980830265 0.0006298723110715232 9.901102088329095e-20)
(1.005700115379319 -0.002078858899129937 -5.991248788201166e-20)
(1.097990439226772 0.01310904071937294 2.549019595217116e-20)
(0.6694579841452539 0.004983070037245935 0)
(1.066081325318275 -0.01203405204001708 0)
(0.991578490713195 0.124318912345499 -1.307442949357535e-19)
(1.082162086714471 0.005145487301543763 -2.531015322987286e-20)
(0.9819085858888628 6.73214806820596e-06 3.301161714053788e-20)
(0.9912110436554045 0.005991966914051188 0)
(0.6381894409466241 -0.001153238123182888 0)
(0.9768352905375388 -0.001305846526706816 0)
(0.641956843499311 -0.001448038345173041 2.699704674814836e-21)
(1.08709064227707 -0.0572370941512737 1.214977409804427e-19)
(1.109563474298026 -0.003791106660409265 1.197963555189935e-21)
(0.9580804375113928 -0.0008931430677870243 3.896558943197098e-20)
(1.016423052856059 0.01081300850981161 1.690608913212225e-20)
(1.063799599209494 0.01042708645363157 -2.170920102661425e-21)
(0.6348255205780194 0.008848241926065661 -3.630987394346796e-20)
(1.003031012716065 0.01284162338431596 -6.765861638442734e-22)
(1.03661291686498 0.01222435250563626 5.035261569015511e-21)
(0.987234270085834 -0.004344248150026065 0)
(0.6100763327716928 -0.0004572932963327876 0)
(1.068926098060166 0.02268735898503639 0)
(1.015686996717124 -0.01606469371488768 1.051179890562646e-20)
(1.021737729273017 -0.001868827474685566 0)
(0.9929242621798293 0.01482758625712878 -9.410223302402737e-21)
(1.011288819204551 0.006948213221911732 0)
(1.131752935411155 -0.003692832447137444 -1.270064802143484e-20)
(0.03168062364837917 -0.1376608581676896 -4.419955220408405e-20)
(1.035286864493025 -0.01591763568857974 -7.271259100983614e-22)
(1.045832859610299 0.009343968109785085 0)
(1.087828865316041 0.06720054958176884 8.385234201046756e-20)
(0.9691537164862322 -0.0007671341522668123 3.116928449808621e-20)
(1.020376726151746 0.01711831270079181 -2.273075945068009e-20)
(1.00678145602074 0.0006292147484273197 2.419494392847624e-20)
(1.040173950696649 -0.005528640370063681 0)
(0.6409873650704727 -0.00404909653022758 0)
(1.026016071508939 0.02447515145846788 -7.820195627760707e-20)
(1.081200451869817 0.005627780977058862 4.985105034632244e-20)
(1.012019928463048 0.004171083758655463 0)
(0.9818000940059359 -0.001408406823925406 -1.908550576056971e-21)
(0.8651142891302193 0.01966855080057837 -1.442416131571289e-20)
(1.013944464202597 0.003042691836156909 -9.852913841288199e-21)
(1.025922836633532 -0.001286235550864272 1.7885869864121e-20)
(0.9783434006315155 -0.001572510353267987 0)
(1.006664483508854 0.008612206608799133 3.284957665948076e-20)
(1.107461410195463 -0.004928452383183491 0)
(0.9328981684960018 0.006113743193396509 -3.437537548018028e-20)
(0.9569329390487913 0.006304903898035461 0)
(0.9046950323038367 0.2054240380630365 5.04627023193346e-20)
(1.01118442830461 0.06756383247225201 0)
(0.9909687220329427 0.003940312164213289 -2.313617121819618e-20)
(1.053541566302969 -0.04999156312214201 -2.73525037844603e-20)
(0.9927626079426201 -0.001356010003361643 3.344975286362405e-20)
(1.008448261570051 0.0024813364987527 0)
(0.9803684581570535 -0.0005532841406471283 -3.113585277129093e-20)
(1.176342980961512 0.09509795826818823 -3.307371532538944e-19)
(1.067641029614306 -0.2630732044207143 0)
(0.9949564348059428 0.001682538105012719 -2.215798321871639e-20)
(0.9800014527631465 0.009047758400486345 4.824841242535283e-21)
(0.9578645549491918 -0.00138353251774732 1.066104855092537e-21)
(0.7460359118746861 -0.001097198109443585 0)
(1.112969391713144 -0.07229322508790433 0)
(1.007607950273515 -0.0002315697533148856 -2.159941574774604e-20)
(0.9000948123786081 -0.001785214402557508 -1.083647535560954e-20)
(0.8457966888466918 0.00998550575235776 5.75793073699402e-21)
(1.010046234745142 0.0031174046824457 0)
(0.9565373316787332 0.006371091243099977 1.603335108494912e-20)
(1.005805148217758 -0.0002039029698625382 -2.262339535178992e-20)
(1.024683076405255 0.001979246953287956 -2.503131133724694e-20)
(1.111562000842654 -0.006200317661321474 -4.895850949638668e-21)
(1.114125504448535 -0.004980568264760359 0)
(1.010340696770408 0.005152801190836555 0)
(1.025551745336649 -0.000730035295342562 0)
(0.9504815524915998 0.01073574385863817 -2.132702127622701e-20)
(1.017884419370307 0.01314656185505716 5.560099687272782e-20)
(1.083002124419429 0.005896489743968292 -2.303040405911948e-20)
(1.036745177546702 0.006198065139778454 0)
(1.107736333700671 -0.005279625890094925 1.80924023260188e-21)
(0.9958048441518917 0.00112154887624643 -2.22227256690472e-20)
(0.9803426297685537 0.002036445647071277 0)
(1.010949659922803 0.001866042058379581 4.69821914669998e-20)
(1.362233205677541 -0.3135010322060827 -1.121205111155885e-18)
(1.121172993178861 -0.0459479327984594 -1.106143390053711e-19)
(0.9759659385491518 0.01139656959680375 4.8072234110618e-20)
(0.780253357689773 0.02387765727806367 -3.573375553541343e-20)
(1.221325125597194 0.04886624941385896 0)
(1.214098296549479 -0.1362777471063224 -1.476387706053719e-19)
(1.084054295707732 0.001910798517196846 0)
(1.00956771637121 0.001147789076055805 2.239883594610085e-20)
(-0.1838903928829329 -0.06852994030451862 0)
(0.9939717313099744 -0.004674327129929158 0)
(1.012343946670782 -0.02307363961334713 3.996922875108017e-20)
(0.7061706238747538 -0.01941097991848209 0)
(1.096802700124447 -0.01504508260863886 2.349347452279019e-21)
(1.039922210215324 0.002013699826300904 1.427603021928489e-20)
(0.6331398784325822 0.004180636015935158 0)
(1.444834412119711 -0.1233180161382632 0)
(0.9863008824729513 0.002159839145392908 -1.075225918699523e-20)
(1.069605817592145 -0.0149751303041951 0)
(1.038050368806236 0.0005778322722968265 2.095370172574516e-20)
(1.087800432216045 -0.003547861679252175 0)
(1.00965102895719 -0.00362419690145922 -1.243339165381335e-21)
(1.006244584304585 0.003203851129541063 0)
(1.012176733750169 -0.005443517473084678 -3.242862026013261e-22)
(1.003446318029861 -0.0200474816471459 0)
(1.034219342489495 -0.0009011502321984674 1.862323665628978e-20)
(-0.2137717701370292 0.05326374638641601 2.771445909966698e-19)
(0.8211579540452334 0.04034059484010474 5.895701983496067e-20)
(1.005188708544119 0.002384330164967213 0)
(1.124120215064893 0.02112954396524476 -1.315406291007389e-20)
(1.110329528585483 0.01174796242240916 9.693738132559267e-21)
(1.053825234389329 -0.01299147176724993 -1.31459747988716e-19)
(0.9987756533348568 0.0103929518683954 -9.042329658722789e-24)
(1.084505986852075 -0.001907746925683749 0)
(1.186735782106624 0.04946393982065045 0)
(0.8350663894471243 -0.07365573989990327 4.606670345603524e-19)
(1.097192901753081 -0.01435828702718612 0)
(1.032840084689783 0.008026266006510411 -7.643863904453326e-21)
(1.042772851518255 0.005376150757436545 5.802226362394772e-21)
(1.050458313875818 -0.05987053337041598 -7.53158883806991e-21)
(1.140086999802203 -0.002566016408021426 1.710368341435193e-19)
(1.076658029193801 0.0007485495010658331 0)
(0.9950415162155453 0.001753816058147144 0)
(0.9978888708029068 -0.0243126118755512 -2.34178254326344e-21)
(0.9915959561647774 0.00302891956021234 0)
(1.028950127943237 -0.03705336926020032 6.476508030722635e-20)
(1.294142320756746 -0.09832372544916895 0)
(1.045415687654198 -0.01052331198388893 -1.571617843569777e-21)
(0.9861731012972562 0.01679871908439316 -8.949077262872074e-20)
(1.035427405298488 0.04239657935461124 -2.346535680043173e-21)
(-0.09066237354695102 0.1919584836989743 -1.695275458833147e-19)
(-0.06436455473788362 -0.2797013621982768 -1.358663221629085e-19)
(0.8575153044455044 0.1118487679768942 0)
(0.2790163051535783 -0.006407818711257383 -2.901533218191223e-19)
(1.013316644046564 -0.01837689927424564 -1.185452746377827e-20)
(1.064017991324729 0.002640577770640588 -2.079614897839866e-20)
(0.9934536946118878 -0.02079775990035051 2.970191590732802e-20)
(1.025928586400481 -0.02678757112089904 2.585818247123272e-21)
(1.008521166672689 -0.03049000749071249 -6.666963851624819e-20)
(0.9887015146432034 0.004916914396604217 -3.488008770611557e-20)
(0.9938537012971635 0.00434839183831187 0)
(1.02445575848317 -0.001825555970969837 -3.558489331616797e-21)
(1.930368348623883 -0.1557890064506687 1.067120408809238e-18)
(1.05308166915137 -0.01927781267685778 0)
(0.9964526264025673 0.007183060222823608 1.497255797145966e-20)
(1.003121906538942 -0.000379077721571562 4.039621970935859e-20)
(1.178080871196407 0.1443971558615906 0)
(1.007540442153217 -0.0199468664451719 -9.140532745966425e-22)
(0.9526463733171365 0.0001349033381673708 0)
(1.037850171581601 0.04171388217748835 0)
(1.292159406672222 0.1532588252465621 2.1611262448992e-19)
(1.079005636117471 -0.008697301122473402 2.29945400339948e-20)
(1.017296647371195 0.03225362473750183 4.565609475308771e-20)
(1.078427921210291 -0.003174537177366143 -2.216709758669163e-20)
(1.057375816510132 -0.01841375062522976 1.288194713016066e-21)
(-0.3853631356679229 -0.03481384403100681 0)
(0.9983544259931122 0.01299397156002691 0)
(0.1238032769468587 0.05774965167138707 -9.010523890355838e-20)
(1.005526663025363 0.02212949294469881 -4.03803105621064e-20)
(1.000754662194514 -0.01146959585137323 0)
(1.000291381985387 0.00561769446505366 -4.97521080803464e-21)
(1.081688720130042 -0.04210854900138233 0)
(0.9954032470004471 -0.01898511718837832 -7.94696428946576e-21)
(1.091644263395286 -0.04589335084824706 0)
(1.440271769897719 0.1725422095581163 0)
(1.054295922241423 -0.01166413349681868 0)
(0.9918456380621169 -0.02321735343375815 -3.994408063834083e-20)
(0.9808502602257365 -0.02248607797203861 -2.618628294079272e-21)
(1.020177986108625 -0.01938301004653996 -2.002103927085569e-20)
(0.9972604110182685 0.01728406598001639 -5.460605711087973e-20)
(0.9954088741272518 0.009429952329162574 -1.459178867114774e-20)
(0.9945161312667169 -0.02623847868811709 0)
(1.002055809084116 0.02557377996030644 1.905049268283898e-20)
(1.035213133545876 -0.02768622501623177 0)
(1.110387972211749 -0.03637939822719193 2.542379635971294e-19)
(0.9951251411437508 0.01706141559127288 4.526803789959113e-20)
(0.6150957396725439 -0.008679521907382125 0)
(1.151380578307584 0.1412537159406716 -1.859093138498926e-21)
(0.8298104631339021 -0.09510805286866041 0)
(1.139275130136715 0.07268642826478744 -2.774509815256822e-19)
(1.313112073284258 -0.3874195292178397 1.277465541329347e-19)
(1.0760710138603 0.06517502877484226 -1.318164517114983e-20)
(1.010247646599952 -0.02932640672217996 0)
(0.9547178745040553 -0.2137369168643392 0)
(0.5304420012312203 0.1618573624138777 0)
(1.012289884490781 0.01344107126927536 1.025975923543052e-21)
(0.7115056410118535 -0.0126714392390917 0)
(0.9980023207089657 0.01730637706387221 3.476467063982663e-20)
(1.022122784559521 -0.0002003697881050374 -2.67213103392276e-20)
(1.079165041342191 -0.008017102233110567 2.688896331973543e-21)
(1.045830954175533 -0.01077743047284703 2.879345115446941e-20)
(1.042923979067731 0.01086503015374892 0)
(1.053486945689194 0.02699250403106917 -9.768409054435778e-21)
(1.051661143821 0.03490109932013057 -1.779895559164036e-20)
(0.9831872904626359 -0.02164544018313644 0)
(0.6249097491604476 0.005138673879113199 9.181283894982292e-20)
(0.8941769454212926 -0.005916703294254962 -8.856408163841548e-20)
(0.9093500282019001 0.005271555497791392 1.444433840256109e-20)
(0.6296159528578142 -0.006400144088574129 1.409598821840416e-20)
(0.9791048858046264 -0.0003239328006135554 2.579661730951919e-20)
(1.004430544285908 -0.01762767805994157 -3.349409544824229e-20)
(0.9687360588959465 -0.01189439276853419 -3.100938947685855e-20)
(1.085570119413661 0.001451077601032601 0)
(1.01866602801078 0.004779051947760947 1.087272661996201e-20)
(1.133353872115031 0.04817895783651526 1.338597619660395e-19)
(1.033760823207617 0.04270451521737482 0)
(1.022180418942545 0.002632573107599223 0)
(1.580294195111571 -0.1672761293281172 4.364941109362669e-19)
(1.040881981197787 -0.02637990379222884 0)
(1.02233549056307 0.007981109873518567 -3.609807145656332e-20)
(1.087532926258959 -0.003250963368784297 0)
(0.4864065886643859 -0.01543129335117234 0)
(-0.04060524714790453 0.004878088891020475 0)
(0.9901098178735603 -0.02353755884407867 1.241612135296089e-20)
(1.299187506303366 -0.09609985262336845 3.681419491274257e-19)
(1.033138549519627 0.03948160021888635 0)
(1.022636130421358 0.003391223624200049 -2.202849069645163e-20)
(0.9406066211827544 -0.1657513367700495 -2.373990446906219e-21)
(1.253005437772214 0.07362428037411552 0)
(0.5992734188371059 0.7327921389949639 0)
(1.305283356518293 0.1449975129517491 1.06836179483909e-19)
(1.673155435748066 -0.02578350259966294 0)
(1.071904384104052 0.1255741029944167 0)
(0.7308786197246706 0.002003542184709759 3.063723726899226e-21)
(1.050337603373813 0.04947166133737388 0)
(0.7174401458279103 0.09904186420031351 1.277589686860073e-19)
(0.9968212079677602 -0.01628271754026523 3.583917782335263e-19)
(1.03490165560535 -0.03844951502759977 2.64483461469727e-20)
(-0.3697785330865672 -0.03842507523801143 0)
(1.07162933876074 -0.01615057873290755 0)
(1.093678115750271 -0.01714966333168803 0)
(0.6470409499419419 -0.5000689876683104 -2.507588920958609e-19)
(0.9922088752003377 -0.0001330144635499291 0)
(1.091759435548008 -0.02215846266914954 6.065583582359356e-22)
(1.189337592594999 0.1210334293736071 -2.036465039000437e-19)
(1.09343613362512 -0.03718628548982469 0)
(1.004958299973974 -0.02092918537078053 0)
(0.8072452207532835 -0.1961764886414877 -1.732988909483005e-19)
(0.9006657569460598 -0.1425453230847352 1.502963340041407e-19)
(1.030620379329968 0.009988102491997346 -2.113234744010267e-20)
(1.023128530055058 -0.009273654980272808 -4.334063798143858e-20)
(0.8668585540661184 -0.0004654905640647082 -3.295922507346819e-22)
(1.502051968176551 -0.1937480068112676 0)
(1.302119164720369 0.1127281683681745 3.134307801368914e-20)
(1.243543455607554 -0.07963448606789543 -3.069541488075535e-21)
(1.0959195220374 -0.01878230225449766 -3.937847516384173e-20)
(1.043535417289626 -0.0172069355423727 2.863521522165253e-20)
(1.092800350383893 -0.0391934853210843 9.44868695847832e-20)
(1.032745003144697 0.0197965853286389 0)
(1.048203091087393 -0.03151542082796286 0)
(1.115851113965892 -0.009050770937952927 0)
(1.094497059686548 -0.02698077150775666 0)
(0.9980011957646725 0.0107552225640872 0)
(1.153230610051379 0.07536346758154411 9.332355680003621e-20)
(1.345698568921236 -0.1576554545016617 0)
(1.042721177747605 -0.02252703044242928 -2.18356262986013e-22)
(1.052687356508792 0.05459104730353258 0)
(1.009913609923529 0.01439257254847467 -3.853825005548115e-20)
(1.033521657800951 -0.008199197045863547 9.297097216377534e-21)
(1.088997274710977 0.01330364406463585 -3.183902864269706e-20)
(1.084301332297759 -0.02979359754958691 0)
(1.076621753101353 -0.005894521420088989 0)
(1.102004981424209 0.09313672191631212 -1.405529456500443e-18)
(0.9348734516077298 -0.1480212786500474 -7.106430061202091e-20)
(1.179078967777953 0.1069641181738558 1.111888609732217e-19)
(-0.4596176362503065 -0.01030647712715988 -2.927417169122599e-19)
(1.019464449151227 0.02946100800011306 -8.62483932906285e-20)
(1.006507481399452 -0.006207776599057913 0)
(-0.2686575830722733 0.02574477178653892 3.562028750143732e-19)
(-0.04941265730311294 0.3411626183798807 7.484569111643029e-21)
(0.9952201674819979 -0.006331141124040489 9.080192966799991e-20)
(0.1869132717590073 -0.04083397574717881 1.369197728765605e-19)
(1.096886140239038 0.0887967661957753 1.498623955990521e-20)
(0.09347600954368018 -0.1066281954328197 -5.368867436815107e-20)
(1.107921567215635 0.003162489203805447 0)
(1.095471747170364 0.2522827648967743 0)
(1.02154332270619 0.02200778020408318 -1.690065574159823e-20)
(1.06991691215278 0.06119188608207422 0)
(1.024251249055074 0.02637924399857655 -9.023044034479239e-21)
(1.260123475440808 -0.5474337211721232 7.98828116598586e-19)
(-0.08259503379193237 -0.2129757425432626 2.117094305266815e-19)
(1.295757150379266 0.1124377515415913 -6.155390237619588e-19)
(1.124859811530557 0.0004183125291632423 0)
(1.135323410907086 0.1023698346741231 0)
(0.5224226442109318 0.07897122084719906 2.473728307256816e-19)
(1.02289824651187 -0.02102888229575415 9.521717366160742e-20)
(1.005270118314247 -0.02358985061435327 0)
(1.2133587829888 0.2716909847925661 -9.789591926588561e-20)
(1.250067308630747 0.1309147058669305 -1.52469185170855e-19)
(1.026513191294697 0.002658932891806126 1.577572819328417e-20)
(1.29613233951223 -0.08478342891269794 -4.964975848715191e-19)
(0.3061771596199099 -0.02092397290431925 2.76278899014642e-19)
(0.8339529828406198 -0.1494393676547255 6.846149038256792e-19)
(1.058249032741748 0.07111813767576479 1.078920893892338e-19)
(1.040940149515062 -0.006478421660700188 1.299489051216783e-21)
(1.000930156849658 0.01998023523335252 2.884223187150112e-20)
(1.066484313658344 -0.03687691322533525 0)
(1.034501102800568 -0.03844324828669061 -1.457661387184782e-19)
(1.018502112248581 0.03554899488931697 -4.654846713079711e-20)
(-0.06192863393365101 0.08116969899763402 -4.931651223510657e-19)
(1.010729417473377 -0.05778689991539215 0)
(0.8957405536373639 0.0103958207837157 0)
(1.091823646390098 -0.001160340262632396 0)
(1.361375661793165 0.2575151501527147 3.759498643929891e-19)
(1.693546223977689 0.1033116161941978 1.325240363083554e-18)
(1.401587153844814 0.1479613063575049 0)
(1.029652516326425 0.02463401153795926 1.128488161208217e-20)
(0.3473644839082694 0.03297028455116763 3.402823141538237e-19)
(1.120887878746803 -8.622196204756936e-05 0)
(1.100271491434665 -0.0183451990547785 3.32541997858162e-21)
(1.097116314945345 -0.02302725188672693 2.266666835593257e-22)
(1.142680878882923 0.09739709732701238 0)
(1.298495924201279 0.05437509380583895 0)
(1.040138289405214 0.0007351861055089183 1.150515766823956e-20)
(-0.147868905396772 -0.1036344354980727 -4.024066942936686e-19)
(1.332360951669011 -0.15594089453611 -2.187641688527473e-19)
(1.067893547235174 -0.007389257390331181 0)
(1.013927682737842 0.01524374680047264 3.039552761499211e-20)
(1.140761669451125 -0.09752056294417588 0)
(1.015781525932189 -0.01796219201643421 -1.137950712007607e-19)
(1.030714284176905 0.007694296590834911 0)
(1.509528090896692 0.0871869991170067 -2.821278474258868e-19)
(-0.06739091805087774 0.06870343947071725 7.49938845084731e-19)
(1.098103729523325 0.0494532266054768 2.078342950410334e-20)
(1.093140662798426 0.07888451011032743 2.125021139121753e-19)
(1.009737560423855 0.008381782743320085 -6.129750920181207e-21)
(0.005695612602635946 -0.112044991691348 -5.108637420507813e-20)
(0.02610497057767997 0.1181173481183101 3.579064628753971e-19)
(1.235931653579109 0.1290261109201748 -1.531204577560583e-19)
(1.113342808764076 0.09480018776878366 0)
(1.088127927953471 0.02487517509695899 1.768032084032839e-19)
(1.007158235251204 0.0219857277988476 1.740607059265043e-19)
(1.029107975521535 0.00124236787038008 -3.692786478602095e-20)
(1.214765377570298 0.1293915786681658 2.4902421890561e-19)
(1.400448868878857 -0.1338835019262078 -2.080522032151666e-19)
(1.066207989207814 0.05004594829975612 -7.304767086226477e-20)
(0.9937145568941996 0.006538803913481665 0)
(1.089338309823602 0.07609971284443756 0)
(0.9784712786802855 0.006910127162140422 0)
(0.9975873914131017 0.007293231731003757 2.305829688727484e-20)
(0.493560943423099 -0.07319490698079194 0)
(0.9895665997588364 0.004356255317111554 -3.282595985661456e-22)
(1.287024051434502 0.07617055972282358 0)
(1.009431698715998 0.007534582639572133 2.152660288894671e-20)
(0.8249873091506201 -0.1280701197098056 5.458750196812804e-20)
(1.104166507477362 -0.01796867909387848 -9.162687725036103e-21)
(0.9397730167818306 0.01664228545336668 -1.76880491363185e-20)
(1.444385881777476 -0.2853722711984525 -5.339106485085527e-19)
(1.137730384868474 -0.09214645236066377 4.73391400161928e-19)
(1.088885314884803 -0.025126078065889 0)
(1.928785669460534 -0.4698232445169465 0)
(1.619774633959682 0.1887150861994005 0)
(0.9870249990950363 0.005858974204986012 -9.090143675885434e-21)
(0.8612257120113079 0.7762692372723958 2.427854738000465e-19)
(-0.01990814157573936 0.2251267353967645 5.377811967821426e-19)
(1.04373773136356 0.008435349761516359 0)
(-0.2078879200892607 -0.08663680778192932 2.143600375446805e-19)
(0.9836516500357738 -0.001780132976421486 4.060481150517672e-20)
(1.182257444973113 0.1619243500865112 -1.6442312736722e-20)
(1.044399649864607 -0.02238113345453493 5.470545720616722e-20)
(1.061360103425344 -0.1458245685866306 1.487788293096061e-19)
(1.130642413483314 -0.002815633386042588 4.542769212968522e-21)
(1.112536270384314 -0.01805131058864008 0)
(1.312992397265424 0.5315657031174414 -6.057230695427527e-19)
(1.029758026769277 -0.004981289514964642 -2.240071246136295e-20)
(-0.2948548102777576 -0.0585838869410784 -1.953712257660371e-19)
(0.6796070200471765 0.01847352634862223 0)
(1.084801899064712 -0.6962470319541118 -4.795037543048774e-20)
(1.316925102910917 0.08555842868561786 -1.110199271410438e-18)
(1.11371999944456 -0.1080484729244862 0)
(1.089012078529085 0.2805309394613447 0)
(0.9725053188659102 0.003786598512856092 -6.170002575224342e-19)
(1.061768209254935 0.008504786599569372 -4.151139419955504e-21)
(0.9246753790355873 -0.01209265265198747 0)
(1.090546398196286 0.03088806420516584 -1.753125612956565e-20)
(1.366099746197665 0.2142516812598592 -1.860709101894753e-19)
(0.73253822869407 0.1002690164957933 -1.050848689213073e-18)
(1.07855372592775 -0.0006004756644201141 0)
(1.265201329985114 -0.06124771578705537 7.066868981573012e-20)
(1.005849076613055 0.0006559503773305716 0)
(0.8469125184644687 -0.7727260153332621 -2.08247264178526e-22)
(1.081332614107447 -0.05215921149645777 -1.082016535937746e-19)
(0.8773765556942581 0.3273799549377583 2.914978721790945e-19)
(0.8346208272773884 -0.1997137898748671 0)
(1.029900236931248 -0.03561980390643496 0)
(1.053590723133726 -0.02924589654630305 0)
(1.00540251073241 0.0009622816081143447 0)
(0.9812041358422861 0.006233202312972421 0)
(1.349874697936392 -0.2383126787960157 0)
(-0.1037244481077099 0.171552825801899 2.398387689531197e-19)
(-0.07041438904663096 0.05690060469051418 -5.898623314901962e-20)
(0.2495470807860769 -0.1233148835775954 -4.272929689917208e-19)
(1.516336784023716 -0.4373193279865438 0)
(1.033979137237001 -0.01658650214102022 0)
(1.767595671650029 -0.7565300646645444 -2.33502950918287e-19)
(1.130752498803843 0.003955652139435354 8.122463951335672e-21)
(1.327656123885706 -0.09257651107473716 2.832515712666563e-19)
(1.110459912228358 0.7108863277413354 1.4758928890803e-20)
(0.3398917724362263 0.5968530323787065 -2.143970141104961e-19)
(0.6772420367335716 0.4622082827333545 -4.743131254308562e-19)
(1.062060664640869 -0.1621268986183936 -2.121532685028691e-20)
(1.223689562449479 -0.3586566537425253 0)
(-0.06965394024885167 0.2137825359032388 -7.414667816294373e-19)
(1.04727986531035 0.02261749482148337 0)
(1.113610009013051 0.0458172477003139 -1.522115490084523e-19)
(0.8169209328722951 0.9008396769240324 0)
(1.069215629824967 0.04480624502609443 6.705615684231756e-21)
(0.27217545360042 -0.05472849213734491 0)
(1.113080638644807 0.03842001739470903 2.306098002483051e-20)
(1.37402965182394 0.325233952365771 -5.587160008153431e-19)
(1.074595763327371 -0.01314347058706711 -1.663536850074185e-19)
(1.473644295159903 0.159441691410719 -2.547607677709806e-19)
(1.334301276121995 0.4199735319386666 0)
(1.176291439911006 -0.2704211050319465 0)
(1.306887270713375 -0.1388987494066482 -1.229351186547377e-19)
(1.06679839449404 0.016224036883524 -3.318695183711273e-20)
(1.060721814758261 -0.0119540124485304 0)
(0.7395752330497231 0.1449847258085121 -1.174045083153862e-19)
(0.772241055377618 -0.5735072500771164 -5.848629881562887e-20)
(0.666913196989422 0.206767607443918 9.565930553418754e-19)
(0.9680617070773545 0.1146376681000152 3.299271758311627e-19)
(-0.001684179394760797 0.09616011664271389 0)
(0.5561665220390311 0.02266298422739546 -6.432814325297415e-19)
(1.057547201755724 -0.04016833061544413 -1.893955024669872e-21)
(0.6991633018167794 -0.1175360520122821 -2.778013479270354e-19)
(-0.003221722648991774 0.2509772935600635 -2.966352569967753e-19)
(1.18158153932697 -0.08022356595336254 0)
(0.4031526116611196 0.01789976887790158 0)
(0.1611900869500543 0.3762527984677883 0)
(1.445077587226089 -0.2637937272845613 0)
(0.2332017703297095 -0.3541915809288239 -6.45580110092299e-19)
(1.592712836310929 0.03912826215676415 -3.87322610449589e-19)
(1.02462850899784 -0.2004503300812039 0)
(0.6683913046489102 0.02752713359272912 2.471581428549856e-19)
(1.024550254801116 -0.01136263878073928 3.535443732569054e-20)
(1.139558079596285 0.2368939702233877 0)
(1.737533629888824 -0.1124745232131002 0)
(0.5792328603265655 -0.7338437340661725 -6.666935507650665e-20)
(1.272596893182227 -0.1116260222356026 -1.012908001464212e-19)
(1.410447579633582 -0.08674481271446774 -4.326527800741886e-19)
(1.48736992499472 -0.06677054463091189 3.676691081036768e-19)
(0.09700811047704867 0.1045834015143735 0)
(-0.1361056466650929 0.1018038305056787 2.814783314553697e-19)
(1.038142527983016 -0.06321461850712198 -4.640900278034152e-21)
(1.119271755386689 -0.1398061070665572 0)
(0.6396542797714522 -0.3529834511426323 5.240026752320614e-19)
(1.048753742302577 -0.06312995245758246 1.378087309789678e-20)
(0.8630040430650956 -0.1479124326403612 0)
(1.319484253070204 -0.1374038899038234 -1.047865390521543e-20)
(1.122601811987606 0.07946880594780401 -4.378081412116419e-20)
(1.091059877238958 -0.005033544943420314 0)
(1.1301303051769 0.5723828233879242 -1.130768981946999e-19)
(0.340946449897117 -0.5957029373339898 0)
(1.060989057166009 -0.003491201614901622 2.836314251738123e-20)
(1.097251938761467 -0.006291894013127941 2.671511049605264e-19)
(0.09266431436037087 0.1703236358784314 -1.669224061152162e-19)
(1.183944880553354 1.005334988692873 -2.263758838382837e-19)
(1.366323437517917 -0.1376927319355738 -8.780267216978734e-20)
(0.9124417349142586 0.1082019565286009 5.664039302133654e-20)
(0.9973708830078999 0.004062297855211654 1.055684947389165e-20)
(1.067146218448984 -0.1563003887630272 1.843284055445552e-20)
(1.504448421565408 -0.9459745390968916 -5.192383338810846e-19)
(1.536694848079029 0.9531018186352919 2.382109303897156e-20)
(1.428217696791619 0.2241987255916071 3.402420014839178e-19)
(1.028198064431249 -0.007681020941265748 2.077365185915354e-19)
(1.035281997132791 -0.03315145511029194 1.597460411426241e-19)
(0.9921190034424121 0.02281201017986853 -1.911999800441272e-20)
(1.058063868834837 0.0383135113946085 -1.471682272727997e-19)
(1.078513244466943 -0.06536336798310467 2.85271287486894e-20)
(1.439228273718143 -0.1371920631145035 3.403685815236301e-19)
(1.82421549868009 0.7505336397650566 1.877972235429101e-19)
(1.033287792564207 0.03410377961963076 1.04666375791701e-20)
(1.072087000052193 0.01344401886027433 -1.065236714421263e-19)
(1.992110514838117 0.4790696762943778 5.386356907762458e-19)
(1.934816059309063 0.1604476702475232 9.384602861613321e-19)
(1.083920479818114 0.6412176328169937 -9.965761128906698e-20)
(1.1107118462042 0.1722910051053257 0)
(1.044131195075831 0.02297222366847404 0)
(0.5115630875302999 0.4425991964706765 1.155400322114496e-18)
(1.37312396365964 -0.2978029617854631 1.862653339145451e-19)
(1.186544445302191 -0.1582319052154144 0)
(1.637540106014156 0.2363704560306646 -6.232556206444087e-20)
(0.8095560198795493 -0.152752252479525 -1.251315209715993e-19)
(1.324791240619312 -0.2086617025161674 -8.98646179559873e-20)
(1.25230352926043 0.3911458946930331 1.457138926763134e-19)
(0.4927090340568029 0.1995003698361211 -5.584557794392674e-19)
(1.693026151380012 -0.02063999643698958 3.309830727680073e-20)
(0.8542481052711696 -0.5421319463736793 2.331349353793091e-19)
(0.9992782606984612 0.02417512545631382 0)
(1.623854979373239 -0.1876700957017055 -3.124342114092153e-19)
(1.090927117116992 0.1008410948798227 0)
(1.342434590407559 0.5830061783080897 0)
(0.9407996593617136 -0.4114667142132548 -2.838842791030095e-20)
(1.249260871768378 -0.02782096871897132 0)
(1.038097961499326 -0.004064950276985016 -1.256601550047443e-19)
(0.7253659381437843 0.1127014002795056 3.053000129300443e-19)
(1.320849058652235 -0.5796033951631174 -5.528495949934719e-19)
(1.049411175766392 -0.630570009936402 8.660499490830976e-21)
(0.3503390323027984 -0.3728077583912024 -8.600274675536803e-20)
(1.006792644945087 -0.0950167288071858 0)
(0.4461037093189111 0.3063551111007417 1.676067324622118e-18)
(0.2630175658499685 0.02820644719215304 0)
(1.316664139741403 -0.1394561717960422 8.103139770412441e-20)
(1.57320084712808 0.190142227749111 0)
(1.168984842415965 0.448822237240585 1.360174625412053e-19)
(1.05407200875105 0.1537679201435677 -6.26175544296204e-20)
(1.031725656757035 0.004279386344637036 -2.027314499108729e-19)
(0.9585558462778523 0.4117104208390562 0)
(1.159402878443991 -1.00709498798698 5.715849675739577e-20)
(0.891148877544944 0.01117247487634411 0)
(1.070892165224125 0.3809925836740329 0)
(1.054790352536746 0.0360544090494838 -4.558350193563275e-21)
(1.46974376792098 -0.2986085345390878 0)
(1.241971345522922 -0.1844260385580893 -2.929685128751278e-19)
(0.02497480939368605 -0.0004961594876858265 -1.841273658931686e-19)
(0.240272418589996 0.0240286225771573 8.861065902867682e-19)
(0.9807146005116383 -0.09777496406734898 0)
(0.4735419883893165 0.6524008403068122 -2.521268319007516e-19)
(0.917584693619002 0.03147895569821103 0)
(1.541616236420919 0.4162217213591382 5.51476129910233e-19)
(0.472599255792203 0.1434991703251829 -5.842802004858195e-19)
(0.05130907151061552 0.1866578209849536 0)
(-0.407719670316282 -0.04171212463293442 0)
(1.032285060500436 -0.0004379192327099445 1.283694091711402e-20)
(1.654833388757804 -0.2257708071057808 -1.096034251763374e-18)
(1.107077562391881 -0.5611470296094645 2.335706229462982e-19)
(0.7826481148025644 0.3362090051691196 -8.707510749191073e-19)
(0.9029706428662645 0.1357854539943153 1.401731567292103e-19)
(1.044365124848503 -0.003669057354719692 0)
(-0.2797441757888164 -0.1024783059718189 4.016371999919614e-19)
(1.033632676380343 0.04671211211943317 0)
(1.200849102653417 -0.2429705389597779 0)
(1.565637389856948 -0.1904494839160088 5.171304311184435e-19)
(1.126991311974564 0.07267915703537348 -7.450314901812948e-20)
(1.078492396738684 -0.1426467594180966 7.77544054072475e-20)
(-0.01017352070501236 0.06716412891276372 3.312695914348029e-19)
(-0.06208697880541576 -0.1653683648104716 2.456256598012839e-19)
(1.070397403290721 0.2133401374723506 0)
(1.098576461413515 0.05770997879583893 2.101841001067141e-19)
(1.490555869508351 0.2858576465819425 -3.609729013221413e-19)
(1.320156557214482 -0.4861270999426412 2.343877487150922e-19)
(1.144101573673717 -0.1542963586568872 0)
(1.122222554918481 0.150893408755411 0)
(0.5250344479097766 -0.6850091658308533 4.185310673660504e-19)
(1.315413620587783 -0.04074177936507058 -2.992148808227242e-19)
(1.000155818678946 0.1057368944785624 2.497013978134936e-19)
(0.3134495851146903 0.3618038649636464 -8.859472665982878e-19)
(1.025398935141241 0.1106178052552091 -4.150019283031131e-19)
(1.035561292892043 -0.3943703265811984 -5.310479393640365e-20)
(1.463090078129107 0.1078116043072787 -6.556660868793208e-19)
(0.7775975203563649 -0.8810718860370189 0)
(1.056426603275432 -0.03092281163358257 0)
(1.119606631729614 0.1614973074819721 0)
(1.620750216239591 -0.04151648042565882 0)
(0.8164469333050584 0.5965461864117996 -1.993166451842898e-20)
(1.489004782131748 -0.3565395601785088 4.525679756302867e-19)
(1.544690921364781 0.1468291260271734 0)
(1.134093330423718 -0.457384450579647 -1.603479516470303e-19)
(1.464451271535184 0.3442909145364181 -3.573854194864515e-19)
(1.010648318911432 0.02854956446964919 0)
(0.2150685893921976 0.009987566599591064 -2.434523595206223e-19)
(1.339374178704359 0.5116438580799907 0)
(0.9743713405080353 0.007940264310210233 -3.985291800708351e-20)
(0.7625625865637283 -0.2987615948685536 -2.077460293393747e-19)
(0.508483509599962 -0.07929941707400624 7.892585564169773e-19)
(0.2327158572995768 0.06507158011451208 3.595897411753775e-19)
(1.061328121113658 -0.1378476351577159 0)
(0.0455387480983858 -0.01131908366937893 0)
(0.3461664198437079 0.04364623549214879 -3.010757758216321e-19)
(1.006554014347904 0.01780648790958153 0)
(1.456189163044376 -0.009618383027465354 0)
(1.007931847311571 0.02943419988767076 0)
(0.4675035570220884 -0.2708886803264713 -1.010112893204252e-18)
(1.049506612902167 0.08885299548089071 0)
(1.527488780590948 0.03978123684019464 0)
(0.2442881906756101 0.1162582882490698 5.539871025212052e-19)
(0.8787884326698719 -0.3203598152208995 0)
(1.368729779603089 0.05178382485931239 2.706365720806917e-19)
(1.239762405999097 0.2050648755422874 2.084259723608143e-20)
(0.8999461782997402 0.556002757267871 1.511199271579863e-20)
(1.034263827573063 0.09956589385926345 4.666708713964268e-20)
(1.031578515445692 -0.1481629760995132 0)
(1.369832212237993 -0.0241591805766057 0)
(1.291700442398178 -0.1261278326624966 0)
(0.6243911156654159 -0.03776116755392947 -1.364309005965346e-19)
)
;

boundaryField
{
    FrontBack
    {
        type            empty;
    }
    Top
    {
        type            noSlip;
    }
    In
    {
        type            fixedValue;
        value           uniform (1 0 0);
    }
    Bottom
    {
        type            noSlip;
    }
    Out
    {
        type            zeroGradient;
    }
    circle
    {
        type            noSlip;
    }
}


// ************************************************************************* //
