/*--------------------------------*- C++ -*----------------------------------*\
| =========                 |                                                 |
| \\      /  F ield         | OpenFOAM: The Open Source CFD Toolbox           |
|  \\    /   O peration     | Version:  2412                                  |
|   \\  /    A nd           | Website:  www.openfoam.com                      |
|    \\/     M anipulation  |                                                 |
\*---------------------------------------------------------------------------*/
FoamFile
{
    version     2.0;
    format      ascii;
    arch        "LSB;label=32;scalar=64";
    class       volVectorField;
    location    "1933.5";
    object      U;
}
// * * * * * * * * * * * * * * * * * * * * * * * * * * * * * * * * * * * * * //

dimensions      [0 1 -1 0 0 0 0];

internalField   nonuniform List<vector> 
808
(
(0.756267992770658 -0.01752286025997514 0)
(1.03127052815543 -0.01249416304632493 0)
(1.115673508113048 0.0003101067896507336 -1.78008090300544e-20)
(1.085130140412069 0.01257339688688878 0)
(1.360685726342306 0.01431947052383418 -3.852217649334122e-19)
(1.038656439190733 -0.009396070903740044 -7.222786798163288e-20)
(1.014077646580335 -0.02027060580588386 -2.371946484409705e-20)
(1.078718971784873 -0.004708381600069656 8.947477757166323e-21)
(1.252115978746867 -0.02088568911942051 6.298705189635009e-20)
(1.084711444735365 0.008859485583982472 0)
(1.010829857315213 -0.01243797968170106 0)
(1.303401776595084 -0.05346488347026739 -3.496661393967496e-19)
(1.086149152578712 -0.001592777837438238 2.033398342342115e-20)
(0.6750658328151593 0.006402965104307263 0)
(1.280909401057392 -0.1226798593624213 0)
(1.081885001985583 -4.973385712836563e-05 -3.825662121898338e-20)
(1.230374074275921 -0.1534917057041163 -9.925378494474864e-20)
(1.074404311849352 -0.0002392402303333093 3.169787859274614e-20)
(0.9906132012326664 0.006567897896829857 0)
(1.026950899645626 0.009150885279755411 0)
(1.039279631594006 -0.01562580062425514 0)
(0.9875452335217486 0.04524061121332929 0)
(1.051042245628545 -0.006218968251280313 5.687493757645321e-20)
(1.053626266862218 0.008225295512679405 0)
(0.9337410334392098 0.1997430997728256 4.579220965818317e-19)
(1.162630188127283 -0.09104902427086051 0)
(1.184271646406415 -0.01947490681623131 1.557047782100278e-19)
(1.077198350536827 0.009543911933291099 5.22049478122768e-20)
(1.084137723511376 0.001826068262004193 5.087172083589002e-21)
(1.072013220784135 0.03098625289190811 0)
(1.075538633901173 0.002516700032683195 -1.178877876935684e-20)
(1.033403471775242 0.006241017133432033 -1.905611412563209e-19)
(1.059934384302208 0.01467830599829346 -2.384080832713152e-20)
(1.088850690946992 0.005272118069356031 -2.930688684054568e-20)
(1.120417603181943 0.03644070850961453 0)
(0.7549391017257028 -0.1202098659300852 -4.547132729100919e-19)
(0.9544100087333579 -0.005734862003472627 0)
(1.068947042813163 0.02244359453837725 0)
(1.068836170194495 0.007244355385403663 0)
(1.073681844395005 0.008677145247969718 -2.823660033155296e-20)
(1.092664479009886 0.02258992455771747 1.089880871118206e-19)
(1.149605212663257 0.002260397264275102 2.137039073652853e-19)
(1.095559570345972 -0.002460278634668175 0)
(1.015606411313095 -0.009344066873340972 0)
(1.127711357636964 -0.09761952445895897 -1.659405555009065e-19)
(1.04406056155779 -0.01179863834749072 -8.189696292677688e-20)
(1.058410817285767 0.02669196461889754 -2.772092818949474e-20)
(1.229184195693336 -0.1118501951879229 -5.596018701411101e-20)
(1.067678637132671 0.01221597528495456 -4.150313190064124e-20)
(1.255365242931518 0.01591239803661511 0)
(0.9971968040915282 -0.01819090783908945 2.116667482307478e-21)
(1.044591834910141 -0.002551638536916674 0)
(1.087304272064973 -0.00236928595370038 0)
(0.9975761375999657 0.007594340778372542 -1.911496381145332e-20)
(1.252748966202669 0.03309721961530004 -2.36277003471023e-19)
(1.063744441027134 0.01839781804666814 5.987175565913246e-20)
(0.9882347984958585 0.009860906403129886 0)
(1.01556252881065 -0.01055729188998751 2.50743178516566e-20)
(1.106808039640636 -0.001535437353096488 -1.170426365456127e-19)
(1.061741800227617 0.03127330451148155 0)
(-0.06704574240088765 -0.02744343881949324 7.337726233559195e-20)
(1.153642366008413 -0.05203285549943475 -1.872220150222408e-19)
(1.001803166640982 -0.008064343577188517 -2.755751597836069e-20)
(1.184986298611133 0.06456012472362131 -1.20559162613939e-19)
(0.9975389089738224 -0.01069127583945885 3.035663366592743e-20)
(1.083813595969868 -0.005522921011423703 0)
(1.24387466946666 0.0925874282031295 0)
(0.6960262723003652 0.003174572899994826 -7.471832164599648e-20)
(0.9894379394835224 -0.01592157006019982 -3.161943255872069e-20)
(1.45687667071278 -0.01838633384218975 4.436721105841371e-19)
(1.060678836825772 0.007559609872647702 -6.65871268514963e-20)
(1.364372466503736 0.09560295820114535 2.87941617093469e-19)
(1.054822042861941 0.006734829023691976 -1.868955016885659e-22)
(1.081058561205908 -0.01415854544058619 -4.116167641749443e-22)
(1.162755892703643 -0.2348781217729342 0)
(1.022685965485434 -0.0146290225179832 0)
(1.018000831924156 0.01776954298130861 -3.054201524470704e-20)
(1.389385319799644 0.3500277615955452 4.20980516725414e-19)
(1.09716476106971 -0.04205439635688227 9.422945655721429e-20)
(1.046704681653886 0.2111402393793771 2.450287746457716e-19)
(1.123337124950023 -0.06336329384159119 1.168723407011276e-19)
(0.9221374386517694 0.005195585822848433 0)
(0.9755051577979549 0.01859209096749255 0)
(1.004005269382682 -0.0485444735173322 3.007847072297674e-21)
(1.010836933722512 -0.0135000729324939 7.55336429540497e-21)
(1.031229105381043 0.02593251307964729 1.372280242162037e-20)
(1.525769294952248 0.03553291424185991 3.24148872317832e-19)
(1.291734140633947 0.07070896283185743 5.570666349463241e-19)
(1.072723084192393 0.002900156010040054 -8.981313675499681e-20)
(1.196770548962049 -0.09930276147721959 0)
(1.033955427744158 0.001480006394111786 1.310076873627419e-19)
(1.16356985081791 0.02046534916145227 -3.158998152542141e-19)
(1.001515382480056 0.03248641083437147 0)
(0.9996301407464701 0.00197794177670808 0)
(1.044176999812144 -0.0003734423158042412 7.86672760870231e-20)
(1.212719378586647 0.1013912141613765 3.99426336841372e-19)
(1.011130188792527 0.006941012550232384 0)
(1.08772938647206 -0.07101050837517399 -1.064070069901578e-19)
(1.149734668124222 0.03517093282210764 0)
(1.210883122690905 0.08964268449074263 -1.883126022982785e-19)
(1.108168254173672 -0.02865716193164398 -7.705319742178437e-20)
(1.028026512236839 0.01165215931437054 0)
(1.085485658881373 -0.004660398084141926 0)
(1.020265297694931 0.02583482357487151 7.962601458399782e-20)
(1.075435110139975 0.05414725862914652 -9.180668912980328e-21)
(1.103629229711611 -0.004389267892466887 6.341220445966603e-20)
(1.104425621626502 -0.09584226052254291 1.54343173972699e-19)
(0.959821772776042 -0.003577446906187188 0)
(1.06652504173368 0.03145654280341912 3.761746629317045e-20)
(1.167411488710382 -0.07627689716844688 2.287985375289194e-19)
(1.054065107887284 0.04545836192849094 -2.876652097923385e-20)
(1.022937501096681 0.06799454500060355 3.681249539751743e-20)
(1.090654889158403 0.0262610596338389 0)
(1.012563969798755 0.01477464998054196 0)
(1.028964376125541 0.009411457088236002 7.890499555239139e-20)
(0.9486252252980891 -0.03228130930693047 0)
(1.053357445984921 -0.005566330701514385 -7.605347518747432e-21)
(1.338859537496374 0.05773169227076939 -1.564274138599976e-19)
(1.079749339544878 -0.01334079923341124 2.602049638223759e-20)
(0.7442103253190941 -0.001787688630665824 0)
(0.5362303612120594 0.1565158648262777 -9.332669898074282e-20)
(0.7058191977150149 -0.002505736683325982 0)
(0.6991292076447772 0.014676759449168 0)
(1.077835024378529 0.003459692484635271 -6.578107257766569e-22)
(0.9906375307746825 0.01443952734893987 0)
(1.281043884651262 0.1226091895509744 2.523445692107255e-19)
(1.01223977074402 -0.02796829100405834 -7.562014055921088e-21)
(1.038682617318203 0.01889110135633044 1.27918031889644e-21)
(1.058374410132358 -0.01234369991930768 0)
(1.126356445331937 -0.009260215922760743 -5.05443867334151e-20)
(1.258124680172223 0.1248418414836836 -2.159718925086141e-19)
(1.088783615706116 -0.01097084361151055 -8.499396944211248e-20)
(1.070769941834579 0.02503113265069219 -1.080289751908992e-19)
(1.041052131964231 0.04676092344866278 7.207739798483977e-20)
(1.022310829472209 -0.003537527627664242 -3.451829338695217e-20)
(1.06141262773696 0.02366186955812681 5.857968054954678e-21)
(1.136293678654073 -0.002134639222148503 1.065392530206899e-20)
(1.04114209722657 -0.01258047313383147 -4.670606011177915e-22)
(1.087748158683549 0.0348322196837387 0)
(1.028769180259965 0.0133329522941225 0)
(0.7901784626369311 -0.07229685017860348 -1.847874851151206e-19)
(1.030265863106322 -0.002134596083108892 -6.675984297242106e-20)
(1.137755511262249 0.001930407695803111 -1.306543390194122e-20)
(0.7035500018030887 0.006547652157766023 7.261387902806029e-20)
(1.176215804277434 0.01906213417627829 -1.945971814118434e-19)
(1.127927591358165 -0.004263724827757239 5.804398605124093e-21)
(1.129049828778367 -0.01010700745478082 3.405032870837107e-20)
(1.000937927453805 -0.002987175603379352 -7.011480892986664e-20)
(1.09406884354903 -0.0606402783526189 0)
(0.9868038341841815 -0.0004920097420872445 0)
(1.057996382397634 0.007050499237793645 0)
(1.006158072478428 0.1896531783209819 -2.39889715575557e-19)
(0.7795349183340126 0.01242428161758146 0)
(0.8570014606098533 0.1033948372310432 -8.284184990295451e-20)
(0.102842441759372 0.03662680915553252 -3.049891007280529e-19)
(1.173179544353617 -0.0322472539051266 -2.262415387978644e-20)
(0.6712508373601441 -0.007368347881502702 2.442612563210373e-20)
(1.163763614484686 -0.1063017428813408 7.008099385068338e-20)
(1.128810579680849 -0.001134375945283853 -6.141844298040489e-21)
(1.154915595201295 -0.05090061414245607 2.198516436650205e-20)
(0.0775167940517542 -0.1901119325419892 0)
(0.2664495845034421 0.07099978049981316 0)
(1.253815411923069 0.1061267543883631 1.866593952202603e-19)
(1.021598070044083 0.01988321499165487 0)
(0.7375526012334793 -0.006325641620669425 0)
(1.074871057573037 -0.01175275226872669 2.704199753265463e-20)
(0.9752525274592473 0.002851291425820105 0)
(1.287012729055893 0.1217371407789982 -1.455984723515266e-19)
(1.057402954999038 0.01113547255882764 0)
(0.9924425318886575 -0.008224392588691414 0)
(1.065325458351227 0.008024808163577946 0)
(1.006238723874416 0.02088658343904679 2.026205913757256e-20)
(0.9226542488728021 0.003546371926644357 1.231265377411188e-20)
(1.17519704924139 -0.1988437115265447 0)
(1.004989415330135 -0.005231642775263478 7.880200664418483e-20)
(1.059231749328974 0.006149201500907482 0)
(0.7745489381559025 -0.003353888661566794 0)
(1.215579335649686 0.02645896350564307 1.634632589408221e-20)
(0.7051324095201992 0.001333119061956138 0)
(1.431597420899431 0.08678107332377569 -5.199331488263117e-20)
(0.9935198837381191 -0.005993925759658071 1.658726534997845e-20)
(1.275941065045388 -0.003544726550430663 -2.972187170526897e-19)
(1.060057270421523 0.008800624239194582 1.351443638362661e-19)
(1.000897133309689 -0.01358200790925259 0)
(1.214599107339155 -0.1549760811301626 2.033952485642363e-19)
(0.7331694522608935 0.01379033235287278 0)
(1.09797015561047 -0.005068785568146983 0)
(1.154093220039014 0.06412008184338462 1.941412819052395e-20)
(1.006460815007658 -0.007248672025910619 -3.027037809317648e-20)
(1.121743578443937 0.04941371659565557 -1.723367104943714e-19)
(0.156742712553931 -0.08838464290881652 0)
(1.073733545974511 0.03699350986281854 0)
(0.6614997620518578 -0.002889304367699741 -5.844653395197379e-22)
(1.012066981769451 -0.01971980660297704 9.266738498376017e-20)
(1.061839400131855 0.0007339050207319424 0)
(1.087800761406968 -0.137523583717575 3.789510024664378e-19)
(1.002478175368979 -0.00616493150559644 -3.387057450614631e-21)
(1.001970428908585 -0.004184166943757209 1.294481831964261e-21)
(1.094023859744296 -0.009205601705553824 0)
(1.020792817701445 0.0201733650618834 -6.492450090584418e-20)
(1.106824431281339 -0.001680456815106799 6.453656931526059e-22)
(1.073791973879033 -0.01072863496643967 6.553615337697284e-20)
(1.08569172954362 0.02230767040827782 0)
(1.325188012804908 0.1608981352517315 0)
(1.002074643254719 0.0004510869136389612 4.411600271289641e-20)
(1.323339037038308 -0.1314612227740578 1.576232283039294e-19)
(0.02083715596372547 -0.1403752850626636 -2.415224774628667e-19)
(1.071231959846056 -0.005519040424223526 0)
(1.115209051604388 0.0008887200989292673 1.213929334060645e-20)
(0.7269434114262061 0.01785968239676333 0)
(1.060184676861659 0.004348406427828229 0)
(0.8651349961775919 0.1641049470015266 4.695448130392083e-19)
(1.276555554123981 0.1182006035885804 1.818895495674236e-19)
(0.6541217736427364 -0.003116778311063692 -6.383615428599946e-20)
(1.041806846790295 -0.002306733286840139 -2.8565542888276e-21)
(1.054961715361276 -0.0002495822891257178 6.537240497555517e-20)
(1.359114426155425 0.1209406870575177 6.658430416139214e-19)
(1.337815739308214 0.2528744830818225 0)
(1.057496876116382 0.00652975732402638 0)
(0.9952474796317309 -0.005940535366058861 1.426782250748772e-20)
(0.9947386700538691 -0.007576117838564386 1.650702994162816e-21)
(1.385822639744595 0.2001120331226191 4.299346724899512e-19)
(0.6817089710539285 0.0006453518524713678 9.871203117010805e-20)
(1.005680085857529 -0.002054981914534999 -5.97776837433217e-20)
(1.09797729309586 0.01308555628060544 2.545039957745424e-20)
(0.6694616824419902 0.004993010378634132 0)
(1.066081827544137 -0.01203244383664081 0)
(0.9892836008797747 0.1244694212485044 -1.276102754946619e-19)
(1.081842215483761 0.003890451948218774 -2.504955126659382e-20)
(0.981938295719374 -1.188910844288733e-05 3.294458414115248e-20)
(0.9912107937466507 0.005997258571244831 0)
(0.6382201867340344 -0.001157450688712289 0)
(0.9768606078618128 -0.001297923558978085 0)
(0.6419673388024797 -0.001462025798393 2.713354196073385e-21)
(1.087449543271326 -0.0574916101005781 1.210779457511757e-19)
(1.110092540322579 -0.002908290582711905 1.213492902401227e-21)
(0.9580804695504835 -0.0009042417831769319 3.902305830474774e-20)
(1.016172818982903 0.01081434292793687 1.678958805782798e-20)
(1.063782085025126 0.009739026394692761 -2.15620650633074e-21)
(0.6348166179728828 0.008846528627390144 -3.636342377681408e-20)
(1.002432994258437 0.01272790698381926 -7.225244564005914e-22)
(1.036181627286668 0.01262438445494848 4.998722329546397e-21)
(0.9876095317839908 -0.005447550658909552 0)
(0.6100843850209871 -0.0004658483632520668 0)
(1.068866163210756 0.02272303529210878 0)
(1.015762366536412 -0.01585259921708512 1.055050944973627e-20)
(1.02168839629745 -0.001814589803135127 0)
(0.992631895553387 0.01501163713835693 -9.34530379168236e-21)
(1.011725581712494 0.006899299312844513 0)
(1.13051128923951 -0.004864280520748101 -1.266606603899605e-20)
(0.03275410476757332 -0.1375748915194593 -4.512351664289765e-20)
(1.03565618033673 -0.01567351674528097 -7.474808288855287e-22)
(1.045883887439271 0.009063501971116062 0)
(1.087714335942086 0.0662824792398411 8.384552604708606e-20)
(0.9694862061328995 -0.000875077226176298 3.117754837994293e-20)
(1.020473596273141 0.01715672589732677 -2.296970787402149e-20)
(1.006251926525633 0.0012244453363302 2.433480690309738e-20)
(1.040480846827806 -0.005106530899364072 0)
(0.6409860685587588 -0.004034581850709598 0)
(1.025994999238263 0.02447890919810357 -7.694849618773066e-20)
(1.080066852517642 0.005719672235947338 4.930959217375012e-20)
(1.012635113417512 0.003369652934780987 0)
(0.9816492767090896 -0.001843988218976656 -1.907585877077853e-21)
(0.86839436923133 0.02202952508889098 -1.46431770075714e-20)
(1.013951000396577 0.003061317166045539 -9.964405817603841e-21)
(1.026667480534314 -0.001138955461990577 1.776723117315901e-20)
(0.9780852864757867 -0.001299090529484867 0)
(1.005838907510985 0.008440918877917579 3.333561575772817e-20)
(1.106854254155171 -0.005211090286613364 0)
(0.9314066081652791 0.003996002659177355 -3.453966684939626e-20)
(0.9581049289913173 0.007540066411459213 0)
(0.9072033780241988 0.2070028829361719 5.090119999964725e-20)
(1.01112631113575 0.0674687476109815 0)
(0.9912961887880394 0.003783315120378904 -2.314169609835984e-20)
(1.05310666499341 -0.05082531919094387 -2.736906587714979e-20)
(0.9922905119470328 -0.001443718775709217 3.371827235834054e-20)
(1.009310073310665 0.002070075349961256 0)
(0.9800289985343311 -0.0007392616381122417 -3.142081284977796e-20)
(1.174794743838516 0.09486937313857088 -3.30378674519136e-19)
(1.067810597432113 -0.2631618827809236 0)
(0.9948093266483911 0.00190142625898722 -2.204751384540101e-20)
(0.9811516721414332 0.00957804323269631 4.870156500786591e-21)
(0.9582675560834104 -0.0002894978173602773 1.066432633305123e-21)
(0.7460275831250548 -0.001099342288844466 0)
(1.112889384783183 -0.07430768194546034 0)
(1.008037555095654 0.0004238137709253347 -2.146077531551153e-20)
(0.8986986806011388 -0.002535624235828171 -1.07032655077073e-20)
(0.8482365912512806 0.01306707425806295 5.891802339339972e-21)
(1.010092283475795 0.004605585697842966 0)
(0.9544314242100328 0.004795216293243237 1.602312433667637e-20)
(1.00581923085118 -0.0002142982763265329 -2.274118434464878e-20)
(1.023720238185108 0.002381536139815037 -2.51770513755627e-20)
(1.111313292470972 -0.006065036137428381 -4.897235915457236e-21)
(1.114375990727725 -0.004195685735617969 0)
(1.011053947757064 0.003893520298081606 0)
(1.025370633964884 0.0002905773869298167 0)
(0.9506820391502147 0.01007949015032129 -2.157679891996663e-20)
(1.017885445163504 0.01316402321112999 5.505080791856943e-20)
(1.081636680692794 0.007085127132056283 -2.276364262573774e-20)
(1.036806274601524 0.006657518722735323 0)
(1.107221113291611 -0.005905494273412842 1.808422140317191e-21)
(0.9960751689255133 0.001356226438142467 -2.214857319420357e-20)
(0.9813275836608983 0.003249767221717453 0)
(1.01128206373152 0.001926136401881695 4.6910151654681e-20)
(1.362843263345362 -0.3135554274486743 -1.123450316778709e-18)
(1.121525516935825 -0.04591148315282916 -1.100600661924233e-19)
(0.9753128871229971 0.01017942101793822 4.854301915408041e-20)
(0.7821845280179667 0.02501208079249988 -3.496259632335125e-20)
(1.220823772450066 0.04948898412512401 0)
(1.215277455999668 -0.1373961852740758 -1.471778750394401e-19)
(1.082891169543895 0.003639563246904652 0)
(1.009583669253267 0.001359057344832903 2.228716301752581e-20)
(-0.1773729333417162 -0.06873143771403249 0)
(0.9939715586665925 -0.004671411128089768 0)
(1.01236307603081 -0.02309639805545514 4.109140712774777e-20)
(0.7061336150493467 -0.01941314290861665 0)
(1.09680279270309 -0.01504215757205635 2.312711438138259e-21)
(1.040665333882908 -0.0002647143165147638 1.456852638645991e-20)
(0.6331239864336125 0.004182861922045344 0)
(1.445236381426677 -0.122994351452918 0)
(0.9864824215514311 0.002067894138469206 -1.07809955908352e-20)
(1.069622815361464 -0.01495677439388651 0)
(1.038084854264471 0.0005619328552730809 2.114496739575766e-20)
(1.087776720686395 -0.002599570068455181 0)
(1.009145216161577 -0.001814292291704882 -1.209958664989584e-21)
(1.00624318162278 0.003148422784443725 0)
(1.01311014266977 -0.00831010803648497 -3.350858842978369e-23)
(1.003287602932607 -0.02011240746009879 0)
(1.033847976876943 0.001256659741219965 1.851687627277833e-20)
(-0.2139622591105094 0.05273777023202744 2.741056877360076e-19)
(0.8225274745155954 0.04042611537013963 5.772946524674212e-20)
(1.005293022511424 0.002364411761721053 0)
(1.125860202945616 0.02314734084861964 -1.316398213319766e-20)
(1.112128760105179 0.01430416564977022 9.569684844175542e-21)
(1.053829970714208 -0.01304713369187541 -1.304573509447028e-19)
(0.9987779984687619 0.01038407055771054 2.783393995771083e-22)
(1.083597386331254 0.000147344340400853 0)
(1.186149667121774 0.04991324831492149 0)
(0.8351248500939473 -0.07386977093509239 4.604157911289841e-19)
(1.099032819988964 -0.01513599939919907 0)
(1.032643641947614 0.007963556496903336 -7.591348150837457e-21)
(1.042784588341512 0.005347854285078977 5.883141633686214e-21)
(1.050515033948277 -0.06041987813310494 -7.506521932670479e-21)
(1.140191802431737 -0.002392068211771152 1.699846139934828e-19)
(1.076974768248854 -0.0009247088341361978 0)
(0.9951519758776101 0.001639722963426778 0)
(0.9975568479910395 -0.02403030056936646 -2.306427285341322e-21)
(0.9916345638427646 0.002868080568314005 0)
(1.028874427989288 -0.0374095710084629 6.440650736576687e-20)
(1.294494367055806 -0.09740972754710504 0)
(1.046395687502699 -0.0129327453299311 -1.07879098611548e-21)
(0.9861678112183628 0.01680983360725783 -8.838810796401956e-20)
(1.035546212809416 0.04201490840444926 -2.36441529165043e-21)
(-0.09224779466499497 0.1863318722243021 -1.677899620559699e-19)
(-0.06341214275898933 -0.2815905662108034 -1.376255442429277e-19)
(0.8568436730037212 0.1142709800304476 0)
(0.2828138966592085 -0.004072957389735355 -2.945577108389228e-19)
(1.013659966964288 -0.01916933394416834 -1.293611672377611e-20)
(1.064004588274694 0.002627787243508055 -2.089156030126145e-20)
(0.9934974609900129 -0.02027381560707707 2.927388185125069e-20)
(1.025014078861109 -0.02655577487751401 2.547043110029445e-21)
(1.008358390849159 -0.03076172486959373 -6.626752805371329e-20)
(0.9886900754679446 0.004907520024749151 -3.482801519734278e-20)
(0.9937444959385195 0.00427609976750737 0)
(1.024585097456792 -0.001797136816335634 -3.574285069613166e-21)
(1.931487848587918 -0.1555859562590799 1.069271701089389e-18)
(1.053166372484204 -0.0187954148571605 0)
(0.9962256093890971 0.007194866880808517 1.50881614274156e-20)
(1.002998988754415 -0.0003100331723387427 4.053839958797843e-20)
(1.177506614425994 0.1402599624295444 0)
(1.006334306421486 -0.01718303221106578 -1.121840340218468e-21)
(0.95192084803807 -0.0009717730470058059 0)
(1.037849390965314 0.04171997503500645 0)
(1.292657131989437 0.1559528486457332 2.178644944207168e-19)
(1.080562675849573 -0.01007678289057028 2.280896817573464e-20)
(1.017721538275619 0.03231881367533703 4.611559505795199e-20)
(1.079710367966992 -0.00555811895410777 -2.199403542065399e-20)
(1.055709667292894 -0.01519033498215166 1.545311208376652e-21)
(-0.3845537983677622 -0.03486089077520068 0)
(0.9981714450541888 0.01331022099375135 0)
(0.1210180645025613 0.05869316669063959 -8.847811307951759e-20)
(1.005673598577027 0.02248860617750793 -4.072354870750982e-20)
(0.998410951820655 -0.007814257213230032 0)
(1.000249111985575 0.005706402370370282 -5.00666535578899e-21)
(1.081612957118971 -0.04209091183790751 0)
(0.9956521919837679 -0.01868092196084451 -7.855257749302591e-21)
(1.090515114327604 -0.04692006263487816 0)
(1.44040974742142 0.1742445098000185 0)
(1.054205248640052 -0.01167880329202667 0)
(0.991667506959236 -0.02287836824942669 -3.936579436545969e-20)
(0.9804657703481499 -0.02622396212384129 -2.432189068307885e-21)
(1.020210891905999 -0.01858633847235312 -1.91373431307919e-20)
(0.9973937605590737 0.01726217086849387 -5.512859841325291e-20)
(0.9952480702232817 0.009582242755276577 -1.470444346608656e-20)
(0.9942175772802112 -0.0262322363740114 0)
(1.002324618186848 0.02570927274146955 1.92299870562714e-20)
(1.036236101465731 -0.031134761999906 0)
(1.11041572795515 -0.03624694322860499 2.562069492435715e-19)
(0.9951773070213372 0.0171805179409017 4.567259096826561e-20)
(0.6151070485076375 -0.008675307403715863 0)
(1.147856151956466 0.1374631529680859 -2.79138226962156e-21)
(0.835217201592245 -0.09882065613476586 0)
(1.139202722253891 0.07280802411774781 -2.752562017447617e-19)
(1.313430368005204 -0.3874194556233332 1.281547506890496e-19)
(1.076487082226387 0.06414534491923066 -1.328464410250745e-20)
(1.009899232693352 -0.02947449808813132 0)
(0.9548322589965254 -0.2139143519138304 0)
(0.5225112164070783 0.1560073052147926 0)
(1.012046416723918 0.01281375596499039 1.05636483366373e-21)
(0.7080257448768829 -0.014933197602339 0)
(0.9980285665904448 0.01762966961312814 3.505922365443116e-20)
(1.021492979678862 -0.0007894114461002562 -2.690044914787372e-20)
(1.079178482564477 -0.008030060872181301 2.719810822789111e-21)
(1.043336598191459 -0.008180221109731371 3.023441508841854e-20)
(1.042844096572473 0.01083825421093578 0)
(1.054511929136332 0.02832724497671252 -9.96367577581714e-21)
(1.051559750918817 0.03464383906958508 -1.792055963061692e-20)
(0.9829807388002486 -0.02165120262722812 0)
(0.6249199802695742 0.005139573348879864 9.182850212507258e-20)
(0.8941769881065058 -0.005903809809587029 -8.857928691510712e-20)
(0.9093525458126289 0.005289708766686365 1.443087744388521e-20)
(0.6296004992855168 -0.006391515886383418 1.408323677070607e-20)
(0.9787163115289697 -0.0001122499704053013 2.603553048758793e-20)
(1.004439080862356 -0.01762211748020303 -3.402410901954365e-20)
(0.9670445027334454 -0.0111736551977488 -3.253807135050762e-20)
(1.085546296651796 0.001446738783946993 0)
(1.018774191140198 0.004625960733080807 1.085062008173794e-20)
(1.133313974378059 0.04829967131208082 1.328858656055087e-19)
(1.034079313341759 0.04237030632118276 0)
(1.022133406109675 0.002623110370335548 0)
(1.580825683516034 -0.1670287564493639 4.376256972159736e-19)
(1.039511701478944 -0.02698718762004886 0)
(1.021755990099436 0.007361307361021174 -3.644507057413141e-20)
(1.088298839669852 -0.004148859921515593 0)
(0.4840056813526804 -0.02156487814902398 0)
(-0.04197600984411855 0.007251095188607436 0)
(0.9899965776176131 -0.02367121496669622 1.232731993860426e-20)
(1.299349440617443 -0.09579788975263752 3.699834857137627e-19)
(1.033931950374301 0.03951694770157266 0)
(1.022596331234215 0.003352615081984095 -2.217064193682913e-20)
(0.9459808040432622 -0.1656323509186313 -8.497999478510944e-22)
(1.252571192942437 0.07445316422691532 0)
(0.5991428429497309 0.7326531674369174 0)
(1.306291703100745 0.1469077847181177 1.083024717218826e-19)
(1.67384927718292 -0.02539951749847351 0)
(1.070403327439599 0.1213124584496681 0)
(0.7282199363962716 -0.000823850350766805 2.846560368103856e-21)
(1.051339142345176 0.04912510953283229 0)
(0.7152170412162241 0.09851848999251783 1.246887670304888e-19)
(0.9968132891425683 -0.01632453718797375 3.581420596067735e-19)
(1.034129293609264 -0.03894239069807302 2.646794991055067e-20)
(-0.3711326217685857 -0.0310043923156676 0)
(1.071575710073045 -0.016192720545214 0)
(1.095061727090827 -0.01645219343600075 0)
(0.6471629582591091 -0.500268516554058 -2.503544515184946e-19)
(0.9923537737905953 -0.0003699422878261313 0)
(1.091737579603255 -0.0220544090266237 5.579242791616537e-22)
(1.189194481697104 0.1211662808039648 -2.025102535536151e-19)
(1.091747649638941 -0.03740708197662266 0)
(1.004931123481771 -0.02104201948555779 0)
(0.8115436573308581 -0.1940402207624801 -1.736806062476235e-19)
(0.901349713153228 -0.1404570118261163 1.517726194351248e-19)
(1.029593148602315 0.01002871365586791 -2.150367942620628e-20)
(1.023124496589539 -0.009270587390944593 -4.394740537323557e-20)
(0.8675765039642052 0.001555102176837496 -3.692730147460997e-22)
(1.502512767720405 -0.1934592975819175 0)
(1.301412220003691 0.1147102062705347 3.159782249740329e-20)
(1.244254529611265 -0.07904895931742144 -3.037937581019462e-21)
(1.095909499785019 -0.01873402826504929 -3.900498662571581e-20)
(1.04405604073127 -0.01613687353872411 2.739914756407282e-20)
(1.092803412844592 -0.03918761689542481 9.351939390578805e-20)
(1.032677237642768 0.01968676258540833 0)
(1.047044664275318 -0.03172193225994114 0)
(1.115857089648536 -0.009046976121411745 0)
(1.092331012045145 -0.02579733911777879 0)
(0.997946886218569 0.01081874498129233 0)
(1.152242214801016 0.07506165279395945 9.358150804451156e-20)
(1.345332065344375 -0.1556820034094431 0)
(1.042018577631087 -0.02173369019073603 -2.04377116817393e-22)
(1.053299751874379 0.05393290229307585 0)
(1.009923818768033 0.01448224378317396 -3.88831970516148e-20)
(1.033573652498051 -0.00820686807569254 9.233394673868343e-21)
(1.088992850225544 0.01330776237767136 -3.203099416972985e-20)
(1.084475530240022 -0.02982036319536566 0)
(1.076787678294303 -0.005556465982548666 0)
(1.103280675081021 0.09355378440547629 -1.410962346455833e-18)
(0.9349491367227651 -0.1482160237635236 -7.098829008201749e-20)
(1.177493676432183 0.1056448012117965 1.106367187231837e-19)
(-0.4651986081569687 -0.003942757785890276 -2.923060789083141e-19)
(1.019557828419771 0.02927767354406557 -8.688643671349255e-20)
(1.005996122338461 -0.006175241596019341 0)
(-0.2772304556228705 0.03287794696724582 3.554944539520613e-19)
(-0.0525143188752139 0.3384129249403258 7.287625102584307e-21)
(0.9952235046147563 -0.006328269642559376 9.245907740008376e-20)
(0.1882076002891168 -0.04005318170621593 1.394697243668267e-19)
(1.097571259586186 0.08703564741958118 1.510256137483916e-20)
(0.0936027760705405 -0.1068659359795592 -5.391171709145414e-20)
(1.107875955809478 0.003148181104368961 0)
(1.09719859791925 0.2539887195497122 0)
(1.021650240553409 0.02201655985254086 -1.702306313712452e-20)
(1.071742064293938 0.06057137599440875 0)
(1.024570213770921 0.02680521406535081 -9.248689750762835e-21)
(1.260529981493665 -0.5475717312418485 8.000670672633397e-19)
(-0.08391830150734107 -0.2068005885453246 2.137171352975774e-19)
(1.295332154524742 0.1137370006661567 -6.197853478752152e-19)
(1.124587990916239 -9.148416745331596e-05 0)
(1.13508255366203 0.1002057324158436 0)
(0.5240155829317967 0.08021914246458119 2.501996253575997e-19)
(1.022961608962535 -0.0210968624972752 9.456933450837219e-20)
(1.005291398421672 -0.0237269755812529 0)
(1.21311923673542 0.2716936409228435 -9.73601140996205e-20)
(1.251032604917617 0.1333360625074354 -1.545892241740575e-19)
(1.026538844396946 0.002671021114344325 1.564411126512723e-20)
(1.297026923210114 -0.08467737544071069 -4.979247250936284e-19)
(0.3032889546790843 -0.01911933653374332 2.708447170771138e-19)
(0.8323495216523172 -0.1484679907973906 6.794793449395604e-19)
(1.058958039951226 0.06958323224285284 1.069656814744389e-19)
(1.041196030842384 -0.007560809325001323 1.356179205827478e-21)
(1.001060552144615 0.02006805099049811 2.914345935850274e-20)
(1.066487360864153 -0.03686970564829196 0)
(1.034534646532395 -0.03844820115400317 -1.477390550402234e-19)
(1.018840969216092 0.03539225264386674 -4.701689860245199e-20)
(-0.05835886955098967 0.0755222867716607 -4.959593607442635e-19)
(1.010763009146911 -0.05788235376614818 0)
(0.8976229394749041 0.01251144447106514 0)
(1.09119966037186 -0.002011818830028195 0)
(1.363531954574473 0.2587057194793159 3.77696432674208e-19)
(1.695107664247153 0.1038895981090506 1.329865110948694e-18)
(1.4013901154971 0.1501545974770322 0)
(1.029945532129513 0.02560326936494587 1.161150306361268e-20)
(0.3498102475576574 0.03441089511880795 3.467088586362486e-19)
(1.120911338196401 0.001352744641198883 0)
(1.098837437821498 -0.01562904316284185 3.250010680986344e-21)
(1.095471340079849 -0.02141752048650091 2.121980583836879e-22)
(1.141691975527518 0.09575895632972076 0)
(1.298429974403618 0.05517658863400977 0)
(1.04009586462589 0.0007174224745609129 1.148636253435815e-20)
(-0.1477433287846515 -0.1073980313127367 -4.084716850246606e-19)
(1.333727822836816 -0.1545950411656216 -2.185308959941603e-19)
(1.067873521747655 -0.007404509417996704 0)
(1.014002413122338 0.0151727938484546 3.066362924555843e-20)
(1.14153798915007 -0.1003164510007027 0)
(1.015835895137534 -0.01804589946581048 -1.130132127553014e-19)
(1.030727993474231 0.007723878160638332 0)
(1.510056124765384 0.08802003408498819 -2.835888952158334e-19)
(-0.05798303826925246 0.07577534470134992 7.562616286578779e-19)
(1.097678110232856 0.04926067008011043 2.097283776393009e-20)
(1.093049090821596 0.07890636774914007 2.104958401154212e-19)
(1.009671540866185 0.008404276476969551 -6.171197268605128e-21)
(0.007071100780127026 -0.1116166404371488 -5.218333844161011e-20)
(0.02733817205497479 0.1201767981398523 3.523912762341314e-19)
(1.233510600669251 0.1278561529039272 -1.514916024538229e-19)
(1.11390286028207 0.0921962030713908 0)
(1.088123598975582 0.02495917208499453 1.752628909964038e-19)
(1.007142011271166 0.02199290166961696 1.719897568171708e-19)
(1.029285869194363 0.001216115615685223 -3.693886278848173e-20)
(1.211606257598512 0.1288287525644461 2.454334039641677e-19)
(1.400681620063944 -0.1322897255817933 -2.065748929971194e-19)
(1.066162104811307 0.05006971142548539 -7.22799951541074e-20)
(0.9936465636285816 0.006505760247609827 0)
(1.090844112784218 0.07477597716198514 0)
(0.978758204914329 0.007163100389821427 0)
(0.9975725614903375 0.006765540680760371 2.327493310678049e-20)
(0.4919101130793687 -0.07162080056626138 0)
(0.9893566948084861 0.004729070350255323 -4.017931615094556e-22)
(1.286739569091051 0.07714006406281426 0)
(1.009926822632657 0.007136650462165404 2.147789698861269e-20)
(0.8272248673126723 -0.1282438551492452 5.3028771798819e-20)
(1.103996096877699 -0.01562861626002724 -8.898184132929212e-21)
(0.9397517542729319 0.01665389270785124 -1.767206730388155e-20)
(1.443228297071618 -0.2840604325242378 -5.301673949637031e-19)
(1.136445636035885 -0.09168036604584737 4.714616009049807e-19)
(1.088890117015153 -0.02511894520595533 0)
(1.929547222611819 -0.4698361429591033 0)
(1.620706925339847 0.1894486914323373 0)
(0.9877044413955284 0.005706034584053487 -9.014414730342315e-21)
(0.8610309095145041 0.776117774357469 2.422324785951548e-19)
(-0.02242870652913713 0.2252541570220135 5.302250455509555e-19)
(1.043409427414975 0.007732529892264674 0)
(-0.2052518918123636 -0.09165354963624414 2.180062718593858e-19)
(0.9833474803651682 -0.001871015322929544 4.048634355039727e-20)
(1.182088594420769 0.161987063983515 -1.63385169820037e-20)
(1.04440580573148 -0.02234418634088482 5.524967110583884e-20)
(1.063502580371917 -0.146566224671241 1.477422700261618e-19)
(1.129844654000818 -0.002484805651907477 4.528122367021823e-21)
(1.112938589803625 -0.01603408878248283 0)
(1.312567686420517 0.5314424871807697 -6.048096646661186e-19)
(1.029314005504046 -0.003921255648067638 -2.231475037653165e-20)
(-0.3012911041586617 -0.04972332082968765 -1.936368541513727e-19)
(0.6796221960306272 0.01847252539873359 0)
(1.085083211647481 -0.6964125156182068 -4.802935416696476e-20)
(1.316011448410998 0.08568855419367764 -1.107423805267669e-18)
(1.113840155276177 -0.1080059612044665 0)
(1.088830690841175 0.2804324667937756 0)
(0.9725010358347059 0.003646397351586143 -6.16651711503156e-19)
(1.062164777909441 0.007291925838772486 -4.088925208250924e-21)
(0.9246910154977913 -0.01209541434593465 0)
(1.090542425109527 0.03089391487457321 -1.751494059349328e-20)
(1.366952429528443 0.2156660207779743 -1.878368563434457e-19)
(0.7325321408946744 0.1000448935374669 -1.051473504671219e-18)
(1.078523935935558 -0.0006234857664936175 0)
(1.265613980503802 -0.06057632091262207 7.033323827118202e-20)
(1.005614701407599 0.0007111098631661106 0)
(0.8471090064873534 -0.7729050544981039 -1.67496067052938e-22)
(1.081393222280395 -0.05210617847277431 -1.090879135792551e-19)
(0.8772433381468164 0.3272100692510775 2.920502148505444e-19)
(0.8319643994156714 -0.1978884478910215 0)
(1.029946726440899 -0.03585168973800467 0)
(1.053722471770685 -0.02933632974335003 0)
(1.004555524096392 0.0007308605314381872 0)
(0.9812221723643701 0.006245018788225486 0)
(1.347719801932666 -0.2371087195073918 0)
(-0.1052010734977995 0.1642707749504146 2.397870137740322e-19)
(-0.07415909366456272 0.05647307604691196 -5.415019238281345e-20)
(0.2555674658636607 -0.1234146383593465 -4.293122708259094e-19)
(1.516760081888423 -0.4373474095421481 0)
(1.033948938156604 -0.01665998249750432 0)
(1.768113031158993 -0.7566611125378626 -2.338797408041082e-19)
(1.131178456717481 0.00587794304786787 8.303278792271573e-21)
(1.327754310346383 -0.09164728284769273 2.815345302537524e-19)
(1.110171335637188 0.7107314835933313 1.485847059923439e-20)
(0.3398118024609271 0.5967357415957755 -2.153023516784908e-19)
(0.677111501878495 0.4619962492672351 -4.750309332487693e-19)
(1.063227011481753 -0.1611262200561459 -2.181324265164646e-20)
(1.223947656622171 -0.358676145869583 0)
(-0.08162356189108648 0.215251581718359 -7.312251508269018e-19)
(1.047183316655164 0.02252815664632704 0)
(1.115445082107867 0.04580924268688658 -1.503545299143727e-19)
(0.8167524030290381 0.9006663500086062 0)
(1.071271355414043 0.04514070684557694 6.508973105275204e-21)
(0.2755447912479128 -0.05305384192649802 0)
(1.11580201632641 0.03987309561798002 2.27326299601709e-20)
(1.373420413724652 0.3251843407911769 -5.576807015527385e-19)
(1.074716942730273 -0.01309653037593744 -1.652394282352387e-19)
(1.473261338892794 0.1597529375819051 -2.538866467301711e-19)
(1.333989925800618 0.4199680925018737 0)
(1.174726933821764 -0.2684959736039143 0)
(1.307917804929581 -0.1376310195998829 -1.222604194684866e-19)
(1.06679598536288 0.0162248225182083 -3.313522908782421e-20)
(1.060720081015143 -0.01195786149756459 0)
(0.7419058326452561 0.1467947248831019 -1.199495470233394e-19)
(0.7723904927330117 -0.57369804879849 -5.82102960179153e-20)
(0.6668706158964437 0.2065461495168616 9.573994091371517e-19)
(0.969835845156621 0.1186878857608018 3.336423149022646e-19)
(-0.001715989782010122 0.09738944110763734 0)
(0.560658064515514 0.02716175318057842 -6.507440020195869e-19)
(1.057666034442428 -0.0403901588712793 -1.884450897107509e-21)
(0.6961340406626016 -0.1144194913522429 -2.748560543504221e-19)
(-0.004839985749480072 0.2547545082741068 -2.92131903371444e-19)
(1.182200411421793 -0.07987501948657348 0)
(0.4057165238249362 0.0190756042898932 0)
(0.1611906377865449 0.3761480174056988 0)
(1.444193305594309 -0.2622083150286085 0)
(0.2332582387520368 -0.3544082644994745 -6.450796046085494e-19)
(1.593334783090462 0.03962959938962286 -3.888537214128885e-19)
(1.02475318580876 -0.2005663366990922 0)
(0.6717631725063884 0.02984624147981731 2.505902321771022e-19)
(1.024608955219256 -0.01138949216948148 3.510503698933331e-20)
(1.139356221774288 0.2368663565856982 0)
(1.735911187822519 -0.1118368644916549 0)
(0.5793670044673331 -0.7340356426442564 -6.691215280675892e-20)
(1.27372407241988 -0.110810088861171 -1.008303650980965e-19)
(1.410381718066781 -0.08565920012765424 -4.302167748392676e-19)
(1.487039091935776 -0.06582870592545 3.656928464814702e-19)
(0.09708188085927807 0.1043991865808696 0)
(-0.1478109940481189 0.1055542498461157 2.767317164115493e-19)
(1.038204466331878 -0.06325883287761545 -4.517171638855596e-21)
(1.119402996996467 -0.1398047884455876 0)
(0.6397327130325579 -0.3531790865120939 5.234486884259205e-19)
(1.048824621008311 -0.06315247448984865 1.406651399008813e-20)
(0.8651062569578758 -0.1477540374640494 0)
(1.320400086260599 -0.1355195658815136 -1.022076593029362e-20)
(1.122003578612508 0.07839642213840924 -4.382144030271897e-20)
(1.091040496406269 -0.005054462544666934 0)
(1.129855707759226 0.572256145779989 -1.124863911213417e-19)
(0.3410262418602245 -0.5958987160213306 0)
(1.060991806107602 -0.003529890033863521 2.842417642803863e-20)
(1.097338623118823 -0.006187652962566412 2.653135273262659e-19)
(0.08992117326059673 0.1781569588102343 -1.641510506563208e-19)
(1.18369106336944 1.005156019543242 -2.258583931986845e-19)
(1.366594979193939 -0.1373976908686249 -8.818937116353727e-20)
(0.9067133774595654 0.1048533620496829 5.27777674545133e-20)
(0.9974238709622776 0.004066454985983179 1.067616192880775e-20)
(1.067479753010953 -0.1573826908158787 1.833062249543574e-20)
(1.504811729703023 -0.9461658885965711 -5.202129015816672e-19)
(1.536326822234148 0.9529339703845306 2.37808926491463e-20)
(1.428877129185128 0.2254875052586079 3.431628607393838e-19)
(1.028223750791831 -0.007743495470257139 2.061520694524045e-19)
(1.0353124506436 -0.03314754838815605 1.61806562078543e-19)
(0.992308686189616 0.02288263666678301 -1.930056040517779e-20)
(1.058026777149809 0.03834472583794584 -1.45885871531373e-19)
(1.078592850131509 -0.06532249009225931 2.89287167775595e-20)
(1.439023822498648 -0.1357439364069624 3.383483017763496e-19)
(1.8236854645252 0.7504202522266443 1.877868603533469e-19)
(1.034102528500507 0.03449124400256242 1.072711204543322e-20)
(1.072109740557084 0.01350215473229402 -1.05752967630483e-19)
(1.991341541219186 0.4790685989716886 5.376322360500553e-19)
(1.933692942034346 0.1606862959617337 9.359585864938105e-19)
(1.083675784085775 0.64105131196161 -9.899451184269348e-20)
(1.110553618656085 0.1722767116582737 0)
(1.04412920134002 0.02298251955630746 0)
(0.5114598575311333 0.442358474794936 1.157201338030979e-18)
(1.373461731370238 -0.2976949929780551 1.870079736006988e-19)
(1.187744810441869 -0.1592998385038999 0)
(1.636983242414908 0.2364811433076196 -6.213678544584873e-20)
(0.8073177963660552 -0.1505400575929906 -1.226303010912897e-19)
(1.325069346217583 -0.2085265872721144 -9.019123489108597e-20)
(1.252049889675456 0.3911355539206777 1.449190632517848e-19)
(0.4927183651379503 0.1992514268982436 -5.589194289221484e-19)
(1.692312508586573 -0.02024665027604977 3.300037232944686e-20)
(0.8544230112403562 -0.5423027122802448 2.309764509295352e-19)
(0.9994786699144353 0.0241702203927796 0)
(1.622946403160471 -0.186894040271279 -3.107272047072448e-19)
(1.090817916072699 0.1008398036052982 0)
(1.342105914669375 0.5828913437437159 0)
(0.9409747323941057 -0.4116365696836982 -2.838035924912804e-20)
(1.249512163188456 -0.02736909225010882 0)
(1.038133279995297 -0.004100557866594126 -1.246857106138967e-19)
(0.7282774920621392 0.1145445260272765 3.098447158399007e-19)
(1.321171598230751 -0.5797169241868911 -5.546228372988268e-19)
(1.049636905164433 -0.6307354821109195 9.182738205084226e-21)
(0.3503809420116527 -0.37308581297416 -8.620463427199133e-20)
(1.00685105734065 -0.09515962675936476 0)
(0.4460421703610824 0.3061298041627798 1.67733080870742e-18)
(0.2644352792221986 0.03360506864964099 0)
(1.316499754984062 -0.1372777288066163 8.070299244867004e-20)
(1.574007020106507 0.190985202738987 0)
(1.168744842439966 0.448744949808621 1.352185567260599e-19)
(1.05394108321962 0.1536973603008839 -6.408221333961722e-20)
(1.031729579331303 0.00428353368874318 -2.007907883246245e-19)
(0.9583671132947097 0.4115729191285241 0)
(1.159657518998413 -1.007320672437459 5.736716577402897e-20)
(0.8911735880221401 0.01093437838230693 0)
(1.07069831078611 0.3808854946309984 0)
(1.056470885880751 0.03686944494572729 -4.780345737582198e-21)
(1.47017178560202 -0.2984990205697964 0)
(1.242168594854074 -0.1843280619790322 -2.94570260695198e-19)
(0.03244849468917563 -0.00176541402481278 -1.790454844218901e-19)
(0.2403587215725184 0.02382175686044473 8.860892085712877e-19)
(0.9807670222775806 -0.09794986944062241 0)
(0.4734442209621894 0.6522484902044866 -2.525035309405955e-19)
(0.9175819411909926 0.03125214775340657 0)
(1.541190044808836 0.4161867964389125 5.503420988545222e-19)
(0.4747661006916095 0.1501738934001269 -5.867214268311733e-19)
(0.04354293833129978 0.1941813832055169 0)
(-0.4084148702350405 -0.03764643398043737 0)
(1.032305589729994 -0.0004363629002194568 1.270140060657986e-20)
(1.655364039197836 -0.2256677658514969 -1.098981178314761e-18)
(1.107339180197969 -0.5612694865324723 2.348246052475874e-19)
(0.7825485445393027 0.3360099752445633 -8.721280893156504e-19)
(0.9044686434779911 0.1397327207991692 1.399448300741847e-19)
(1.044455294147149 -0.003705172157921074 0)
(-0.2801608365365758 -0.1059407339519929 4.068252179460714e-19)
(1.033591320355305 0.046690727835951 0)
(1.199270316417681 -0.24067542885509 0)
(1.564991049274536 -0.1894654188499379 5.134700139981651e-19)
(1.126166546521549 0.07214939300460207 -7.447320563356522e-20)
(1.076574202684373 -0.1396973652425723 7.61210621552571e-20)
(-0.005099967770664871 0.06418573526653849 3.298470284279203e-19)
(-0.06185571932030931 -0.1614688304025022 2.388430557142316e-19)
(1.072375192390602 0.2151657237146747 0)
(1.098107133910018 0.05723046654566681 2.10911470831067e-19)
(1.491629478927279 0.2870856749160595 -3.637195344631451e-19)
(1.320506105796005 -0.4861846806985401 2.350984179359825e-19)
(1.145334078816932 -0.1550013238274685 0)
(1.122078670455005 0.1508962626241541 0)
(0.5251360816186142 -0.6852775398430466 4.178374400840728e-19)
(1.315371310725135 -0.04011412897634475 -2.974108169186288e-19)
(1.003137483701367 0.1081928555227323 2.528784107273688e-19)
(0.313481374430117 0.3616086779350466 -8.86610501644422e-19)
(1.02768731779406 0.1124326457157743 -4.208838598888838e-19)
(1.03575066553512 -0.3945029159169382 -5.1727785932231e-20)
(1.462706099333359 0.1082169771663105 -6.532011648668557e-19)
(0.7777657667082262 -0.8813085634124362 0)
(1.056450389275124 -0.03087706237681028 0)
(1.118129619875258 0.1637625734447532 0)
(1.620140388158488 -0.04097635729061565 0)
(0.8162824240140292 0.5963391600184579 -2.007038189223945e-20)
(1.489452459799501 -0.3565104533714438 4.537553784023596e-19)
(1.54418018545475 0.1470571045228798 0)
(1.134336592934905 -0.4574842172966617 -1.617315051915307e-19)
(1.464016344525221 0.3443485075828902 -3.562233164246282e-19)
(1.010794508180906 0.02842211366342083 0)
(0.2124239262335513 0.01188539746291511 -2.403008344240766e-19)
(1.339021145787771 0.511576077527387 0)
(0.9744742329677935 0.008242599890368978 -4.013295586372273e-20)
(0.7626674949379242 -0.2989727679992487 -2.075038567016601e-19)
(0.5085182017026539 -0.07950855273649858 7.890845425919779e-19)
(0.2320596824344025 0.07161280184357743 3.539378617383924e-19)
(1.061431420441745 -0.137931121867597 0)
(0.04897327636947995 -0.01512505447431941 0)
(0.346178884648562 0.04340221370896748 -3.011973653504323e-19)
(1.00667417937628 0.01772719403802919 0)
(1.455868922871914 -0.008914388108632453 0)
(1.008149735512549 0.02936497427888827 0)
(0.4675451541400634 -0.2710964865008389 -1.009636696332589e-18)
(1.049413914656236 0.08880435482182339 0)
(1.52705725403849 0.040384531963603 0)
(0.244528493921034 0.1206907087556015 5.562143711398594e-19)
(0.8789163967486343 -0.3205622783019211 0)
(1.368475040443927 0.0522220176842952 2.695501668490621e-19)
(1.239528615191308 0.2051385611961502 2.071165473708209e-20)
(0.8997423518318808 0.5558301745943434 1.521689376259043e-20)
(1.034166417236682 0.09949191728299575 4.775826442635922e-20)
(1.031670440741174 -0.1482735730058248 0)
(1.369642920883681 -0.02354373492744536 0)
(1.293180886936263 -0.1253212132022671 0)
(0.6243926176967272 -0.03798050953077517 -1.36423163576911e-19)
)
;

boundaryField
{
    FrontBack
    {
        type            empty;
    }
    Top
    {
        type            noSlip;
    }
    In
    {
        type            fixedValue;
        value           uniform (1 0 0);
    }
    Bottom
    {
        type            noSlip;
    }
    Out
    {
        type            zeroGradient;
    }
    circle
    {
        type            noSlip;
    }
}


// ************************************************************************* //
