/*--------------------------------*- C++ -*----------------------------------*\
| =========                 |                                                 |
| \\      /  F ield         | OpenFOAM: The Open Source CFD Toolbox           |
|  \\    /   O peration     | Version:  2412                                  |
|   \\  /    A nd           | Website:  www.openfoam.com                      |
|    \\/     M anipulation  |                                                 |
\*---------------------------------------------------------------------------*/
FoamFile
{
    version     2.0;
    format      ascii;
    arch        "LSB;label=32;scalar=64";
    class       volVectorField;
    location    "35.5";
    object      U;
}
// * * * * * * * * * * * * * * * * * * * * * * * * * * * * * * * * * * * * * //

dimensions      [0 1 -1 0 0 0 0];

internalField   nonuniform List<vector> 
808
(
(0.7562567563890676 -0.01750033682979486 0)
(1.031485946345289 -0.01262168466298264 0)
(1.112105830566838 -0.006278839942518885 -1.752854345804473e-20)
(1.085119528336472 0.01260457000953367 0)
(1.364560088453511 0.0148867246020048 -3.875219841848909e-19)
(1.038718924583634 -0.009359101541700578 -7.245929249743899e-20)
(1.013947646246928 -0.021098192291415 -2.382652325301667e-20)
(1.079009003846228 -0.005405743362097234 9.037777397233128e-21)
(1.254814252113257 -0.0199985516435596 6.32565039997126e-20)
(1.084994332975628 0.01032206565630796 0)
(1.010576945162164 -0.007760501635053291 0)
(1.306558392754075 -0.05312872457967916 -3.524661240810633e-19)
(1.08615256562919 -0.001977758491875672 2.040384235399547e-20)
(0.6751656141058453 0.006372415759736127 0)
(1.280155107736243 -0.1139490627695026 0)
(1.081435492849159 -0.0002093631931056525 -3.847334514149972e-20)
(1.227241994704799 -0.1434269231317451 -9.584494118872429e-20)
(1.073904947429169 -9.624153238115181e-05 3.191291270422986e-20)
(0.9913740451086658 0.003789197019805673 0)
(1.026335264656253 0.009630517222670734 0)
(1.034558871922674 -0.01029165601113944 0)
(0.9875022360953479 0.04455540167349738 0)
(1.051130368949118 -0.005925628144735125 5.633832589908733e-20)
(1.053563729709001 0.009253992349586598 0)
(0.9326838041256202 0.1971226428687884 4.598656010401811e-19)
(1.165585837638577 -0.08460186617258855 0)
(1.186142989218418 -0.01859206757740266 1.5718911107699e-19)
(1.077345627464554 0.009493783600398636 5.207057922114266e-20)
(1.083689696554875 0.00229559916184232 5.081202173129009e-21)
(1.071819179866509 0.03088515970423421 0)
(1.075321221893156 0.002773128296551111 -1.17675257772663e-20)
(1.033029040692048 0.006835689474667003 -1.932338965232452e-19)
(1.059972926729235 0.014723426650303 -2.369926249214355e-20)
(1.08897736361634 0.005531037551253564 -2.93356613851341e-20)
(1.120704674227595 0.03926529868911819 0)
(0.7551045596063095 -0.1239044717738637 -4.540087498118095e-19)
(0.9547595337965058 -0.005874560798966083 0)
(1.068835193726518 0.02227124758560941 0)
(1.068818678954722 0.007313420315916553 0)
(1.073712203603544 0.008939702682311148 -2.83131258662504e-20)
(1.092532922163513 0.02464069506206118 1.104478516597408e-19)
(1.150990911746161 0.003726645218016704 2.164130615343447e-19)
(1.096007507684319 -0.002283125388043176 0)
(1.015519140428581 -0.009070884712291595 0)
(1.133723494712661 -0.09406021332264575 -1.631699840029168e-19)
(1.04409695539174 -0.01159385410212144 -8.102040146579193e-20)
(1.058161940997617 0.02662362456074169 -2.756669038430161e-20)
(1.231644323726228 -0.1121728459192866 -5.598348344252585e-20)
(1.067600912645941 0.0120921880567156 -4.188530772237075e-20)
(1.258350001419561 0.01762197866341571 0)
(0.9963828410092748 -0.0190783931488391 2.160362068393226e-21)
(1.044696333738595 -0.001870644861109356 0)
(1.087621276083163 -0.002083141751837876 0)
(0.9993372739316503 0.006925504790755089 -1.8396532889593e-20)
(1.25042202962608 0.03436090505150856 -2.344772757836841e-19)
(1.063564621651543 0.01810593905708912 6.042288095396655e-20)
(0.9919497967952258 0.009828905910908098 0)
(1.019506965401775 -0.007131429021731039 2.406365894475416e-20)
(1.107522818151548 -0.00023570852541857 -1.185746232382386e-19)
(1.061139352880684 0.03104004695670056 0)
(-0.08722945511182333 0.009861309646518646 7.429484535802969e-20)
(1.15518638979964 -0.0517280171411904 -1.895051694631116e-19)
(1.006941609074043 -0.006483918109569063 -2.643133400881687e-20)
(1.186233985107151 0.06995044885762305 -1.228575246923734e-19)
(0.9978810205895974 -0.009337796797429731 3.050167107003317e-20)
(1.084311619001151 -0.005490867285061668 0)
(1.248282588247923 0.09818141130599506 0)
(0.6960819848456943 0.003191349604068445 -7.457996324342378e-20)
(0.9890188161596317 -0.01348500101171942 -3.17807136711626e-20)
(1.46110769175965 -0.01829963547347339 4.462910001032715e-19)
(1.060489599369769 0.007604513025953929 -6.692154087050918e-20)
(1.368921451408661 0.09654150675058264 2.889563948214101e-19)
(1.054783973642281 0.006882375297907443 -1.929821389878769e-22)
(1.081131094759842 -0.01386305195198702 -3.639805523826e-22)
(1.165290224014519 -0.2364675012532544 0)
(1.021716613914674 -0.01478875235713106 0)
(1.01699345094478 0.01781477722067599 -3.085028932742271e-20)
(1.385226889542574 0.3485531338693091 4.17224753128957e-19)
(1.097217875267939 -0.04243499339900775 9.451126018463864e-20)
(1.045379299166668 0.2092754943267329 2.504614466999867e-19)
(1.125226116242729 -0.06030155331140546 1.160394023489502e-19)
(0.9219669203442266 0.005133748830095881 0)
(0.9753738562521866 0.01851185227807536 0)
(1.004105488801306 -0.04890084234311981 2.829232918129081e-21)
(1.009937522574416 -0.01319827029412123 7.653782181884613e-21)
(1.029850460346732 0.02660175234848157 1.38411008224122e-20)
(1.530427354623296 0.03576074891866209 3.255066511387566e-19)
(1.288736620145653 0.0714363009190129 5.534165607153446e-19)
(1.072311219505627 0.003094397986332432 -9.099461348008162e-20)
(1.197922354665808 -0.09216708397156155 0)
(1.033713237509188 0.001913953846088351 1.328392191935211e-19)
(1.165134311856779 0.02249340771092185 -3.19967005175376e-19)
(1.001441286702075 0.03235312654956518 0)
(0.9996260078880977 0.002034102755465182 0)
(1.044477433964836 5.743189921417809e-05 7.824705058834128e-20)
(1.213610524505583 0.1117227559377191 4.142496030541524e-19)
(1.011090346395119 0.006993875234619441 0)
(1.092307456276287 -0.06888495265895733 -1.056027405148011e-19)
(1.150761649948247 0.03804392784085355 0)
(1.214385050621735 0.09630693840671617 -1.947662224543817e-19)
(1.108146941895321 -0.02877380084088519 -7.725594280298976e-20)
(1.027234394853272 0.01179375098927086 0)
(1.085023751037667 -0.004615505875144275 0)
(1.018899740485284 0.02609842600724746 8.040985963285188e-20)
(1.071630101824038 0.05563180113925609 -9.577873750598365e-21)
(1.103830120616329 -0.004135947730115488 6.304576497472917e-20)
(1.111330301272882 -0.09371481658479357 1.50558495643566e-19)
(0.9634316397299899 0.004550592485184917 0)
(1.06602400461339 0.03113165429181345 3.796776043092176e-20)
(1.169190801316974 -0.07640911027888309 2.316041266611056e-19)
(1.05120879814693 0.04634920017729014 -2.895404361694865e-20)
(1.022612676529694 0.06735855502775007 3.718205413036652e-20)
(1.09026368250101 0.02602398211658461 0)
(1.017129089359465 0.01700858325345474 0)
(1.029013210036535 0.00939816752138441 7.875886615612979e-20)
(0.9486403156293203 -0.03348339975181869 0)
(1.052751554857761 -0.005580224341329976 -7.732338901424334e-21)
(1.343021801529645 0.05864616896396503 -1.573105376727191e-19)
(1.079901600421325 -0.01314096244201838 2.634353186848732e-20)
(0.7439489352306454 -0.001729420172099871 0)
(0.583719057861803 0.1891547463979849 -1.005024554220164e-19)
(0.7061920093177645 -0.002517520477669003 0)
(0.6987964081503456 0.01462563064543262 0)
(1.077639555288622 0.00366650277121767 -6.688014700568098e-22)
(0.9906476078212794 0.01452042462652507 0)
(1.278131088061089 0.1226934335174434 2.501297626616184e-19)
(1.012328216615104 -0.02781483059265708 -7.740166852371921e-21)
(1.045911458016477 0.01990328163690255 1.725136587359369e-21)
(1.058693654499739 -0.01173026381458968 0)
(1.126651445630287 -0.009115387114095109 -5.025211277608349e-20)
(1.269330365496466 0.1387044264879171 -2.289202336140598e-19)
(1.089321193970253 -0.01114449138202522 -8.592959150696994e-20)
(1.070100173874307 0.02678227799868774 -1.094921926086619e-19)
(1.040776159031646 0.04675289730655811 7.058642595923934e-20)
(1.022557130233722 -0.003766800235094851 -3.466126040011232e-20)
(1.060883562214902 0.02354705366979273 5.955822015092453e-21)
(1.132664116383158 6.368606310884481e-05 1.050271256646354e-20)
(1.039291751944701 -0.01557329991294153 -4.815564712979278e-22)
(1.087439434439887 0.034726938545504 0)
(1.028041914294359 0.01364092555360057 0)
(0.7673276913675859 -0.06639005120394745 -1.812720897738512e-19)
(1.030203030688027 -0.001629648495235343 -6.802386523042938e-20)
(1.129701344881936 -0.005699287201599746 -1.2633628961605e-20)
(0.703429368085795 0.006575534740325988 7.297812074299189e-20)
(1.174730755956824 0.02026597652523222 -1.933152471072591e-19)
(1.135138848450412 0.007094439347496862 5.069336879571209e-21)
(1.128971656142631 -0.01001268778177081 3.44267428193288e-20)
(1.000937048130426 -0.002938985585159775 -7.33184793635022e-20)
(1.102740078693375 -0.06508536736627303 0)
(0.9876300428741773 0.004222627851527054 0)
(1.057858904163133 0.00705887339267102 0)
(1.005353176891421 0.1879026561027422 -2.44413013873563e-19)
(0.7791872561486705 0.01241908378023137 0)
(0.8569090669523884 0.1005357983027005 -8.386737047152317e-20)
(0.07761831201540481 0.03628256723848422 -2.996167170160326e-19)
(1.172168661567013 -0.02981828625170417 -2.250156939578789e-20)
(0.6713059116604788 -0.007303509218176301 2.444209696433125e-20)
(1.169413924721048 -0.1003203961291572 6.89784429584908e-20)
(1.123084432016444 -0.004383974155587575 -5.744328730404745e-21)
(1.154791458893627 -0.04790482071930165 2.186594393257784e-20)
(0.101853795373315 -0.2218721771513338 0)
(0.2405915082051544 0.07889027978693912 0)
(1.260048373510732 0.1112443087778957 1.914470991925287e-19)
(1.021130380958447 0.01978825703682087 0)
(0.7378395477524557 -0.006261283620645923 0)
(1.075315478140544 -0.0116247466895441 2.727063929216132e-20)
(0.9747827183882302 0.002816948149026738 0)
(1.296799830677349 0.128412015990973 -1.56382801170236e-19)
(1.057440080534224 0.01109193570768369 0)
(0.9937027384606181 -0.007061851845736673 0)
(1.065019975920557 0.008320892058379225 0)
(1.006182171489503 0.02083958535711617 1.9211707756426e-20)
(0.9376372066395623 0.01607851490868484 1.138984065619964e-20)
(1.177451045392636 -0.2000404665688751 0)
(1.005174517261356 -0.005185929574699771 7.924074396678141e-20)
(1.059135516842069 0.006413633336558859 0)
(0.7746671623925895 -0.003278984577915462 0)
(1.218061431923019 0.02866400710462988 1.655593536270185e-20)
(0.7049554675390686 0.001351876249199428 0)
(1.436196260686713 0.08716427970074475 -5.241466612867599e-20)
(0.9951308581951953 -0.006225031173997292 1.705625410803169e-20)
(1.273215178147043 -0.001550366320970338 -2.954439584443969e-19)
(1.059520622024565 0.008974549553796484 1.369231811337213e-19)
(1.000911330923549 -0.01356712590756124 0)
(1.213168662604833 -0.1412061011391202 2.051639144650057e-19)
(0.7331909160513884 0.0137873478173728 0)
(1.098518675171428 -0.005013860004506793 0)
(1.153681855331415 0.06941333550976975 1.976070606236924e-20)
(1.006891307335298 -0.006541842991379341 -3.038827111547981e-20)
(1.121100201347138 0.05312017098618108 -1.751276700022626e-19)
(0.09851740434173074 -0.08884642210937968 0)
(1.072190695971412 0.03907357347905743 0)
(0.6617479211660876 -0.002911644652456769 -5.964261264475226e-22)
(1.01216138657849 -0.01941092502748079 9.486532720270667e-20)
(1.061326801175526 0.000797760485546743 0)
(1.075202917601747 -0.1286443485698669 3.730002969492032e-19)
(1.002796041160997 -0.006187140092271716 -3.388938096088397e-21)
(1.003083244528023 -0.00502925527745213 7.362479547031025e-22)
(1.093941721908069 -0.009293814755581302 0)
(1.020678070730671 0.02055088623949779 -6.415053853414961e-20)
(1.106546712801062 -0.001572545271267433 6.561493910700046e-22)
(1.074530528357216 -0.01125021181604326 6.635927113172391e-20)
(1.085768605106373 0.02225684896082437 0)
(1.330522146253488 0.1609468155898733 0)
(1.002019335809215 0.0002445946596589424 4.413727772841012e-20)
(1.319344805046472 -0.1268917363494332 1.567698627341865e-19)
(0.0350987801481819 -0.1869905924444566 -2.444378623278109e-19)
(1.071238410677859 -0.005414342343596122 0)
(1.114250432771444 -0.004094121927462005 1.181783093119775e-20)
(0.7267807028059868 0.01781237803704325 0)
(1.060888574477551 0.008876094280236916 0)
(0.8673588378735745 0.1643606440655743 4.68544603013273e-19)
(1.276892142424403 0.1330854146584082 1.928618573881024e-19)
(0.6543225709828761 -0.003099473350867001 -6.426644528570642e-20)
(1.04055954334385 0.001941496940850391 -6.722997313800093e-21)
(1.054746753536788 -0.0002497347659538447 6.554982868897271e-20)
(1.364365944271628 0.1214464659635557 6.706314534167559e-19)
(1.334252731387201 0.2520193533223933 0)
(1.060013228543745 0.003707691342608655 0)
(1.000457148999035 -0.00577306302048812 1.475859375179817e-20)
(0.9930681117291527 -0.006621931559229421 5.058927688649858e-21)
(1.38208833229826 0.1997589715522077 4.268246209925932e-19)
(0.6817753263497679 0.000474410538685667 9.919539962817105e-20)
(1.005565014682271 -0.002179180168787039 -6.002809718904193e-20)
(1.098169041750174 0.01305777109404383 2.554670499128622e-20)
(0.6694704041390238 0.004974671176130162 0)
(1.066090281495126 -0.01201379446600784 0)
(1.015820347783052 0.1522103925589195 -1.344662757798973e-19)
(1.091880381895068 -0.007136308688131121 -2.513105122667899e-20)
(0.9819960109364331 5.742801873501985e-05 3.293316907268626e-20)
(0.9912112335614431 0.006029488690985807 0)
(0.6381772246755609 -0.001078975417083269 0)
(0.9766808551935903 -0.001190661042869483 0)
(0.6420758078303251 -0.001465045047245052 2.649709901257751e-21)
(1.089899470303915 -0.05554042093125289 1.202344580216499e-19)
(1.112531275208603 -0.003044499876462007 1.175348791639508e-21)
(0.9579117272355273 -0.0008749655583434472 3.893397515012154e-20)
(1.016567300630649 0.01001545187062734 1.722033685761944e-20)
(1.067042714359361 0.001918100467553895 -2.531794125252028e-21)
(0.6347141692022029 0.008877659805408557 -3.628038203299696e-20)
(1.004868336464715 0.008391804682534438 -8.11810654838382e-22)
(1.03659925710842 0.006764149015685375 5.388509716886413e-21)
(0.986543943372004 -0.01060234443219566 0)
(0.6099547215863527 -0.000469108867299905 0)
(1.068730453485909 0.02251715478830514 0)
(1.016870810153546 -0.01643400142488506 1.0368514339256e-20)
(1.023946465171328 -0.009932313085261853 0)
(0.9917889844487694 0.01355258799487857 -9.841794602357326e-21)
(1.009953479774448 0.00105096770840177 0)
(1.130991277586386 0.001895530678875543 -1.152538794197722e-20)
(0.03694022814968743 -0.1441845581771736 -3.843922360277931e-20)
(1.035319132227454 -0.01836195154204556 -6.030700276707334e-22)
(1.041282610766451 0.004692528751040383 0)
(1.0812349043073 0.06858005828533781 8.45267532583963e-20)
(0.9675587380381543 -0.002264550214041455 3.109233943534965e-20)
(1.02030807274834 0.01669653182949308 -2.315947332142644e-20)
(1.00230589036101 -0.002103472723981433 2.459658314629449e-20)
(1.039449318277924 -0.007487778177698565 0)
(0.6408458731477032 -0.004050662721497345 0)
(1.02583088327061 0.02453981780398522 -7.523740550970421e-20)
(1.086592268117291 -0.005798176812295344 4.941373056679663e-20)
(1.015816977088807 0.006333990148882536 0)
(0.9791981032270148 -0.001740912347531495 -1.953942308765898e-21)
(0.8622264314464154 0.0116624096996559 -9.308980862890453e-21)
(1.014041409149193 0.002582175076613773 -9.79811648732393e-21)
(1.023220502661676 0.005632732962296404 1.873673081737847e-20)
(0.9844325905750282 0.004677046749528737 0)
(1.00444035990983 0.01194211107402708 3.390809763739557e-20)
(1.110384339013929 0.0003805865759993567 0)
(0.9281611775605737 0.00640861439096762 -3.103377437265574e-20)
(0.9563123954918957 0.0003856753982813456 0)
(0.9097112552213669 0.2066319757100472 5.064001914301868e-20)
(1.010850891643926 0.06692787220051746 0)
(0.9922404034591658 0.004782356048660496 -2.268476766194986e-20)
(1.058980191025449 -0.05233699740968234 -2.889321166561993e-20)
(0.9927061296448269 0.0008403654240539214 3.305976090361014e-20)
(1.00959365791497 0.006816754422294786 0)
(0.9785833298597001 0.0006872728518977748 -3.069360055088713e-20)
(1.172789191998224 0.1048118928268707 -3.427767597061486e-19)
(1.069809569587725 -0.2653210689053697 0)
(0.9931800725346895 0.0005967723240637232 -2.258955805126249e-20)
(0.974774757836155 0.001319159249185912 4.93974242780284e-21)
(0.9633893033627752 0.003504025502377964 9.946460870006498e-22)
(0.7459289338999521 -0.001047143761146588 0)
(1.124060403359321 -0.07718448369991147 0)
(1.002952999410679 0.00282982484102826 -2.260134081932346e-20)
(0.9082175834617696 0.01259367055809016 -9.928844261119734e-21)
(0.848084968368682 0.00488842556527923 2.59186501661575e-21)
(1.014336420052964 -0.007381059200849613 0)
(0.9563793698521325 0.0117631069424538 1.412256630574015e-20)
(1.005572054320653 -0.0002402886983949524 -2.2797444495032e-20)
(1.023092398869392 -0.003284423314955133 -2.542487989184893e-20)
(1.114939517668433 -0.001321446159169025 -4.93456514776308e-21)
(1.119361306377626 -0.0008059046594129396 0)
(1.012947272370736 -0.009005703830969132 0)
(1.019808832275104 0.0001760894613045634 0)
(0.9417944349279177 8.460932611692578e-05 -2.006249737086299e-20)
(1.017854879036892 0.01361299277343118 5.450927393922219e-20)
(1.085439085266941 -0.005290507407557233 -2.284418919294886e-20)
(1.040495386570864 -0.00845600298853573 0)
(1.107581567267439 -0.003355679832905371 1.852041062695981e-21)
(0.9943993927111727 0.002167500620614127 -2.233254595244722e-20)
(0.9847189149652842 0.002867796923933367 0)
(1.010705779426109 0.003183017903685768 4.664950329171467e-20)
(1.366727114081893 -0.314627492272488 -1.1288300499217e-18)
(1.121990177346461 -0.04317786187345519 -1.09275394817241e-19)
(0.9656838072604321 0.004919636836331836 4.479296481912691e-20)
(0.7660766659373938 0.002001443443062662 -3.190744415216024e-20)
(1.223459224486664 0.05285428449289695 0)
(1.223509271737793 -0.127273931862583 -1.472652296172721e-19)
(1.081040903328828 -0.001391593197082839 0)
(1.008092779761812 0.0008856619285750055 2.283514977480615e-20)
(-0.1872634911901907 -0.1383709231480138 0)
(0.9939667354481512 -0.004654044200691231 0)
(1.012407983473787 -0.02311807569075413 4.339576440111142e-20)
(0.7063881580305875 -0.01945640430157716 0)
(1.096771073841858 -0.01479296171529196 2.176191014652768e-21)
(1.04216287300838 -0.007189107504047442 1.77244782519589e-20)
(0.6331407335180296 0.004114439936726573 0)
(1.449248637402475 -0.1233474479023163 0)
(0.9862441993494142 0.001430448945583244 -1.075422479686828e-20)
(1.069804903554918 -0.0150627093025955 0)
(1.037824426857313 0.0004055702657774675 2.097985583958586e-20)
(1.081203136988676 0.005043319544143766 0)
(1.011731576985573 0.000963647982995466 -1.087716339099153e-21)
(1.00580479036534 0.003112040776608072 0)
(1.009486868804473 -0.003310206133212087 -6.270428027808169e-22)
(1.004281924506671 -0.02080027241613378 0)
(1.036096053869791 -0.002850465499314396 1.70546450392915e-20)
(-0.1774001673222149 0.02891494148675809 2.700583837694361e-19)
(0.7981524133114007 0.02098630345334365 5.385256194342734e-20)
(1.005500574975758 0.001828487631098004 0)
(1.128117317157185 0.01250487576390256 -1.136495796919777e-20)
(1.118596881450224 0.009666837820993715 8.521284038119878e-21)
(1.054552799369236 -0.01285088198281717 -1.299643142055579e-19)
(0.998779499993409 0.01036900122959049 6.530147143085756e-22)
(1.07906225333757 0.0009317314437234084 0)
(1.187966185037448 0.05351538446377533 0)
(0.83533719707659 -0.07650718532214074 4.595569749727682e-19)
(1.092367339176828 0.0005709849396245794 0)
(1.03359174089951 0.007407820009538087 -7.511687072226257e-21)
(1.042446821916263 0.005209699211250446 5.906644673680002e-21)
(1.055769803004116 -0.05990985150178711 -7.590486488489659e-21)
(1.139365442293252 -0.0008702684155915334 1.688225302127123e-19)
(1.086397074520934 -0.004661839255113533 0)
(0.994279261165752 0.001549727521857691 0)
(0.9966517172352884 -0.02657616517690806 -2.384522798981675e-21)
(0.9901065271157726 0.003292066143544554 0)
(1.031429521214556 -0.03790736043227467 6.438530128777702e-20)
(1.290916394367603 -0.09377900145710281 0)
(1.041917826458319 -0.0007573430736236672 -4.118831691568722e-21)
(0.9861731634289168 0.01701349833258052 -8.71788642110726e-20)
(1.032823768098489 0.04192501231302283 -2.379881136666507e-21)
(-0.07766498085249722 0.1576832406518487 -1.696556393223858e-19)
(-0.07058760973291865 -0.301079745557595 -1.323196837468661e-19)
(0.8962293494697176 0.1370412567146207 0)
(0.2870867581807582 -0.03535068238759731 -3.261383011602472e-19)
(1.005471292248093 0.0004832894563292363 -1.282437466030202e-20)
(1.063847056351109 0.002710420841840833 -2.094503226060782e-20)
(0.9913141424328561 -0.01996044313937034 3.048217912164261e-20)
(1.023251448764191 -0.03170728410197592 2.633734763701166e-21)
(1.01006917108587 -0.03186626675984103 -6.616526626960844e-20)
(0.9887744456052615 0.004807100319388594 -3.475452504512399e-20)
(0.9930547721848531 0.005173409401008162 0)
(1.025089883104991 -0.002341225627217263 -3.489544456503737e-21)
(1.937082458575843 -0.1561014465245056 1.074486464635728e-18)
(1.043398184092941 -0.000879049601047974 0)
(0.9957858698517302 0.008555853031946035 1.532273368273645e-20)
(1.00344115825808 -0.000353399114797486 4.027107279096792e-20)
(1.160666762567005 0.1509032987621814 0)
(0.9994059929699244 -0.005737041705385485 8.034036940026541e-21)
(0.9503893964517827 0.00120753745040087 0)
(1.037837343922555 0.04175971041649886 0)
(1.31022051086435 0.1593522114029442 2.34024609805303e-19)
(1.082220060006037 -0.0008753806150819971 2.309785870224233e-20)
(1.01705975626686 0.02974699818991618 4.57640033726778e-20)
(1.085408053004174 -0.001378209191371457 -2.226720372653326e-20)
(1.049658771101275 -0.01223528990998987 -8.667058585904086e-21)
(-0.386443579971792 -0.05230288216898597 0)
(0.9996293954896979 0.01369522210809533 0)
(0.1122352516032826 0.05434141663894743 -9.120492694588968e-20)
(1.006985169240517 0.02070889500073201 -4.100751948909517e-20)
(1.000845632981719 -0.02096879770513017 0)
(1.001481048172417 0.005494880576848237 -4.945316718296415e-21)
(1.081917219861656 -0.04248799466842657 0)
(0.9941485535290925 -0.01718321785691468 -7.960458156891966e-21)
(1.100799542882408 -0.0588689202668877 0)
(1.44548593394237 0.1745770742008368 0)
(1.054798687910391 -0.012192270432064 0)
(0.9905010647411974 -0.02455463110098905 -4.094033031820568e-20)
(1.000014747369141 -0.042558890109542 -3.27713586074345e-21)
(1.014176839741687 -0.02008052322212414 -1.925144774338839e-20)
(0.9967956392167784 0.01658668053318673 -5.565724623296181e-20)
(0.9958685703978125 0.01037433829431567 -1.493308383952399e-20)
(0.9947491448693279 -0.02862395790355093 0)
(1.002556799734551 0.02375134502124977 1.927934273767596e-20)
(1.055655770401867 -0.03660974537462507 0)
(1.111404017802123 -0.03580808051407261 2.598481234729956e-19)
(0.9957016957929115 0.01675012009690107 4.588238315528912e-20)
(0.6150563508600515 -0.008686906564966053 0)
(1.142513739875504 0.1577034243495287 -2.033550260791485e-21)
(0.8481710521247753 -0.08721067229231637 0)
(1.137799349550585 0.07304235088191174 -2.724605409963709e-19)
(1.317051644901349 -0.3895430575391566 1.295722828271245e-19)
(1.069021925263889 0.06346542742239687 -1.248987716500708e-20)
(1.011245234300987 -0.03206936773125418 0)
(0.9561560743580519 -0.2164525552371495 0)
(0.525069096658315 0.1626275737292967 0)
(1.016205699501268 0.009980901968488486 1.264599128447898e-21)
(0.6927411786812779 -0.02721945939113988 0)
(0.999563581154466 0.01695603360045323 3.530681206449591e-20)
(1.026824326882077 -0.004377148483583204 -2.765980552117574e-20)
(1.078984074205867 -0.008082136445438976 2.731427847993609e-21)
(1.049676581870215 -0.02544293489535241 2.954750292100797e-20)
(1.042531723603567 0.01177962734372555 0)
(1.063580077128996 0.02238805971738816 -8.906552689223014e-21)
(1.049591751892133 0.0360350626825486 -1.807723402203747e-20)
(0.9834067879069093 -0.02279315051872915 0)
(0.6249008904651462 0.005100588869252204 9.170695543769636e-20)
(0.8941382334950672 -0.005908322800709201 -8.84619315165126e-20)
(0.9092631717811414 0.005265113134635476 1.449847255748741e-20)
(0.6295126959890825 -0.006432960582728876 1.406931357460798e-20)
(0.9804330712442899 0.001061713991131724 2.502637812387049e-20)
(1.004431944487342 -0.01746378420880851 -3.503876582793473e-20)
(0.9828369165054197 -0.03749314595048718 -3.18294470950261e-20)
(1.085592590420092 0.001654744988067501 0)
(1.020040413220907 0.004976344395155772 1.014140493347479e-20)
(1.132217727146426 0.04885602065302643 1.317210621358371e-19)
(1.031347641649715 0.04085656489975886 0)
(1.022619094737685 0.002547386009162384 0)
(1.585736525262796 -0.167760271100466 4.402735204888166e-19)
(1.058508464326702 -0.04706694276309709 0)
(1.017488548256666 0.009612858466274644 -3.767651044062246e-20)
(1.083110411661596 0.005684314389820975 0)
(0.4872707863833601 -0.01233233911937667 0)
(0.01064977143437834 0.02290634922681036 0)
(0.9912809830956218 -0.02418830903176609 1.232602098432024e-20)
(1.302380608795739 -0.09597994705934947 3.73312652419893e-19)
(1.032924368231954 0.03488717069868372 0)
(1.022296657740565 0.003517742191189948 -2.22357381627756e-20)
(0.9481735839687937 -0.1603472430728121 -1.629645172107261e-21)
(1.256667567547559 0.077647464136582 0)
(0.5967505201115797 0.7282285133211356 0)
(1.312892955348291 0.1459207395482649 1.077055891573483e-19)
(1.678979912712313 -0.02560369984097768 0)
(1.051162113995548 0.1184369959562047 0)
(0.7116400963522093 -0.02010666099936746 3.853586746543606e-21)
(1.048078783744012 0.04386282189620064 0)
(0.7576431979537275 0.1259773671034207 1.306889119543767e-19)
(0.9967752608466554 -0.0164821815984736 3.574242338131868e-19)
(1.038071712265681 -0.04191165186617266 2.794296181860409e-20)
(-0.3823344207839423 -0.02578950540180742 0)
(1.072275429981178 -0.01641475187697502 0)
(1.085508083206764 -0.004402077381260314 0)
(0.649336979079594 -0.5055605117625719 -2.464847563140323e-19)
(0.9895514766382347 -0.001193167402970057 0)
(1.092469654918554 -0.02141051110499674 5.169489251075829e-22)
(1.187020213470887 0.1210859377447503 -2.006582992502202e-19)
(1.09589992762068 -0.04914607046155055 0)
(1.00619510036367 -0.02112219194397606 0)
(0.7773793176782684 -0.1805006743784044 -1.640479644400693e-19)
(0.8797784130549192 -0.1311069115662222 1.498473872506904e-19)
(1.031669316202551 0.01470596854981469 -2.174217723271996e-20)
(1.02312234310473 -0.008946455244509786 -4.507365297899547e-20)
(0.879886710720358 0.01160173134399978 2.841354812612595e-22)
(1.506875393658607 -0.1943103356077904 0)
(1.308497845451059 0.11666950760256 2.995725062372736e-20)
(1.242444163599938 -0.07391259422411782 -3.260621804014547e-21)
(1.095686862472643 -0.01851308589013511 -3.93853065168598e-20)
(1.035133591822614 -0.01389099258317802 2.729868840760366e-20)
(1.092836192856864 -0.03906064403533497 9.251878578907847e-20)
(1.03176820578261 0.0205330125589586 0)
(1.048419311533561 -0.03767414870033816 0)
(1.115950200489586 -0.008942729309718253 0)
(1.095165632916287 -0.0408817240784751 0)
(0.9982242423584655 0.01112441626223367 0)
(1.149843000601776 0.08181256972043061 9.545431817283003e-20)
(1.337908531157108 -0.1528042424245017 0)
(1.036085287563799 -0.02670376391730762 -2.368722711219479e-22)
(1.048286865797497 0.05140386188262271 0)
(1.01027996380862 0.01440899518139874 -3.906080484240632e-20)
(1.033849723240983 -0.007357835977457408 9.183340809405965e-21)
(1.088929859913129 0.01347108453009286 -3.238507488600583e-20)
(1.085206787125658 -0.02798728183439791 0)
(1.070739846678895 0.005733797457762099 0)
(1.106208607653614 0.09380989855299599 -1.414881798603474e-18)
(0.9355805188149288 -0.1504560368951234 -7.073201689572255e-20)
(1.17046730513831 0.1164593874852169 1.142627401913275e-19)
(-0.4728619219518904 -0.01320267512866376 -2.906177899795933e-19)
(1.017909745875058 0.02896406111831218 -8.774976636221393e-20)
(1.0054953341533 0.00449956351588225 0)
(-0.2616583184995005 0.0009520156742618698 3.562944503345801e-19)
(-0.03717136192489367 0.2898569433192407 7.653821040142961e-21)
(0.9952148467724677 -0.006259542952819919 9.569370215219885e-20)
(0.1855705264091293 -0.04420754688281927 1.327080920553344e-19)
(1.084959405533797 0.08503482927414946 1.421948213758584e-20)
(0.09389686407668228 -0.1116531347824245 -5.511538398823051e-20)
(1.108382508033636 0.002982660840093964 0)
(1.101027950240395 0.2541939220486777 0)
(1.021235145079602 0.02144697374473517 -1.717578036553389e-20)
(1.065424114166867 0.05127986621059367 0)
(1.026582072308518 0.02391724644729688 -8.747272837506719e-21)
(1.264331447197431 -0.5495195548327996 8.049513816864621e-19)
(-0.1172368177141473 -0.233049264160209 2.15640357841362e-19)
(1.30083509025063 0.1153763368380845 -6.269429071700608e-19)
(1.121774566256785 -0.00279142375170756 0)
(1.121340928766119 0.1024257531834956 0)
(0.525304080256877 0.07918741441784065 2.469349335489042e-19)
(1.023759770839281 -0.02030345626715414 9.414379196751952e-20)
(1.006570309071927 -0.02344808334578013 0)
(1.210334617286407 0.2702640618535141 -9.580922228922786e-20)
(1.263252534473224 0.131811990462925 -1.558075088960005e-19)
(1.026603257142815 0.003326807832645236 1.552561372881154e-20)
(1.300596405036825 -0.08499056726345125 -4.99841545118151e-19)
(0.2988981045956202 -0.01821554971556906 2.80306441224396e-19)
(0.8279998593986606 -0.1468873976730589 6.771049594255298e-19)
(1.039752867164182 0.05009768301020594 1.078295577655335e-19)
(1.03856793110557 0.002503510633878357 1.791260484463006e-21)
(1.001195187940139 0.01924444586750955 2.93955293909057e-20)
(1.066499584493946 -0.03681167302518715 0)
(1.0347456749086 -0.03849917532770547 -1.516314700099261e-19)
(1.017158989648914 0.03347657076532419 -4.665876910946878e-20)
(-0.04817865741945924 0.06573603029742052 -5.063722766424482e-19)
(1.011044387810545 -0.05830960653710919 0)
(0.9096046053484488 0.01613824225282247 0)
(1.090192595228325 -0.001106980060241218 0)
(1.367512945911825 0.2592051603290353 3.785172419562791e-19)
(1.699964653742259 0.1041597367941312 1.334297316377863e-18)
(1.409761351470548 0.1524657777315488 0)
(1.036681050995859 0.02235908559671577 1.047170857818206e-20)
(0.3498167708370758 0.03191352863530096 3.337766657257281e-19)
(1.133314743757278 0.009819281780299362 0)
(1.089955680093397 -0.02140054186845306 3.118206103349554e-21)
(1.089672395912953 -0.03158734409014222 2.459359965317465e-22)
(1.132188529748925 0.1037482947110811 0)
(1.302357672960581 0.05674512230961489 0)
(1.039522682877218 0.001267493808881563 1.174116896776388e-20)
(-0.1523558283322623 -0.1228222529498898 -3.932688804320063e-19)
(1.326651107791446 -0.1460464712211989 -2.157592106288259e-19)
(1.067809206919131 -0.007411423045662602 0)
(1.013127805283855 0.01497648693998605 3.097314765800397e-20)
(1.159192447821579 -0.09842407045590905 0)
(1.016727088575698 -0.0174808296071016 -1.124720252528129e-19)
(1.030692235596767 0.008381622277795433 0)
(1.514736542876249 0.08850170670136565 -2.844387451536113e-19)
(-0.004482407503362572 0.05002893972418613 8.423958931628952e-19)
(1.096210622451963 0.05241573738918592 2.142297703223681e-20)
(1.092140688210192 0.07876114730976314 2.078074125290921e-19)
(1.009753832601612 0.008739893629324492 -6.191599115125039e-21)
(0.008876125637805701 -0.1158351270416351 -4.906314982387994e-20)
(0.02366934526290721 0.1051013840251619 3.625228711998817e-19)
(1.224504788132801 0.1443920935949326 -1.609702428078346e-19)
(1.099043871371264 0.07989995483026507 0)
(1.087603732821279 0.02564295230292527 1.736284289246959e-19)
(1.007078275483115 0.02217066966335984 1.697488741505758e-19)
(1.029083478206417 0.0006635424186709049 -3.688462016721496e-20)
(1.215523294903425 0.1502278916294132 2.575247668483602e-19)
(1.395646756645956 -0.1281161280947049 -2.054900032616618e-19)
(1.065689934983871 0.05021657114792451 -7.124785853287481e-20)
(0.9934208682592691 0.006852671446351646 0)
(1.079172998295809 0.06637870289761638 0)
(0.9817974202687338 0.00595007735386528 0)
(0.9921419732451527 0.007205643796721822 2.415356975365577e-20)
(0.488767922561565 -0.07086198185692048 0)
(0.9929296495782528 0.005864340436661943 2.954909388309197e-22)
(1.291255510908976 0.07952839443549405 0)
(1.004941267688003 0.004635342841767161 2.222896168477036e-20)
(0.7948696220774601 -0.119667324744426 5.673295616604658e-20)
(1.091060184301283 -0.01429077556416732 -8.446011715914952e-21)
(0.9397138951761678 0.01655385208164125 -1.76544670168625e-20)
(1.43684048552086 -0.281114716376425 -5.274529695636885e-19)
(1.131624231591955 -0.09071388708895521 4.687683789581898e-19)
(1.088701077414985 -0.02523026972133151 0)
(1.935307651162233 -0.4714629812483332 0)
(1.625724179651963 0.1900648450631245 0)
(0.9855214821641137 0.003209002364504802 -9.733921391122331e-21)
(0.857932823760964 0.7725214854642622 2.386321465871919e-19)
(-0.01069590087193512 0.1885482370505024 5.336641198933969e-19)
(1.039640281424874 0.005376970844974668 0)
(-0.2165084372266334 -0.1129616975094464 2.110494853927995e-19)
(0.9837068496349758 -0.003756626278829895 4.121819537113936e-20)
(1.179888279911487 0.1613772496600756 -1.614375550082745e-20)
(1.044686895550349 -0.02201994846101456 5.625294415115359e-20)
(1.043637951005707 -0.1376951157624717 1.359368754758893e-19)
(1.13751704291091 0.007477614859824925 4.366224283920784e-21)
(1.098919172712178 -0.005298087839499624 0)
(1.308366985864038 0.529516271773862 -6.009576455682017e-19)
(1.029338892301601 0.004764272122892312 -2.058829611917973e-20)
(-0.3210269933962293 -0.03720307549806911 -2.034866132975195e-19)
(0.6794694442520295 0.01844492558969119 0)
(1.088644876014025 -0.6991682808820922 -4.844996603852384e-20)
(1.311292733200491 0.08561556102787535 -1.100960927866144e-18)
(1.115087462580059 -0.108584226756534 0)
(1.086672281471021 0.2783507856995334 0)
(0.9723738804016864 0.002996352454435562 -6.155918278674012e-19)
(1.065937419653774 0.006106317999676275 -4.232910087718049e-21)
(0.9245725702987316 -0.01214849634175495 0)
(1.090642807101758 0.03085258395580732 -1.759662800740357e-20)
(1.371563474906929 0.2162129407877136 -1.873812151633327e-19)
(0.732344236697693 0.0962911653660805 -1.052333855508395e-18)
(1.079065234822733 -0.0006737047993391474 0)
(1.262913380369681 -0.05710389870286044 6.985194851809848e-20)
(1.005446999684803 -0.0008602740256145832 0)
(0.850267801456278 -0.7765203971594041 -8.01739194732736e-22)
(1.082109282080363 -0.05204355624995328 -1.107244341880507e-19)
(0.8756028213252657 0.3236475188393169 2.942608347462734e-19)
(0.8257567059013441 -0.1958583033570631 0)
(1.03186228708751 -0.03505556785831098 0)
(1.05485674368897 -0.02792902059787802 0)
(1.006355360106935 -0.003465119408022343 0)
(0.9812046081694592 0.006187161763114076 0)
(1.340655943049293 -0.234921029694973 0)
(-0.07652148732979999 0.1338933177975647 2.502804705095201e-19)
(-0.0141564888861863 0.08230631443654432 -6.055736449363e-20)
(0.2177194224628199 -0.09909009261619474 -4.360646023808821e-19)
(1.521601859231131 -0.4392150187937491 0)
(1.034835166260109 -0.01675372465764315 0)
(1.773712313733629 -0.7594985340473228 -2.354001556169208e-19)
(1.140195009458226 0.008059850668857935 5.690948682550898e-21)
(1.323820688743219 -0.08883104810028317 2.797799362391441e-19)
(1.10650272862137 0.7079306391222415 1.447402431310653e-20)
(0.3381262570172315 0.5914203963814191 -2.247214640980133e-19)
(0.6757220139221825 0.4573253986781396 -4.799517817824747e-19)
(1.046092771525807 -0.1472594399990537 -2.384791792939667e-20)
(1.227070462920669 -0.3609181698268895 0)
(-0.08953168279026978 0.1910338084889199 -7.196055417759967e-19)
(1.046467699306271 0.0237101423941908 0)
(1.104671183064176 0.02705775306163757 -1.527880807924288e-19)
(0.8133080005933094 0.8941589592853721 0)
(1.069667862277568 0.03321909840525927 7.343669437310874e-21)
(0.2849192891791175 -0.07150170464825288 0)
(1.105086630631242 0.0211671100024308 2.415534235547682e-20)
(1.368934252942918 0.3240999087390911 -5.543199184703796e-19)
(1.074888324246958 -0.01173468689665483 -1.643421288524757e-19)
(1.468717692904149 0.1597467209539566 -2.519463491358106e-19)
(1.329951560197397 0.417839550993468 0)
(1.168042646943988 -0.2649839431826964 0)
(1.304151595882784 -0.1320926858444863 -1.210161991029687e-19)
(1.066841763322521 0.01619896574889837 -3.326122185587994e-20)
(1.060580136219548 -0.01207628571791034 0)
(0.7450832962784592 0.1454161094475702 -1.142919212840725e-19)
(0.775301140680028 -0.5782904823529168 -5.637501650779759e-20)
(0.666699763393003 0.202256302549589 9.611318774529034e-19)
(0.9968110978963667 0.1204952001537987 3.54894907802428e-19)
(-0.004654794865386728 0.08285681905389045 0)
(0.589258748989224 0.02028005614228071 -6.869001668607164e-19)
(1.059631360744038 -0.03908452633066159 -1.877179338177345e-21)
(0.68770384515781 -0.1164358478733963 -2.757518701355789e-19)
(-0.0009951769724988132 0.2146364111495239 -3.054126115777427e-19)
(1.181506629294589 -0.07549688720611568 0)
(0.4050943306220179 0.01656671110985535 0)
(0.1602989007798412 0.369624643409845 0)
(1.437826085236542 -0.2589717321227901 0)
(0.2346723540904695 -0.3592739023699432 -6.383041201496888e-19)
(1.598212827326364 0.03972912911476883 -3.903672019612162e-19)
(1.026239780038282 -0.2025188058167472 0)
(0.6846911896577009 0.01526730198721336 2.571528441562614e-19)
(1.025054028363017 -0.01062926097534343 3.49166599300332e-20)
(1.137222768360425 0.2353735043688203 0)
(1.728689147194687 -0.110544705614834 0)
(0.5818969236565822 -0.738315406002848 -6.873944434771991e-20)
(1.272192404606427 -0.1048225044968487 -9.984124437325354e-20)
(1.405980600769602 -0.08297729565848305 -4.281538773497494e-19)
(1.482091783956768 -0.0637132642337475 3.637038485396206e-19)
(0.09396211020969761 0.09826029362051174 0)
(-0.1369033914683452 0.08401682374066498 2.724422156090748e-19)
(1.03860631850546 -0.06365735218794585 -4.248671822600991e-21)
(1.120874991094056 -0.1407888786884616 0)
(0.6414120871737079 -0.3579775377937636 5.188139687666488e-19)
(1.049198331910046 -0.06343109851978256 1.46592303454884e-20)
(0.8358553388961157 -0.1346768768377056 0)
(1.313498526922739 -0.1287492377861971 -1.006011122528651e-20)
(1.115190658006485 0.08314842505221101 -4.354697071110216e-20)
(1.090952250438765 -0.004988943117764023 0)
(1.126115485844433 0.5691859872808571 -1.104452028469639e-19)
(0.3428882753453135 -0.6006911161984839 0)
(1.060390351415695 -0.003241931939855444 2.824154233862183e-20)
(1.09713439969882 -0.00483224194114983 2.637260746560029e-19)
(0.07551650280983493 0.1525983844406801 -1.6477969227989e-19)
(1.1792057574005 0.9999295268077176 -2.224661613647688e-19)
(1.370165858809499 -0.1379086784046618 -8.892515760074265e-20)
(0.9431342380859713 0.1309381826079543 6.112199916520899e-20)
(0.9983415536533815 0.003463277327205469 1.049839842868136e-20)
(1.047923551679189 -0.1410401011764024 1.760342578647429e-20)
(1.510051508575581 -0.9502265803118931 -5.263996858626491e-19)
(1.53096032126226 0.9489148966850556 2.356715407324192e-20)
(1.433512104796509 0.2262435293152013 3.425559710163289e-19)
(1.028884592210498 -0.007358338973078439 2.053735130863791e-19)
(1.035530188454832 -0.03312785381368191 1.658542927397614e-19)
(0.9922332390380353 0.02162499838309591 -1.935119634795572e-20)
(1.057687191727385 0.03866937079686848 -1.445225654956374e-19)
(1.079342475151802 -0.06547818207901768 2.969758463790107e-20)
(1.433750662676266 -0.132750399474149 3.369768505303825e-19)
(1.81763504696605 0.7476782016573966 1.863327536850021e-19)
(1.036037347443037 0.02960858266709545 1.015470950266163e-20)
(1.071850512193926 0.0142516480350118 -1.050600197007386e-19)
(1.984730239022599 0.4775760163452143 5.343517665879668e-19)
(1.926781941270938 0.160598728367417 9.302462218167784e-19)
(1.079805159001952 0.637407030898461 -9.602782636007556e-20)
(1.10883817905762 0.1712621508514909 0)
(1.044104636949564 0.0231359008002095 0)
(0.5101533925996167 0.4375570882617668 1.17131506942639e-18)
(1.377161586280744 -0.2992308758764574 1.887297738630636e-19)
(1.195868083029733 -0.1456670164498568 0)
(1.631485866769325 0.2357272716199214 -6.16548753681546e-20)
(0.8003912458779333 -0.1477419283035506 -1.271135009108713e-19)
(1.328396831463692 -0.2095051644848407 -9.114867493935428e-20)
(1.248590501311763 0.388938258914434 1.426690005502063e-19)
(0.492598604660803 0.1944653099861471 -5.620231009844893e-19)
(1.686299697950654 -0.01958264330586325 3.279289887577431e-20)
(0.8570043953499143 -0.5462739520735865 2.188170572815512e-19)
(0.9988358665009134 0.02303481130181056 0)
(1.616717824469815 -0.1850244795640676 -3.08848334460559e-19)
(1.089705428128098 0.100456985367784 0)
(1.337388713132952 0.5801396115836676 0)
(0.9431673201919735 -0.4152494786303603 -2.743362675988795e-20)
(1.247419599394763 -0.0246131405023375 0)
(1.038589171729299 -0.003616701138328239 -1.240078111388425e-19)
(0.7325497890206014 0.1106584640132869 3.040273356970382e-19)
(1.325561186448427 -0.58251099187699 -5.615279129133616e-19)
(1.053386179355534 -0.6344914195099114 1.210281929071794e-20)
(0.3520269552788489 -0.3801238006932153 -8.747159389815847e-20)
(1.007380063553531 -0.09623212386281649 0)
(0.4459263718979171 0.3001964801601 1.686655619651696e-18)
(0.3193889384627198 0.05705480998565271 0)
(1.306695035864456 -0.1321254639617422 8.071406063777841e-20)
(1.57884788013048 0.1916434119438913 0)
(1.165400685164748 0.4459123344940547 1.320150686472878e-19)
(1.052787751744447 0.152514755056074 -6.655999524113676e-20)
(1.031763427998282 0.004650553137686868 -1.988907504224026e-19)
(0.9559314068145051 0.4080572040776563 0)
(1.164231402834899 -1.012625926132795 5.897221545997833e-20)
(0.891083916276951 0.008818028264937817 0)
(1.068054534701834 0.3780359364530996 0)
(1.060201958594777 0.02744626973065494 -4.407711321100271e-21)
(1.47443406044886 -0.2998647505448934 0)
(1.244824870836477 -0.1853075194611377 -2.977591693862675e-19)
(0.002179449305304913 0.02741414521937632 -1.940956931209248e-19)
(0.2385376792322816 0.01560670253628248 8.858025505267155e-19)
(0.9813307703683133 -0.09940337245764271 0)
(0.471411198251093 0.6446959004192339 -2.560930500214983e-19)
(0.917391153311834 0.02928146181163032 0)
(1.535837177982559 0.414483030277275 5.459997077311092e-19)
(0.4944259076640324 0.1612659972025316 -6.464462225194637e-19)
(0.01713270189302923 0.186674961331902 0)
(-0.4353564450092106 -0.051531378875408 0)
(1.032431146542998 4.78347763629949e-05 1.256662965491312e-20)
(1.660598212285968 -0.2266107640983467 -1.105827686199676e-18)
(1.110805960790322 -0.5644153710372279 2.402716789724514e-19)
(0.7811544838557595 0.3316588172500386 -8.777410455914893e-19)
(0.9387580384737888 0.1474099835375404 1.540708459861178e-19)
(1.043653991234254 -0.003635117094959991 0)
(-0.30389599463283 -0.1335495959909308 4.060019742175839e-19)
(1.033299178706253 0.04667159672212157 0)
(1.191210816586168 -0.2383914441680325 0)
(1.559234628335358 -0.1871290781770633 5.103389518352914e-19)
(1.122116827548264 0.07789501070660913 -7.562587138684928e-20)
(1.062283716594122 -0.1389162772722023 8.177578324475006e-20)
(-0.0445583148345438 0.1072200507690376 3.464049134065161e-19)
(-0.08470148304529884 -0.1474757736147001 2.59035561383367e-19)
(1.076991458066276 0.2144400412399155 0)
(1.095002988084057 0.06074116550128333 2.139735445038574e-19)
(1.496502802543314 0.2878954582423958 -3.637558308992627e-19)
(1.324622968805544 -0.4884332879993948 2.381989129203968e-19)
(1.157385807054246 -0.1434898960254549 0)
(1.120436970659919 0.1502091408640892 0)
(0.5277298256815215 -0.6922599533718891 4.11025478478485e-19)
(1.311786299334415 -0.03793384843393165 -2.954266026742559e-19)
(1.013223043506929 0.1031470107812784 2.570261274968069e-19)
(0.3127823027889964 0.3526052732471482 -8.941886497755131e-19)
(1.034241350280253 0.109063483113658 -4.145957941431247e-19)
(1.038094975635718 -0.3975299009574134 -4.586124092241535e-20)
(1.458198687889493 0.1086829734123383 -6.491032410374893e-19)
(0.7812902290528044 -0.8873964926672152 0)
(1.056852783205594 -0.03066800218920182 0)
(1.14459563591798 0.1780430209777632 0)
(1.614452009061496 -0.03990449565740942 0)
(0.8135430498456472 0.5917140996943717 -2.085626046499819e-20)
(1.494107777475567 -0.3579815956130782 4.567116118088376e-19)
(1.538972673024087 0.1468654696829305 0)
(1.137367162723376 -0.4604654911879189 -1.675567796135533e-19)
(1.459130701160962 0.3430006042777975 -3.531314317485919e-19)
(1.009380947160818 0.02777664173017949 0)
(0.2093807747787135 0.002367758161725689 -2.451282538415509e-19)
(1.334480157049075 0.509291039798673 0)
(0.9782178135138357 0.007597823719015981 -3.949733709930905e-20)
(0.7637870314637244 -0.3030219450231432 -2.056262021724364e-19)
(0.5085153639253268 -0.0846037449932117 7.876437125553721e-19)
(0.2145901924661153 0.06534805249630253 3.617150425281081e-19)
(1.062384095302098 -0.1389669293892547 0)
(0.04693783998763712 -0.00124916220785343 0)
(0.3441667264721079 0.03780589602819485 -3.02656458982295e-19)
(1.005719793506984 0.01722041280770964 0)
(1.4512580404511 -0.00736407780411636 0)
(1.007002727502923 0.02811674756563247 0)
(0.4694865341812572 -0.2767744062287524 -1.003235570525215e-18)
(1.048762172402149 0.08837949923270759 0)
(1.521987181377878 0.04142765237349155 0)
(0.2180228054551481 0.130475779901187 5.468021576956289e-19)
(0.8803686194519466 -0.3240474949419092 0)
(1.364629900516029 0.05317107927744107 2.678213141902943e-19)
(1.23677710631053 0.2042751995338623 2.047004115840861e-20)
(0.8970279791625978 0.5519740855404497 1.58029667597152e-20)
(1.033428600617178 0.09879109238102658 4.959433296122612e-20)
(1.032677490288819 -0.1495768593424867 0)
(1.365684394319228 -0.02197171722172975 0)
(1.289923522348121 -0.1179433205833535 0)
(0.6246887937700195 -0.04243810115719279 -1.363323573941751e-19)
)
;

boundaryField
{
    FrontBack
    {
        type            empty;
    }
    Top
    {
        type            noSlip;
    }
    In
    {
        type            fixedValue;
        value           uniform (1 0 0);
    }
    Bottom
    {
        type            noSlip;
    }
    Out
    {
        type            zeroGradient;
    }
    circle
    {
        type            noSlip;
    }
}


// ************************************************************************* //
