/*--------------------------------*- C++ -*----------------------------------*\
| =========                 |                                                 |
| \\      /  F ield         | OpenFOAM: The Open Source CFD Toolbox           |
|  \\    /   O peration     | Version:  2412                                  |
|   \\  /    A nd           | Website:  www.openfoam.com                      |
|    \\/     M anipulation  |                                                 |
\*---------------------------------------------------------------------------*/
FoamFile
{
    version     2.0;
    format      ascii;
    arch        "LSB;label=32;scalar=64";
    class       volVectorField;
    location    "1642.5";
    object      U;
}
// * * * * * * * * * * * * * * * * * * * * * * * * * * * * * * * * * * * * * //

dimensions      [0 1 -1 0 0 0 0];

internalField   nonuniform List<vector> 
808
(
(0.7562687699977548 -0.01752329197032056 0)
(1.031278691191381 -0.01249572344776269 0)
(1.115546187298581 0.0002708290635043617 -1.77748528655976e-20)
(1.085130334741547 0.01257273173809863 0)
(1.360625681802289 0.01419675263673771 -3.849045576465562e-19)
(1.038658809929121 -0.009399463797606408 -7.228824431318947e-20)
(1.014110607872434 -0.02027752299352826 -2.376045275892257e-20)
(1.078739505453361 -0.004711327078875785 8.951483000170409e-21)
(1.252110240518597 -0.02097554607560663 6.294823424969384e-20)
(1.084740063945004 0.00883667508089823 0)
(1.010632031572862 -0.0124614445440397 0)
(1.303368287445406 -0.05355396957507904 -3.493421359014123e-19)
(1.086164805718734 -0.001601393518161595 2.034020609728126e-20)
(0.6750700498924036 0.006401180865338797 0)
(1.280567996185408 -0.1228031158270768 0)
(1.081894814573217 -6.868788364572585e-05 -3.82834352417059e-20)
(1.230080940646675 -0.1534872533632388 -9.911561205329525e-20)
(1.074409503631348 -0.0002527091209079635 3.17204577835964e-20)
(0.9904756762186613 0.006517708010105498 0)
(1.026959043791378 0.009162205544885031 0)
(1.039053515434234 -0.0157088056664643 0)
(0.9875497794812376 0.04526726768211793 0)
(1.051040493127058 -0.00622046645989322 5.697192280833193e-20)
(1.053641787720395 0.008219704717228528 0)
(0.9337657192575446 0.1997873237075784 4.577660877976137e-19)
(1.162445537166044 -0.09104362192835155 0)
(1.184268578667783 -0.01953882362651838 1.555459305749067e-19)
(1.077192982633828 0.00955314293691612 5.222251621889064e-20)
(1.084124480796125 0.001823024425699538 5.090363985308006e-21)
(1.072005230751925 0.0309860538987622 0)
(1.07552779449457 0.002521584474572818 -1.179354905949966e-20)
(1.033412804207689 0.006245424418847212 -1.902953651246111e-19)
(1.059942015636209 0.0146662293173112 -2.382774948090467e-20)
(1.088838372419916 0.005283793104026436 -2.931220454605781e-20)
(1.120489417396916 0.03640608758905486 0)
(0.7549291334820122 -0.1201513612770804 -4.54752176653236e-19)
(0.9544182274698155 -0.005733884983027566 0)
(1.068940273985658 0.02243696210436162 0)
(1.068834897835406 0.007240250413701067 0)
(1.073688153054043 0.0086688514592823 -2.823248321280821e-20)
(1.092709748712449 0.02257751764469402 1.088790551134642e-19)
(1.149623831913884 0.002205427872838297 2.134805860783524e-19)
(1.095557394139526 -0.002455833508298731 0)
(1.015582140411797 -0.009355097550577323 0)
(1.127597695560188 -0.0974832968921065 -1.658626032295169e-19)
(1.044059714223232 -0.01180063567335583 -8.204858253793043e-20)
(1.058404622038344 0.02669232446873163 -2.767574635752137e-20)
(1.229149311625695 -0.111890578619683 -5.593694764431638e-20)
(1.067669806423702 0.01220879275390916 -4.144736810051167e-20)
(1.255386432100058 0.01578834606154564 0)
(0.9972196512705831 -0.0182186118670534 2.121653029894587e-21)
(1.044598358688388 -0.002560034330971075 0)
(1.087300472173871 -0.002366226442628756 0)
(0.9975873288795427 0.00763401279663147 -1.912771502181738e-20)
(1.252760960913999 0.03302690059099402 -2.365260310453309e-19)
(1.063731828554058 0.0183911960949137 5.979130431570102e-20)
(0.9882263558458541 0.009960184001464471 0)
(1.015405139440501 -0.01045304629915142 2.513749567134584e-20)
(1.106826072379527 -0.001571367300915557 -1.168999843229244e-19)
(1.061732171139029 0.03128048811981334 0)
(-0.06747157610375069 -0.02774451434855026 7.360087948178029e-20)
(1.153625311455615 -0.05207055305008316 -1.869871453295337e-19)
(1.001776253485759 -0.007979377091591645 -2.7626381364401e-20)
(1.185145196864386 0.06447263932288473 -1.204853408286852e-19)
(0.9974983108613295 -0.01068938162268119 3.040199456140673e-20)
(1.083816189754828 -0.005520056900540207 0)
(1.244030792758878 0.09237035104018088 0)
(0.696027752590155 0.003173213358598502 -7.469775796527645e-20)
(0.9893814859532142 -0.01595035760058113 -3.16666476172253e-20)
(1.456777425100725 -0.01850140426365207 4.433097798374439e-19)
(1.060678348855311 0.007560731677693402 -6.650602044528973e-20)
(1.364317321428566 0.09538912013495802 2.876405161367793e-19)
(1.054826775410701 0.006733197790431422 -1.871529215425072e-22)
(1.081048106024726 -0.01415973677606973 -4.02816636395526e-22)
(1.162707923121385 -0.2348695087900669 0)
(1.022690149416541 -0.0146533110130138 0)
(1.017997709772364 0.01778775872051391 -3.049797083424659e-20)
(1.389469856403807 0.3500091746598502 4.212571398092901e-19)
(1.097179498466435 -0.04206389050745701 9.433377066885318e-20)
(1.046739842630811 0.211173248252876 2.445626702650472e-19)
(1.123238975472123 -0.06334285930802064 1.16968496258004e-19)
(0.9221340459745401 0.005196858584791216 0)
(0.9755005414857564 0.01859142769739013 0)
(1.004000884705987 -0.04852899759827521 3.023055173059822e-21)
(1.010816790537086 -0.01352538566193941 7.56860311930604e-21)
(1.031243142853874 0.02596280929577921 1.370795382240223e-20)
(1.5256534360321 0.03539588750202094 3.239114746867992e-19)
(1.291776583818532 0.07063787943913578 5.576208296934926e-19)
(1.07272459679884 0.00290422048390897 -8.968030624478575e-20)
(1.196569048397911 -0.09936634398789407 0)
(1.033960771283809 0.001482123211727642 1.308250598089699e-19)
(1.163609925795035 0.02039415932670062 -3.155648242652096e-19)
(1.001517611227325 0.03249422470190895 0)
(0.9996301480008163 0.00197718995880669 0)
(1.044171000615154 -0.0003717543741813144 7.877384146501482e-20)
(1.2130463775206 0.10131537284678 3.994234160413175e-19)
(1.011132930935732 0.006940708507089381 0)
(1.08766477213259 -0.07091596960457679 -1.064492649978434e-19)
(1.149803236592117 0.03511086541618941 0)
(1.211096224481145 0.08946525366646629 -1.882475225827901e-19)
(1.10817739710974 -0.02866817512881303 -7.712510225422892e-20)
(1.028028031730993 0.01166361121698192 0)
(1.085484131859052 -0.004657868484666978 0)
(1.02026937326313 0.02586437993160742 7.953254405896061e-20)
(1.075479173994583 0.05424297759590896 -9.188026064729763e-21)
(1.103626847899296 -0.004388460648116878 6.348935609883519e-20)
(1.104294950821782 -0.09569206273628922 1.542328249207462e-19)
(0.9599232243591428 -0.003548055754345863 0)
(1.066514191368376 0.03145934624059058 3.756425688324503e-20)
(1.167385529122025 -0.07631276040460575 2.285118083695145e-19)
(1.054076115739968 0.04553857202723362 -2.874794632406794e-20)
(1.022952561607232 0.068019401678607 3.677438934660803e-20)
(1.090643760955015 0.02626036254883959 0)
(1.012688189815204 0.01465501007452823 0)
(1.028963913936013 0.009408936419491719 7.888327897201645e-20)
(0.9486188488522865 -0.03224232678288402 0)
(1.053353864761999 -0.005557609084071317 -7.589634559380448e-21)
(1.338816927422096 0.05756164818741356 -1.562476401557471e-19)
(1.079738324038195 -0.01333785572961099 2.605330667134443e-20)
(0.7442112418772909 -0.001786701494788046 0)
(0.5375131224462399 0.1573334083479113 -9.428140633843095e-20)
(0.7058214198540109 -0.002503752806315531 0)
(0.699123528757628 0.01467631327172884 0)
(1.077836848255335 0.003460687338616769 -6.567249656633784e-22)
(0.9906380900099813 0.01443812142486394 0)
(1.28109272469861 0.1225662816289413 2.526108274617503e-19)
(1.012236075786037 -0.02797001588555854 -7.545345826724206e-21)
(1.038724460341512 0.01870466342285316 1.275463493881618e-21)
(1.058376854954923 -0.01235662513426369 0)
(1.126355260809916 -0.009259256898436076 -5.060587324471314e-20)
(1.258525455679282 0.1244590204678714 -2.160923182411872e-19)
(1.088781378921032 -0.0109601087158365 -8.504602046371151e-20)
(1.070810243248344 0.02503654269297505 -1.079204610576485e-19)
(1.041061721123329 0.04676346771746569 7.227623707175691e-20)
(1.022316132611977 -0.003535517417838323 -3.453323373824832e-20)
(1.061406190080158 0.02366756761441126 5.845862489883081e-21)
(1.13657253323805 -0.001829764652689222 1.064433918090446e-20)
(1.041101982195139 -0.01254943550525899 -4.67112437419572e-22)
(1.087738882705943 0.03483033394341017 0)
(1.028772563604533 0.01334408318701187 0)
(0.7905452963310777 -0.07299737555474095 -1.847446309654425e-19)
(1.030270592871668 -0.002136932623914668 -6.663672422426333e-20)
(1.137734467035978 0.002065363258443395 -1.305068143375115e-20)
(0.7035493874174218 0.006547045334862244 7.252544026610885e-20)
(1.176218948794886 0.01901033522877447 -1.94813197248539e-19)
(1.12818990334381 -0.00418921215976851 5.799611537513489e-21)
(1.129051002611298 -0.01010763982144261 3.401423793813402e-20)
(1.000937672933807 -0.002987864464898335 -6.982691085653335e-20)
(1.09415916527989 -0.06027635011466982 0)
(0.9869650091116131 -0.0003485475077049354 0)
(1.057992062982358 0.007048398023014046 0)
(1.006179166525314 0.1896901360997039 -2.394897754955333e-19)
(0.7795320566805841 0.01242529982553699 0)
(0.8570078851258405 0.1034512456762606 -8.275339438718147e-20)
(0.1033649344422068 0.03612370519911852 -3.046565064282541e-19)
(1.173134897695734 -0.03231258793203746 -2.264740569826087e-20)
(0.6712486456051053 -0.007369218645221145 2.443230517814019e-20)
(1.163567857182877 -0.1062179609820117 7.007471807865942e-20)
(1.128900460647879 -0.0009074696281283489 -6.138957034997988e-21)
(1.154838530932909 -0.05094645809980956 2.200775208988135e-20)
(0.07671803734246814 -0.1897653355610554 0)
(0.2658701943771585 0.07013480609524633 0)
(1.254062987809086 0.1058263230613005 1.864100026582572e-19)
(1.021590386798404 0.01988412961854176 0)
(0.7375508627837987 -0.006323752084898441 0)
(1.074859372249308 -0.01173783198195897 2.706122626078749e-20)
(0.9752481079907526 0.002854517766159644 0)
(1.287255068851548 0.1213089675040816 -1.453349353579475e-19)
(1.057398788518487 0.01112588449393754 0)
(0.9924209227827333 -0.008204616633243898 0)
(1.065328579140058 0.00802796476427484 0)
(1.006241368909641 0.0208897910523729 2.040873520186218e-20)
(0.9227834094568955 0.003448095149762533 1.237821488736795e-20)
(1.175155261539555 -0.1988418947552767 0)
(1.00498633683716 -0.005231427515604568 7.890256442915466e-20)
(1.059233319605005 0.006148360063034425 0)
(0.774546465508646 -0.0033538163125289 0)
(1.215630923044924 0.02634886609898967 1.632947633715407e-20)
(0.7051329483638187 0.001334598250913296 0)
(1.431500563444998 0.08657076119769119 -5.191891915309519e-20)
(0.9935384352967472 -0.005941688752888483 1.65839840218421e-20)
(1.275937447331761 -0.003652944745503673 -2.975041988884125e-19)
(1.060057855772631 0.008807918104751976 1.349444139784265e-19)
(1.000897252498378 -0.01357950638998635 0)
(1.214315120734925 -0.1548660897532196 2.034195390202466e-19)
(0.7331688215386141 0.0137900887923647 0)
(1.097969624089397 -0.00506155684380939 0)
(1.154258484600958 0.06408235451494253 1.936710404886856e-20)
(1.006439125862544 -0.007229936779660812 -3.028470374867182e-20)
(1.121848893787839 0.04940673676447956 -1.722218867928189e-19)
(0.1572759886084386 -0.08873725280477883 0)
(1.073781810932411 0.03703029564788301 0)
(0.6615009765566563 -0.002887549297936338 -5.78213695165888e-22)
(1.012065827169808 -0.01972379733741409 9.245426816958527e-20)
(1.061836985490242 0.0007402733192815995 0)
(1.087789831836887 -0.1379398578453649 3.790576503861105e-19)
(1.002476925124343 -0.006162129509125099 -3.38084543485935e-21)
(1.001999659475845 -0.004146020963158765 1.30064722357082e-21)
(1.094026137211995 -0.009201534762675984 0)
(1.020795429187537 0.02016644332491818 -6.505671132360952e-20)
(1.106825515624259 -0.001679532834736712 6.44300563149292e-22)
(1.07380477974846 -0.01071217053171498 6.557429539125385e-20)
(1.085685619996396 0.02230101488906788 0)
(1.325014570316869 0.1605440355325829 0)
(1.002077184353835 0.0004646990960800762 4.411146827794391e-20)
(1.323236968295928 -0.1317509349240994 1.578375907277519e-19)
(0.01942435849559992 -0.1394901980216839 -2.4069456258551e-19)
(1.071224327932542 -0.005512822752711 0)
(1.11500091947502 0.0007156478223288527 1.212348075629902e-20)
(0.7269381427122095 0.01785762926965314 0)
(1.060029349092972 0.004585901814787506 0)
(0.8647975350889744 0.1639102510193316 4.689165514439716e-19)
(1.277057764495106 0.1180026211785537 1.819859745345577e-19)
(0.654118938648344 -0.00311664181059097 -6.39236292493893e-20)
(1.04173116057993 -0.001994380395387062 -2.777662541659532e-21)
(1.054961487603459 -0.0002468571883324223 6.531702901421778e-20)
(1.359108352501865 0.1206347428566145 6.650193634422838e-19)
(1.337887724976522 0.2528507853719912 0)
(1.057431422532775 0.006825903554438325 0)
(0.995279016633952 -0.005833980704991969 1.42219004830275e-20)
(0.9947189266818453 -0.007274483673173404 1.584536361324565e-21)
(1.385896531205865 0.2000709910864097 4.302279313516111e-19)
(0.6817147042492517 0.0006430124319403709 9.876452137193672e-20)
(1.005684370401754 -0.002059196267036752 -5.980135486831571e-20)
(1.097978915021117 0.01309018922294639 2.545769114165839e-20)
(0.6694609130148506 0.004991131545363557 0)
(1.066081697297619 -0.01203283432313036 0)
(0.9896285525057036 0.1243382863971421 -1.282622796885456e-19)
(1.081866322773302 0.004179340328470949 -2.510086640579692e-20)
(0.9819319864191886 -8.59296200208362e-06 3.2957351364936e-20)
(0.9912108413631122 0.005996085569313863 0)
(0.6382142145699946 -0.001156958809944405 0)
(0.9768561846544876 -0.001299957791548925 0)
(0.6419646559030071 -0.001459296231922952 2.711049438052605e-21)
(1.08736887689287 -0.05744846800773781 1.211290938744985e-19)
(1.109978531880854 -0.00308149774595514 1.210675230182025e-21)
(0.9580811174249098 -0.0009021680238412402 3.901339151181149e-20)
(1.016220223548824 0.01081723198766742 1.681064152689349e-20)
(1.063772356925184 0.009905799743257586 -2.157613283696884e-21)
(0.6348187567076461 0.008846747368615352 -3.635441638238087e-20)
(1.002540080253542 0.01276758727263673 -7.130897609776865e-22)
(1.036264287761812 0.0125693592295316 5.004336184132196e-21)
(0.9875411185241618 -0.005209759891930052 0)
(0.6100832866300704 -0.0004641474642357403 0)
(1.068878314060027 0.02271677730649881 0)
(1.015742883146716 -0.01589182575072533 1.054394795834545e-20)
(1.021689711120381 -0.001792434489832045 0)
(0.9926923295966853 0.01498123764323491 -9.35598904798964e-21)
(1.01164789621892 0.006932836165089567 0)
(1.130753501437476 -0.004660545652199091 -1.268249297844881e-20)
(0.03252320663633992 -0.1375664848988377 -4.498716107938987e-20)
(1.035584798758036 -0.01571043773715992 -7.441951562668754e-22)
(1.045892949167171 0.009136661314329877 0)
(1.087763200083478 0.066453581496408 8.387053034884118e-20)
(0.9694286199132766 -0.0008481973069842813 3.117684281892331e-20)
(1.020455270258819 0.01715099597366571 -2.293059610523117e-20)
(1.006371815709215 0.001121062442266222 2.430713130888266e-20)
(1.040424674386998 -0.005179577128230814 0)
(0.6409868018230654 -0.004037386683314209 0)
(1.025999808086215 0.02447792553568143 -7.717918187479675e-20)
(1.080264042076723 0.005747721202905587 4.941546795984607e-20)
(1.012500797348959 0.003514974349185721 0)
(0.9816888479793152 -0.001758804902348669 -1.907673535376748e-21)
(0.8677731303252852 0.02160445303086815 -1.46188754802573e-20)
(1.013949379146628 0.003059669744008721 -9.944940247009867e-21)
(1.026534790742338 -0.001195770485757798 1.778668551968039e-20)
(0.9781101011659511 -0.00137701924744604 0)
(1.006007298696949 0.008460188652645728 3.324954842409009e-20)
(1.106959226785573 -0.005178031001724808 0)
(0.9317120027215352 0.004403369630051778 -3.45182370169434e-20)
(0.957881753755774 0.007326145591261333 0)
(0.9066968036747697 0.2066919239813428 5.081942217237664e-20)
(1.011138898761935 0.06748960354609317 0)
(0.9912278424629597 0.003810029633687824 -2.314228068282754e-20)
(1.053167747310833 -0.05065605194192341 -2.734752243139197e-20)
(0.9923816180749313 -0.00143575113908386 3.367031793529063e-20)
(1.009139110797554 0.002131565647201343 0)
(0.9801015940832638 -0.0007085017339581411 -3.136980722299297e-20)
(1.17510817657864 0.09487689824378615 -3.30490301894335e-19)
(1.067769052360576 -0.2631356472650647 0)
(0.9948448302851993 0.00186353261288654 -2.20669267127436e-20)
(0.9809516108298709 0.009507422520205715 4.861089146228117e-21)
(0.9581674162413777 -0.0005200687177065482 1.066714683067296e-21)
(0.7460296340371974 -0.001099135597169449 0)
(1.11286464991054 -0.0739058966873279 0)
(1.007973722258297 0.0002848222863304475 -2.148347846070034e-20)
(0.8989362568048755 -0.002447901116599705 -1.07344819169961e-20)
(0.847755068705441 0.01249063450387615 5.877393128745963e-21)
(1.010065808443937 0.004361515920374303 0)
(0.9548375355699107 0.005076938699986217 1.603155890911854e-20)
(1.005817550584601 -0.0002121294769779655 -2.27218516401621e-20)
(1.023911995119041 0.00232550819838931 -2.514830481542022e-20)
(1.111347474311243 -0.006110863827892107 -4.897071779664063e-21)
(1.114306527709828 -0.004363923409092463 0)
(1.010905695620843 0.004193337575699045 0)
(1.025428860061062 9.01729756267266e-05 0)
(0.9506787655742135 0.01024935392063809 -2.153337542473086e-20)
(1.017885352020945 0.01315873469341675 5.514903404873168e-20)
(1.081890105653591 0.006901527645439894 -2.281522956067825e-20)
(1.036778906499119 0.006628226786114802 0)
(1.107320811196168 -0.005792755287152268 1.808487598244468e-21)
(0.996028848446466 0.001306635054192945 -2.216217935770186e-20)
(0.9811199136305915 0.003012773766148921 0)
(1.011219005252523 0.001909233933524575 4.692496174977148e-20)
(1.362706992781918 -0.3135402123599659 -1.123003935684017e-18)
(1.121454368604748 -0.04592985836041515 -1.101505236508971e-19)
(0.9754797105840687 0.01044067255430922 4.846335860283793e-20)
(0.7818710426095967 0.02488418458733273 -3.512395578555323e-20)
(1.220912375396423 0.04935281391756425 0)
(1.215008079206714 -0.1372181588827297 -1.472118239801313e-19)
(1.08312771583101 0.003320293444534463 0)
(1.009586642520828 0.001319343769903283 2.230678724594387e-20)
(-0.1786289430561193 -0.06836714295533403 0)
(0.9939716117590064 -0.004672068756384214 0)
(1.012359151761236 -0.02309183987105128 4.088752623700329e-20)
(0.7061398069556001 -0.0194125421461489 0)
(1.096802726177906 -0.01504375613946023 2.319081321941767e-21)
(1.04051165588642 0.000209350619079653 1.449666392313829e-20)
(0.6331267938683468 0.004182690661774248 0)
(1.445140644555918 -0.1230569759190951 0)
(0.9864477358714319 0.00208866601162272 -1.077747086853308e-20)
(1.069618744836768 -0.01495991056563278 0)
(1.038079186576391 0.0005657415908391613 2.11136917676525e-20)
(1.087808017018774 -0.002817762352195579 0)
(1.009234785027175 -0.00218171312156769 -1.217360782217468e-21)
(1.006245293590766 0.003159537983510494 0)
(1.0129382273921 -0.007766623019748666 -8.696050508089894e-23)
(1.003314812531043 -0.02009688706689826 0)
(1.033912183661143 0.0008487068680284389 1.854489027742275e-20)
(-0.2140183960891593 0.05295888586571484 2.746461929025216e-19)
(0.82235957224001 0.04049386800927526 5.798109396886053e-20)
(1.005271668026648 0.002370555294677412 0)
(1.125506856619205 0.02279529311162523 -1.316438518102323e-20)
(1.111746554930921 0.01381912392907847 9.597616555046623e-21)
(1.053826085530902 -0.01303701347953753 -1.306282049212664e-19)
(0.9987775509204705 0.01038583115263454 2.255029647075873e-22)
(1.083794955375415 -0.000260401833919046 0)
(1.186258098992591 0.04981029101916001 0)
(0.8351124717510434 -0.07381676497100917 4.604633114951823e-19)
(1.09869522037592 -0.01504844200959356 0)
(1.032678240497028 0.007978007072389439 -7.601956824066918e-21)
(1.042783695889803 0.005354003347246828 5.869780538781487e-21)
(1.050483125233169 -0.06031567367059475 -7.508684146760933e-21)
(1.140174478147234 -0.002432439809344331 1.701749640332916e-19)
(1.076876975871661 -0.0005808663082638525 0)
(0.9951339362251207 0.001662625923274184 0)
(0.9976259729240585 -0.02407575893315878 -2.312260795718076e-21)
(0.991633411270375 0.002898177892226916 0)
(1.028878964928056 -0.03733763465777859 6.445857768522218e-20)
(1.294439456251123 -0.09760459834080308 0)
(1.046222145493172 -0.01251322660038732 -1.16137374288934e-21)
(0.9861688284245974 0.01680680113070163 -8.858738807200499e-20)
(1.035533712444897 0.04209038561174794 -2.3616081174771e-21)
(-0.09200190004737668 0.1875068866008102 -1.680435992017336e-19)
(-0.06357244274166131 -0.2811335776828495 -1.373289752804629e-19)
(0.8568093501269328 0.1137096668110897 0)
(0.2820187548317853 -0.004416321610385628 -2.937381580552452e-19)
(1.013629699545584 -0.01909104929176006 -1.27255078909985e-20)
(1.064007948020512 0.002629997936106905 -2.08758070652908e-20)
(0.993497499118005 -0.020378741742085 2.934488169841331e-20)
(1.025201611956921 -0.02658007855105286 2.553431110868603e-21)
(1.008383230641562 -0.03070365413182774 -6.632820254694114e-20)
(0.9886916369765079 0.004909723567794813 -3.483822177174488e-20)
(0.9937690065492187 0.004286730799929882 0)
(1.024557625546223 -0.001800479651121601 -3.571595630028752e-21)
(1.931243617823222 -0.1556240212980392 1.068843624653453e-18)
(1.053191437889883 -0.01896449439014237 0)
(0.9962721623719011 0.007187015095723011 1.506963993124071e-20)
(1.003021360350218 -0.0003234380388904282 4.051414590967649e-20)
(1.177687099886888 0.14102317690807 0)
(1.00660227525359 -0.01777452982300067 -1.118631197430793e-21)
(0.9520702041632457 -0.0007630745779279344 0)
(1.037849604779491 0.04171861008218247 0)
(1.292488775223456 0.1554107423294635 2.175135957763812e-19)
(1.080245814181028 -0.009840832109290643 2.284131933684651e-20)
(1.017640800597273 0.03231621943872989 4.604541781577049e-20)
(1.07943409911848 -0.005111336376300019 -2.20240872922147e-20)
(1.056062303979467 -0.01583730876330292 1.537217173115106e-21)
(-0.384646933776992 -0.0347711003766447 0)
(0.9982017074454834 0.01324636282587894 0)
(0.1216024603245527 0.05853098261157005 -8.876459115926025e-20)
(1.005639524982508 0.0224250302237021 -4.067330730431129e-20)
(0.9988598137968987 -0.008483341940402176 0)
(1.00025240250482 0.005689872766039683 -5.001156102415341e-21)
(1.081626542239119 -0.04209281576962407 0)
(0.9956086376948974 -0.01874692882216743 -7.871149374178894e-21)
(1.090693825646063 -0.04667166291753287 0)
(1.4403624155621 0.1739074681519265 0)
(1.0542206215768 -0.01167391273761971 0)
(0.9917073854387813 -0.02293858249897635 -3.946194008776062e-20)
(0.9804642676957669 -0.02541702426088182 -2.465424401011601e-21)
(1.020229078066417 -0.01873829665639148 -1.930434253397603e-20)
(0.9973700031433568 0.01726915431949635 -5.504383617845832e-20)
(0.9952772605027419 0.009549036140888825 -1.468639458223902e-20)
(0.9942740576032618 -0.02622385848399224 0)
(1.002270891048603 0.02569046205592528 1.920183684366642e-20)
(1.03595699189127 -0.03044555248972393 0)
(1.11040630514577 -0.03627488623434268 2.558508586424204e-19)
(0.9951650509133128 0.01715878900091958 4.560693029838008e-20)
(0.615105041564818 -0.008676087744125051 0)
(1.14856506231503 0.1381224371501838 -2.615910886837619e-21)
(0.8341050972906265 -0.09815491450635021 0)
(1.139222727170828 0.07278305239804281 -2.756614046734109e-19)
(1.313352796744283 -0.3874108913445954 1.28073391252605e-19)
(1.076435301021993 0.06434992914626585 -1.327507345398418e-20)
(1.009962063033506 -0.02943485946837644 0)
(0.9548042758201239 -0.2138690525717587 0)
(0.5240559281267557 0.1571307993899303 0)
(1.01207690590714 0.01294824757456333 1.049628611183602e-21)
(0.7087726660374732 -0.01444281410713689 0)
(0.9980173910876062 0.01756874360297761 3.501614507735905e-20)
(1.021595783431869 -0.0006584299882207378 -2.686521225346655e-20)
(1.079176694042084 -0.008027267133247957 2.714760802862835e-21)
(1.043801751694963 -0.008621735667878754 2.995437143969226e-20)
(1.042861137354868 0.01083970160910326 0)
(1.054273602805135 0.02808872788732421 -9.934806288002072e-21)
(1.051587588947132 0.03468888442363247 -1.790105516290633e-20)
(0.9830196316758553 -0.02164557072465452 0)
(0.6249179832573826 0.005139558865476393 9.18263590874278e-20)
(0.8941770484488129 -0.005906302437090134 -8.857720160751503e-20)
(0.9093519866367191 0.005286189341140474 1.443321268859912e-20)
(0.6296035763560081 -0.006393061847002854 1.408574029216214e-20)
(0.9787856998997697 -0.0001586288184876316 2.599439945427225e-20)
(1.004437442479021 -0.01762385874685658 -3.392909795412755e-20)
(0.9673126624991385 -0.01120438500933726 -3.224097453913725e-20)
(1.085550796749692 0.001446760860285789 0)
(1.018747704859181 0.004654473254446554 1.085780989783544e-20)
(1.133326232606973 0.04827360106700863 1.330648750562839e-19)
(1.034027629997514 0.04244198088375846 0)
(1.022140616593294 0.002625262269266496 0)
(1.580700630482706 -0.1670745877119701 4.374037942282502e-19)
(1.03970257585589 -0.0267771223892111 0)
(1.021887418213016 0.0074740547778044 -3.638226918077452e-20)
(1.088169142401319 -0.004012694806437709 0)
(0.4844530750750916 -0.02040720117310177 0)
(-0.04186402261958194 0.006795068224495358 0)
(0.9900135533775314 -0.02364288561174062 1.234124807365803e-20)
(1.299305272920245 -0.09585687140761316 3.696382640038767e-19)
(1.033779839244291 0.03952866008415309 0)
(1.022605468557827 0.003359601481877261 -2.214748925141813e-20)
(0.9449273353335832 -0.1656684375018804 -1.157760759482105e-21)
(1.252641586697569 0.07427571534323671 0)
(0.5991781638178728 0.7326985431848971 0)
(1.306067336608796 0.1465330350911237 1.080367077030364e-19)
(1.67369122355696 -0.025474489162366 0)
(1.070779347642931 0.12215892839848 0)
(0.728815956621349 -0.0001850774689111426 2.885211020303812e-21)
(1.051155054891796 0.04921434098996223 0)
(0.715498343066678 0.09853573629348897 1.253298221994768e-19)
(0.9968149721953342 -0.01631587680900996 3.581863600787134e-19)
(1.03426473575665 -0.03883280286783323 2.644641265734985e-20)
(-0.3708473723964612 -0.03253442162602793 0)
(1.071583390204122 -0.01618357586455788 0)
(1.094826118225956 -0.01664025088704764 0)
(0.6471302654744054 -0.500207548405651 -2.504451041063549e-19)
(0.9923366503626785 -0.0003199902202424437 0)
(1.091739026323669 -0.02207760085241764 5.687032789819837e-22)
(1.189231509133551 0.1211404182796883 -2.027251661568446e-19)
(1.092057390039935 -0.03731540094820809 0)
(1.004931264224098 -0.0210195600525345 0)
(0.8108143677703179 -0.1944850256432188 -1.735589272645869e-19)
(0.9013094459958425 -0.1409071381049707 1.514505629967767e-19)
(1.029787259338593 0.01000179695632271 -2.143777685512184e-20)
(1.023125330976745 -0.009272531052715992 -4.383889765364059e-20)
(0.8673855840120116 0.001117668368099221 -3.646392132982204e-22)
(1.502403850422748 -0.1935129144603465 0)
(1.301522838296472 0.1143121740325148 3.154984442435671e-20)
(1.244121751179955 -0.0791852270956115 -3.044202076589025e-21)
(1.095912205914123 -0.01874445253113453 -3.906915980411478e-20)
(1.043989763089354 -0.0163583699522553 2.763369096705558e-20)
(1.09280267783527 -0.0391893049491671 9.369252691772597e-20)
(1.032694268627783 0.01970494910483678 0)
(1.047266651656957 -0.03165601749109926 0)
(1.115855524412078 -0.00904816232023865 0)
(1.092741559934211 -0.02596525408683457 0)
(0.9979565682659504 0.01080498627152342 0)
(1.152446773097907 0.07509495702896611 9.35455483920911e-20)
(1.345435941481242 -0.1560818472184165 0)
(1.042181803190205 -0.02187050797030922 -2.068967623593884e-22)
(1.053199179253413 0.05407228811440462 0)
(1.00992048102934 0.01446487900922224 -3.882719569681444e-20)
(1.033562296878849 -0.008208825718727702 9.244447971096414e-21)
(1.088993995832791 0.01330627264577858 -3.199704337440901e-20)
(1.084438232183713 -0.02982255919965101 0)
(1.076779816604886 -0.005669571460940965 0)
(1.103016613451678 0.09347040255638385 -1.409916497255907e-18)
(0.9349316706998785 -0.1481685018004648 -7.100280819083463e-20)
(1.177833244721094 0.1058626967951933 1.107644486959314e-19)
(-0.464061593096295 -0.005100856682073647 -2.922965324146614e-19)
(1.019546124967521 0.02931493871833279 -8.67841191182925e-20)
(1.006099921610756 -0.006225526408091713 0)
(-0.2755955915561896 0.03162764479138716 3.554994048317703e-19)
(-0.05191549005201626 0.3391589141032506 7.330052085164958e-21)
(0.9952228977581244 -0.006329131487009984 9.216120539879421e-20)
(0.1879594789859871 -0.04019053534534789 1.390298107871963e-19)
(1.097486258555706 0.08739125952379828 1.509174862627088e-20)
(0.09357632525030236 -0.1068000636309156 -5.386496580211964e-20)
(1.107882816604739 0.003151619784279061 0)
(1.096841535530508 0.253650335328169 0)
(1.021630954403817 0.0220170904628581 -1.700228370376e-20)
(1.071409735345634 0.06072990547922948 0)
(1.024499557816785 0.02673291919433118 -9.212504502545283e-21)
(1.260434394540633 -0.5475364997913539 7.998139751107449e-19)
(-0.08349303456150957 -0.2079523461724768 2.132179396058952e-19)
(1.295392646880053 0.1134727743459328 -6.189984425494135e-19)
(1.124653012268316 1.979308728393484e-05 0)
(1.135182925013759 0.1006238381530832 0)
(0.5236949885793373 0.07997659405760441 2.496806942054355e-19)
(1.022945878422846 -0.02108664747450018 9.46782988615835e-20)
(1.005282026110596 -0.02370125747399364 0)
(1.213177745630449 0.2716988945767512 -9.746581385004612e-20)
(1.250789009780688 0.1328568733559067 -1.54202061963339e-19)
(1.026533526706457 0.002665956401175842 1.566736448901471e-20)
(1.296835723922554 -0.08469695127410717 -4.976464423066349e-19)
(0.3038760044199063 -0.01947697507479513 2.718057984235368e-19)
(0.832682845976779 -0.1486654833878865 6.804636033132138e-19)
(1.058899079630182 0.0699651903237201 1.071371466261509e-19)
(1.041156951360586 -0.007389172985138004 1.343258184352638e-21)
(1.00103446476825 0.02005404319117122 2.909419689128419e-20)
(1.066486717489473 -0.03687135951385712 0)
(1.034527194179709 -0.03844703544607651 -1.473809502350834e-19)
(1.018781257461096 0.0354306375676724 -4.694535823846293e-20)
(-0.05908519859921826 0.07666614816028242 -4.952604377178096e-19)
(1.010755253660593 -0.05786188936727044 0)
(0.8972028212724844 0.01207960159010901 0)
(1.091326491435617 -0.001848083952732932 0)
(1.363089076170847 0.2584681412103775 3.773613116797491e-19)
(1.694779014362541 0.1037741888499239 1.32896871682343e-18)
(1.401397299035219 0.1497145773881495 0)
(1.02986060906341 0.02542570381057737 1.156133100755391e-20)
(0.3493262858686336 0.03413627367210911 3.455725371594589e-19)
(1.120857751969746 0.001033747008059272 0)
(1.099158610129507 -0.0161399317471462 3.264396535420031e-21)
(1.095819455424778 -0.0216913223470366 2.148056327856469e-22)
(1.141922140951998 0.09604878549975128 0)
(1.298427248056456 0.05501202361870552 0)
(1.040106543953259 0.0007186754611504558 1.148934714178325e-20)
(-0.1477563150137921 -0.1065889999002752 -4.073595260381282e-19)
(1.333488912668286 -0.1548979290462939 -2.185476882643182e-19)
(1.067877715717661 -0.0074014693165509 0)
(1.013991282165382 0.01518750775057452 3.061940967226644e-20)
(1.14132368258171 -0.09977993380839766 0)
(1.015821681166188 -0.01803180909610191 -1.131453864451041e-19)
(1.030725436508673 0.007715402138043298 0)
(1.509932855150514 0.08785344220171845 -2.833135397509471e-19)
(-0.06016957335634843 0.07446122545124952 7.5521520925438e-19)
(1.097767818735413 0.04928606279233046 2.093579055751296e-20)
(1.093070802588604 0.07890263301058933 2.108671826894086e-19)
(1.009684356693094 0.008398471885800294 -6.164511375193144e-21)
(0.006794790544151862 -0.1116839468951126 -5.19950957221524e-20)
(0.0271274020367239 0.1198451738205589 3.533285941572519e-19)
(1.234020541808848 0.1280279557267706 -1.518250597172556e-19)
(1.113855321520392 0.09275545247809847 0)
(1.088126588185069 0.02493984604566179 1.755419540823895e-19)
(1.007145442609615 0.02199073412674233 1.723638588536984e-19)
(1.029251700506014 0.00122354094438882 -3.693758884716011e-20)
(1.212214103085351 0.1288578170959292 2.461781670269778e-19)
(1.40065626085852 -0.1326208691358324 -2.068465608734017e-19)
(1.066173075562467 0.05006441175861953 -7.242191798693209e-20)
(0.9936610083135075 0.006510916479589244 0)
(1.090595112440808 0.07506931325844203 0)
(0.9786892959148294 0.007118383960829347 0)
(0.9975975303316637 0.006867732468834944 2.323507676845261e-20)
(0.4922469826969971 -0.07193364253503536 0)
(0.9893833745782701 0.004651197482674283 -3.899373760884579e-22)
(1.286777566118977 0.07693793883483256 0)
(1.009849788631292 0.00722544052751673 2.148821852378628e-20)
(0.8269218093159955 -0.128249220543514 5.329027637923178e-20)
(1.104085168915591 -0.01609690625809842 -8.949435735420733e-21)
(0.9397556962015774 0.01665197164199035 -1.767520573076959e-20)
(1.443482892257704 -0.2843311877716267 -5.308828648406783e-19)
(1.136718242877618 -0.09177601083929342 4.718399608493677e-19)
(1.08888992742165 -0.02511986508486687 0)
(1.929373077457256 -0.4698269658812491 0)
(1.620502060231482 0.1893009166312953 0)
(0.9875797535903864 0.005746420689335457 -9.027859509204756e-21)
(0.8610818036445284 0.7761623072347879 2.423513920870298e-19)
(-0.021995365663193 0.2254349129750963 5.314620391772507e-19)
(1.043489644802787 0.007880428633300886 0)
(-0.2057174308627624 -0.09057610638956617 2.173167851722656e-19)
(0.9834057795444222 -0.001845316131354254 4.050634411864691e-20)
(1.182130820363055 0.1619771305578402 -1.635837197074224e-20)
(1.044403520465105 -0.02235282952235298 5.515264504679426e-20)
(1.063146029866837 -0.1464462472245391 1.479243838850869e-19)
(1.129971943403678 -0.002590175210165089 4.534933689414523e-21)
(1.112917344166142 -0.01647611893655154 0)
(1.312668338719241 0.5314747101708823 -6.049982575146991e-19)
(1.029402053852899 -0.0041655706251519 -2.233972588782114e-20)
(-0.299900892248305 -0.05152729084914777 -1.938485010086194e-19)
(0.6796198769183501 0.0184728379401006 0)
(1.085013265482383 -0.6963685793368388 -4.801285300853175e-20)
(1.316210522514413 0.0856633393389246 -1.107976825872022e-18)
(1.113811452577805 -0.1080121053699294 0)
(1.088875291125052 0.280460384041663 0)
(0.9725024093964239 0.003676628245007301 -6.167125902383841e-19)
(1.062070997918726 0.007534957556687888 -4.10069293940653e-21)
(0.9246883695780255 -0.01209464436678502 0)
(1.090542527331007 0.0308928480624588 -1.751777159801538e-20)
(1.366765679118385 0.2153839206504345 -1.87509136306153e-19)
(0.7325340806887214 0.1001043610940862 -1.051351590538033e-18)
(1.078527568639606 -0.0006187762831944138 0)
(1.265543568454447 -0.06072272193406898 7.03922910495187e-20)
(1.005661545329551 0.0007067747519344179 0)
(0.8470575397667038 -0.7728550246330831 -1.723620942708472e-22)
(1.08137843650349 -0.05211697780252474 -1.089270006077706e-19)
(0.8772763085977258 0.3272581112299647 2.919375026157165e-19)
(0.8325135097183956 -0.1982560043905149 0)
(1.029930264195174 -0.03580962819194157 0)
(1.053691851801858 -0.02932412750329356 0)
(1.004714993690005 0.0007934691836144779 0)
(0.9812187134478375 0.006242947212366561 0)
(1.348173612670683 -0.2373547598818638 0)
(-0.1049966659161038 0.1657960753609171 2.396978138742265e-19)
(-0.07364457645888776 0.05641484978889418 -5.505573733683099e-20)
(0.2545297182130227 -0.1234969128512733 -4.286409031674317e-19)
(1.51665668162084 -0.4373342760239868 0)
(1.03395123538744 -0.01664520604409897 0)
(1.767987943139939 -0.7566236188379687 -2.338027495979305e-19)
(1.131058351684869 0.005489242396498046 8.270419969674223e-21)
(1.327750866179503 -0.09184187689090466 2.818533331000537e-19)
(1.110242973943928 0.7107734573199118 1.484140921204424e-20)
(0.3398342944583645 0.5967803484765448 -2.150925936186694e-19)
(0.6771429213995029 0.4620569900118745 -4.748748505620505e-19)
(1.063064411160837 -0.1613866859673888 -2.168648166529327e-20)
(1.223883991950641 -0.3586632523810649 0)
(-0.07919516385143671 0.2150636955733724 -7.331848069138139e-19)
(1.047205287285563 0.02254100319993309 0)
(1.1151295326794 0.04588790366140146 -1.506916593193975e-19)
(0.8167997383524856 0.9007271783698488 0)
(1.070874607383016 0.04512227111702307 6.540989846226979e-21)
(0.2748402639827336 -0.05330140464220107 0)
(1.11530998933178 0.03966573321551656 2.278619884582957e-20)
(1.373558538029003 0.3251986715397112 -5.578904704231574e-19)
(1.07469240065881 -0.01311137857505874 -1.654341310438452e-19)
(1.473355369261957 0.1596916099115584 -2.540564512116615e-19)
(1.334067660383523 0.419977863249391 0)
(1.175063045178633 -0.2688898755205121 0)
(1.307729885107282 -0.137903946888266 -1.22377851335641e-19)
(1.066796012202596 0.01622472710165913 -3.31447026960093e-20)
(1.060720977888074 -0.01195659998574421 0)
(0.7414320093471446 0.1464418660835249 -1.195037279496823e-19)
(0.7723491250586615 -0.5736418724388141 -5.826876938566714e-20)
(0.6668795304691498 0.2066071972951723 9.572312826437262e-19)
(0.9693794372511016 0.1178545122462392 3.329246478232702e-19)
(-0.00168407420691506 0.09720573680791758 0)
(0.5596286477372978 0.02628032622421698 -6.493156790833202e-19)
(1.057634811758876 -0.04035165967493751 -1.885878812221435e-21)
(0.6967657158827368 -0.1150235591527363 -2.753794646263678e-19)
(-0.004543282088410739 0.2542344741316603 -2.928672169103385e-19)
(1.182081151302307 -0.07996141106551197 0)
(0.4052109483666556 0.01885255554286638 0)
(0.1611941117595156 0.3761949888912022 0)
(1.444393867554072 -0.2625338165272197 0)
(0.2332416036109306 -0.3543458110090444 -6.452004470177734e-19)
(1.593192169148783 0.03952998398225546 -3.885610891828362e-19)
(1.024722543469262 -0.2005355514179587 0)
(0.6710428004492461 0.02945951822170669 2.499480726972601e-19)
(1.024595570654337 -0.01138731924119325 3.514773374334244e-20)
(1.139404615148237 0.2368778971916924 0)
(1.736260610836968 -0.1119678038644927 0)
(0.5793303805249562 -0.7339804558304014 -6.685941736564773e-20)
(1.273507571939588 -0.1109948746483267 -1.009100261567193e-19)
(1.41041234996853 -0.08588403652096364 -4.306755429913502e-19)
(1.487124286049685 -0.06602298216568121 3.660696047679885e-19)
(0.09707983921383551 0.1044600828575686 0)
(-0.1456186338807095 0.1048995552418616 2.776781470390137e-19)
(1.038190664480832 -0.0632485056323496 -4.54002359719211e-21)
(1.119371133229315 -0.1398011188833446 0)
(0.6397104018731381 -0.3531210669061677 5.235690965440998e-19)
(1.04880916285929 -0.06314695745754105 1.401441997920705e-20)
(0.8648082012547682 -0.1478375425110035 0)
(1.320249099147703 -0.135917821114533 -1.027188118930521e-20)
(1.122147970284151 0.07858792960479437 -4.383083617276125e-20)
(1.091044667664453 -0.005050596509852385 0)
(1.129925035545124 0.5722935239343313 -1.126047394725062e-19)
(0.3410030514183089 -0.5958406533845132 0)
(1.060993715740583 -0.003523438293924595 2.841458622070632e-20)
(1.097322400901 -0.006213640152848018 2.656366417183102e-19)
(0.0905795675492586 0.1767243297737706 -1.646571150326397e-19)
(1.183759458739219 1.005212717294786 -2.259697839887281e-19)
(1.3665267557256 -0.1374539173034658 -8.811569249818652e-20)
(0.9076908361093787 0.1054129409331582 5.35059113777813e-20)
(0.9974097323939187 0.004068157818310243 1.065533266376394e-20)
(1.067494248685507 -0.1572344978651408 1.834584842220154e-20)
(1.504718473475757 -0.9461115150952412 -5.200055348017981e-19)
(1.536421331854398 0.9529835602585536 2.37893491154224e-20)
(1.428728246464481 0.2252295951542046 3.426181105755834e-19)
(1.028216032276226 -0.007732792865961397 2.064221396970788e-19)
(1.035305612768548 -0.03314845316635363 1.614334522356064e-19)
(0.9922717659823246 0.02287373451340153 -1.927222136443741e-20)
(1.058035443453214 0.03833724261478889 -1.461182138414412e-19)
(1.078574122659844 -0.06533000238756741 2.885511249379615e-20)
(1.439085692225463 -0.1360413574886934 3.387268416905215e-19)
(1.823814678283292 0.7504538865706967 1.877953955523878e-19)
(1.033934514436891 0.03443470284343509 1.068535313668379e-20)
(1.072106267138286 0.01348764830015985 -1.058896815009141e-19)
(1.991520128850904 0.4790750118057947 5.37835688367451e-19)
(1.933942583528839 0.1606396700702921 9.364579303524661e-19)
(1.083739821277465 0.641098915101167 -9.913091807035235e-20)
(1.110591790794843 0.1722835652324972 0)
(1.044129703899754 0.02297984632220657 0)
(0.5114856807505511 0.4424253365355777 1.156802093214416e-18)
(1.373379921655277 -0.2977101712598448 1.868647296655306e-19)
(1.187467904734999 -0.1591307820555464 0)
(1.637115370272552 0.2364623595660138 -6.217414833416773e-20)
(0.8077875072582631 -0.1509859878082286 -1.230727020172413e-19)
(1.325000800249389 -0.2085494080679938 -9.01271652902123e-20)
(1.252113929298963 0.3911465115530198 1.450756209458544e-19)
(0.4927170122540327 0.1993198802763925 -5.588182180417189e-19)
(1.692477821489717 -0.0203270050677916 3.301975352020237e-20)
(0.8543779469520333 -0.5422529988912012 2.314240700488585e-19)
(0.9994418994225857 0.02417573482476031 0)
(1.623151086512725 -0.1870548092995595 -3.110565899714024e-19)
(1.090843973126539 0.1008416016827409 0)
(1.342190003233825 0.5829251784191182 0)
(0.9409312874539137 -0.411588357071617 -2.838663989084671e-20)
(1.249471094886176 -0.02746928180977967 0)
(1.038124477739391 -0.00409554084650212 -1.248546285168362e-19)
(0.7276829737273403 0.1141953244560375 3.090415503663525e-19)
(1.321089947613722 -0.5796831735701823 -5.542656387092054e-19)
(1.049577052562557 -0.6306876039933458 9.074245163493482e-21)
(0.3503657744332765 -0.3730021378163962 -8.616133894243442e-20)
(1.006837363191909 -0.09512701799364594 0)
(0.446054665239298 0.3061984197434333 1.677050357862066e-18)
(0.26392724454733 0.0323964467596484 0)
(1.316574446954301 -0.1377278988922929 8.075370804753604e-20)
(1.573827995023811 0.1908157860794544 0)
(1.168805725734756 0.448771690908519 1.353809731866243e-19)
(1.0539715718028 0.1537160965362953 -6.380485457031109e-20)
(1.031728670042813 0.004281229347178947 -2.011366668955998e-19)
(0.9584141675094746 0.411614307952783 0)
(1.159588571163839 -1.007254477809419 5.732170211971928e-20)
(0.8911690296869798 0.01098994015283787 0)
(1.07074728883876 0.3809181081364059 0)
(1.056125734492913 0.03674695453723923 -4.745172580134155e-21)
(1.470069845846527 -0.2985151150257678 0)
(1.242118951961888 -0.1843435272666453 -2.942683124164577e-19)
(0.03111080050195573 -0.001652688026100624 -1.798664646807739e-19)
(0.2403491621382606 0.02389608908181659 8.86091538151906e-19)
(0.9807543401509882 -0.09790951853609134 0)
(0.4734717425787732 0.6523093233924541 -2.524174338465009e-19)
(0.9175832257887258 0.03130495237212172 0)
(1.541296005736726 0.4162006238473844 5.505732522192877e-19)
(0.4742852205401113 0.1487857636413333 -5.864226852430443e-19)
(0.04523204504834906 0.1927118756898039 0)
(-0.4081244535896266 -0.0383714863724238 0)
(1.032301044228319 -0.000438641336282903 1.27255939983664e-20)
(1.655237678647393 -0.2256844510411374 -1.098402213462027e-18)
(1.107273402023634 -0.5612325877622438 2.345707224221536e-19)
(0.7825738583425423 0.3360668232666622 -8.718463100186633e-19)
(0.904058723654197 0.1389258551348269 1.400140469987234e-19)
(1.04444082730903 -0.003698339210134369 0)
(-0.2799431192977832 -0.1051559086009336 4.058027887074534e-19)
(1.033600621271897 0.04669502354045231 0)
(1.199615207778745 -0.2411357791638133 0)
(1.565141937351495 -0.1896689882502753 5.141742506396367e-19)
(1.126344318996405 0.07223130286757386 -7.449528143227189e-20)
(1.077014937581739 -0.140279801135596 7.639689643548296e-20)
(-0.005959512510007796 0.06460709471046355 3.298302518165255e-19)
(-0.06180813592948552 -0.1623090157575369 2.399863644649041e-19)
(1.071965147237158 0.2148067661623934 0)
(1.098212019061751 0.0573106306115183 2.108109872929517e-19)
(1.4913973230837 0.2868392965923648 -3.632027477722482e-19)
(1.320420288895785 -0.4861642729477649 2.349535404132137e-19)
(1.145046776835848 -0.1548979827951392 0)
(1.122113693287683 0.1508984257412257 0)
(0.5251054980833834 -0.685196070274834 4.179937774143151e-19)
(1.315394229202141 -0.04024664777951865 -2.977461990433062e-19)
(1.002502204780137 0.1077229259723647 2.522947692184131e-19)
(0.3134781924816925 0.3616838024345781 -8.864525091816982e-19)
(1.02720885842634 0.1120881253944781 -4.198395854608371e-19)
(1.035703741630772 -0.3944645895856977 -5.200396465626784e-20)
(1.462800052684168 0.108135132756109 -6.536745806303193e-19)
(0.7777182078194509 -0.8812370098022863 0)
(1.056444090845194 -0.03088697493207657 0)
(1.118303155298439 0.1632718948955065 0)
(1.620283762121045 -0.04108725332604764 0)
(0.816326097670606 0.5963987438302083 -2.004107980903751e-20)
(1.489344999578217 -0.3565102957973632 4.535216023382554e-19)
(1.54430199960759 0.1470129080443261 0)
(1.13427615998666 -0.4574524898451847 -1.614531145327408e-19)
(1.46412190263973 0.3443426973846719 -3.56452744326677e-19)
(1.010771463479023 0.02844974583218122 0)
(0.2129513151284758 0.01155399618007401 -2.408425776522178e-19)
(1.339109196701676 0.511598671408826 0)
(0.9744386148452679 0.008185817005759502 -4.00835149913204e-20)
(0.7626422487597831 -0.2989147362770001 -2.075559141526357e-19)
(0.5085114046763475 -0.0794465953709875 7.891206418812372e-19)
(0.2322670596307711 0.07032767084404018 3.54934583225741e-19)
(1.061407188282508 -0.1379105090845323 0)
(0.04832650133167455 -0.01444565959237347 0)
(0.3461846122322887 0.04347312146724298 -3.011676022943173e-19)
(1.006654441324912 0.01774479873813751 0)
(1.455950690228592 -0.009059392657189025 0)
(1.008111533736574 0.0293835590798857 0)
(0.4675288933422193 -0.2710325485774919 -1.009749962410888e-18)
(1.04943481535502 0.0888156723262368 0)
(1.52716298314291 0.04026126165905614 0)
(0.2445984847313224 0.1197380765313865 5.556749067778292e-19)
(0.878885220770494 -0.320508229571528 0)
(1.368540887172617 0.05213186930467593 2.697580285761745e-19)
(1.239585874337878 0.2051275744697128 2.073667772330557e-20)
(0.8997935643166284 0.5558798079799843 1.519476970748957e-20)
(1.034188610965838 0.09950941942731857 4.75516759954913e-20)
(1.0316482202338 -0.1482464909595089 0)
(1.369696308610681 -0.02367143374126705 0)
(1.292901471282138 -0.1255125981508343 0)
(0.6243910706206365 -0.03791917325990665 -1.364245789132716e-19)
)
;

boundaryField
{
    FrontBack
    {
        type            empty;
    }
    Top
    {
        type            noSlip;
    }
    In
    {
        type            fixedValue;
        value           uniform (1 0 0);
    }
    Bottom
    {
        type            noSlip;
    }
    Out
    {
        type            zeroGradient;
    }
    circle
    {
        type            noSlip;
    }
}


// ************************************************************************* //
