/*--------------------------------*- C++ -*----------------------------------*\
| =========                 |                                                 |
| \\      /  F ield         | OpenFOAM: The Open Source CFD Toolbox           |
|  \\    /   O peration     | Version:  2412                                  |
|   \\  /    A nd           | Website:  www.openfoam.com                      |
|    \\/     M anipulation  |                                                 |
\*---------------------------------------------------------------------------*/
FoamFile
{
    version     2.0;
    format      ascii;
    arch        "LSB;label=32;scalar=64";
    class       volVectorField;
    location    "399";
    object      U;
}
// * * * * * * * * * * * * * * * * * * * * * * * * * * * * * * * * * * * * * //

dimensions      [0 1 -1 0 0 0 0];

internalField   nonuniform List<vector> 
808
(
(0.756253342505117 -0.01749784168942839 0)
(1.031473720601242 -0.01261549639613582 0)
(1.112397790886587 -0.006270133636162068 -1.764452102312444e-20)
(1.085118333360257 0.0126082943519493 0)
(1.364885730527867 0.01538123027243549 -3.889881117567229e-19)
(1.038729576616286 -0.009342736791051761 -7.211871080749141e-20)
(1.013841809365118 -0.0210824940436597 -2.358200471691951e-20)
(1.078976747442276 -0.005399367012812782 9.016361163246133e-21)
(1.254894680158297 -0.01962572862647725 6.341524868501785e-20)
(1.084882467922041 0.01045153774869145 0)
(1.011245331786197 -0.007572669652103467 0)
(1.306761492970682 -0.05276967787796304 -3.540454721043729e-19)
(1.086138876278968 -0.001949422745479447 2.037059227844327e-20)
(0.6751619290737719 0.006379620287519526 0)
(1.281257662537685 -0.1133315078653255 0)
(1.081424609820091 -0.0001369894088355258 -3.836147623789785e-20)
(1.228121922651041 -0.1432066123690574 -9.612489870832502e-20)
(1.073914879145358 -3.881288584598417e-05 3.181942554991662e-20)
(0.9918209213893495 0.00389267260526418 0)
(1.026281242737894 0.00960721690298535 0)
(1.03522021196185 -0.009852700822026208 0)
(0.9874846624141805 0.04444293917316681 0)
(1.051136772812645 -0.005914709077960465 5.588969191470666e-20)
(1.053494879206022 0.0093070710543452 0)
(0.9325731615334448 0.1968999651369176 4.603879668675104e-19)
(1.166272029636743 -0.08449292366823632 0)
(1.186190254147293 -0.01831958773017883 1.579869671013081e-19)
(1.077425864297566 0.009480985947165548 5.200155683963667e-20)
(1.083754483504835 0.002333949325640312 5.067194058300987e-21)
(1.071829272365428 0.03088261564304241 0)
(1.075398741889645 0.002779934287879993 -1.174849367834772e-20)
(1.03297704990114 0.006839976704184799 -1.948359112782904e-19)
(1.059937693792735 0.0147604421395257 -2.377322948207039e-20)
(1.089063660668668 0.005520806255183594 -2.931526957292555e-20)
(1.120428574784665 0.03946983217485181 0)
(0.75514851692646 -0.1242040348593837 -4.537160938462188e-19)
(0.9547455262740817 -0.005878347785323141 0)
(1.068841546653705 0.0222873730991674 0)
(1.068812047857278 0.007328999013625376 0)
(1.073680640741721 0.008968695241038098 -2.835942046537568e-20)
(1.092348815283494 0.02474328939653042 1.111285877268805e-19)
(1.150944843927072 0.003977701260947412 2.176313732304436e-19)
(1.096023685110738 -0.002292912232094827 0)
(1.015612191735897 -0.009017227480747845 0)
(1.134194355286932 -0.09446133529018666 -1.628910162206126e-19)
(1.044099605233164 -0.01158340927884188 -8.03253760693925e-20)
(1.058164987229615 0.02662000458287024 -2.788887673962479e-20)
(1.231834760377039 -0.1120149273645556 -5.608796124069892e-20)
(1.067618246883902 0.01211396370186954 -4.229008860667972e-20)
(1.258334245964917 0.01814336647770063 0)
(0.9962990044107078 -0.01899068170180253 2.129551850710667e-21)
(1.044666388760026 -0.001815524943061634 0)
(1.087639335676518 -0.002086556743265217 0)
(0.999404545115284 0.00681686746371976 -1.833673913944389e-20)
(1.250316874990661 0.03461672750852506 -2.334751814638608e-19)
(1.063592558670901 0.01812244239445329 6.100686017390787e-20)
(0.9921785351440577 0.009559501471935837 0)
(1.020144333595884 -0.007395945989947281 2.377966176504555e-20)
(1.107461912218325 -6.036298624451011e-05 -1.193619428512141e-19)
(1.061148216351099 0.0310121560727384 0)
(-0.0862445595754682 0.01077359752893992 7.315279838063491e-20)
(1.155279724487726 -0.05156581397326156 -1.907037030421261e-19)
(1.00717138211206 -0.006710773848363245 -2.612082406549074e-20)
(1.185667634844991 0.07040129001032926 -1.234009308722662e-19)
(0.9980429898635369 -0.009300862727334555 3.022702305588613e-20)
(1.084314243022285 -0.005498361093080251 0)
(1.247776902595812 0.09912583035518299 0)
(0.6960715156938803 0.003195240557319492 -7.472169474421408e-20)
(0.9892195073195305 -0.0133237827675223 -3.149490386068189e-20)
(1.461594391638587 -0.01784656822251773 4.479672185602615e-19)
(1.060474409107639 0.007601906350805133 -6.75100593559088e-20)
(1.369242397287698 0.09740131721210622 2.90301795017486e-19)
(1.054756617477907 0.006891455221242917 -1.905663086883905e-22)
(1.081183809821263 -0.0138431864421589 -4.096224659561244e-22)
(1.165532608556116 -0.2365274345470434 0)
(1.021694768296526 -0.01469864866707378 0)
(1.016968834615146 0.01775692955987739 -3.114550472540674e-20)
(1.384837813649144 0.3485702316628189 4.161244696942624e-19)
(1.097177701612789 -0.04240278255467916 9.389886737879802e-20)
(1.045224465359626 0.2091103835198799 2.522417548630957e-19)
(1.125578486155276 -0.06031856178227749 1.154913700610748e-19)
(0.9219629532401076 0.00512795379217128 0)
(0.9753741020211983 0.01851171335825746 0)
(1.004124441977781 -0.04896157469414981 2.746001720807045e-21)
(1.010001053563674 -0.01309597911998741 7.565643422330232e-21)
(1.029754156221371 0.02651653033218456 1.394303693305567e-20)
(1.530990086700335 0.0363013107152902 3.265644038106672e-19)
(1.288514297421083 0.07168182205350662 5.51135113330245e-19)
(1.072289884149426 0.003087878934209948 -9.181844535895643e-20)
(1.198618406312997 -0.09178971498278204 0)
(1.03368093547642 0.001922051021397533 1.339399844623553e-19)
(1.165010566604863 0.02281634540290247 -3.217875072710793e-19)
(1.001432321775668 0.03231958627394906 0)
(0.9996260214248402 0.002036575502310121 0)
(1.044501289121117 6.143029685685586e-05 7.771701535042219e-20)
(1.212423283886133 0.1122278181117556 4.153924131513958e-19)
(1.011073193583465 0.006993584159543989 0)
(1.092580714064818 -0.06917646572057967 -1.051146968673244e-19)
(1.150517348701151 0.03834326861661397 0)
(1.213665112083689 0.09712166260044337 -1.954898520288474e-19)
(1.108128224003493 -0.02873214693825733 -7.683733808933756e-20)
(1.027199887312856 0.01176179592236219 0)
(1.085011371495109 -0.004621534980386459 0)
(1.018839532604195 0.02600649518968927 8.108262193472324e-20)
(1.071370382132066 0.05533185225770729 -9.565022187846023e-21)
(1.103841557083985 -0.004133420856829648 6.267796319220527e-20)
(1.111843469149524 -0.09419352717304878 1.503051000137891e-19)
(0.9630966408113114 0.004641090772152741 0)
(1.066038921588715 0.03111647950202012 3.83442146018382e-20)
(1.169326183888586 -0.07626379106848739 2.330680754768381e-19)
(1.051088549900874 0.0460915742230063 -2.912429510264591e-20)
(1.022551956497463 0.06725228386130026 3.732193368700851e-20)
(1.090282877031649 0.02602226976310429 0)
(1.016787170742752 0.01743983057514069 0)
(1.029005599931135 0.009404660394963987 7.890854421101357e-20)
(0.9486652346125818 -0.03364899929118764 0)
(1.052741016323352 -0.005607302339241463 -7.834328766480815e-21)
(1.343287023690133 0.05932839180845667 -1.581311053455275e-19)
(1.079964663924624 -0.01313822351089671 2.616120583372421e-20)
(0.7439357882936768 -0.00173063120816126 0)
(0.5799011725655967 0.186452098880897 -9.694823235084252e-20)
(0.7061936670868872 -0.002523726411011382 0)
(0.6988008704742932 0.01462643511583785 0)
(1.077624822480459 0.003670384162668231 -6.752334457424768e-22)
(0.9906452970841891 0.01452560838581879 0)
(1.277890091063958 0.1228308963767257 2.490461039598396e-19)
(1.012341317725583 -0.02779980595850404 -7.832883930975349e-21)
(1.045886818163684 0.02054016919548197 1.82731807417059e-21)
(1.058684165239713 -0.0116592470915689 0)
(1.126661378524171 -0.009115213888755507 -4.9958969801044e-20)
(1.268050355962371 0.1403939238763337 -2.291575752484092e-19)
(1.08936637391923 -0.01117405645885859 -8.563330197545766e-20)
(1.069923378806307 0.02681077431717414 -1.10169029288119e-19)
(1.040734405214078 0.04673960503614248 6.974443037184984e-20)
(1.022585981468793 -0.003773175768827824 -3.458437462073529e-20)
(1.060884339707086 0.02352664078911634 6.034388421304023e-21)
(1.131645291965273 -0.000904977852492495 1.059982668397184e-20)
(1.039380933605569 -0.0157519779092274 -4.818199432885161e-22)
(1.08745233720698 0.03473111313113012 0)
(1.028002966797664 0.0136146315494257 0)
(0.7654326550476204 -0.0638390891930396 -1.810316284543967e-19)
(1.030177559628125 -0.001602830766275383 -6.873573859843766e-20)
(1.129570720553523 -0.006255433412022258 -1.272370751609504e-20)
(0.7034199678104436 0.006578205144774013 7.361986537416219e-20)
(1.174676656897964 0.02046127008692233 -1.923690365590782e-19)
(1.134336671201951 0.007049126398756171 5.10928329619551e-21)
(1.128964158984115 -0.01000699461361802 3.46358037945845e-20)
(1.000937862044073 -0.002933864303474109 -7.49282357729011e-20)
(1.102534825250773 -0.06628222643140916 0)
(0.9870658124409357 0.003889716541329515 0)
(1.057858016425671 0.007066266210044381 0)
(1.005260770266781 0.1877268252824112 -2.459302413846301e-19)
(0.7791828211685662 0.01241595837116138 0)
(0.8568849834859962 0.1002671720009613 -8.419197792001967e-20)
(0.07489335940925491 0.03721330530188318 -2.998439487405529e-19)
(1.17228237027639 -0.0295494848561394 -2.239114312877049e-20)
(0.6713281628527055 -0.007296951460169039 2.440690511521491e-20)
(1.170179811095185 -0.1004741969451023 6.883498143473292e-20)
(1.122650468281883 -0.005168444917018903 -5.79190382654377e-21)
(1.155033262856353 -0.04769155138625214 2.175865748913289e-20)
(0.1049609734112227 -0.2232921059473547 0)
(0.2414932908319109 0.08193805717787214 0)
(1.259255797527741 0.1124571803591227 1.927247036988575e-19)
(1.021136138998112 0.01978410570285054 0)
(0.7378511433640856 -0.006266169134723151 0)
(1.075386144038093 -0.01166128030907235 2.715742545870137e-20)
(0.9747786671059256 0.002806154930827171 0)
(1.296085423348603 0.1301248236675175 -1.577863420847275e-19)
(1.057444229955703 0.01112335479611046 0)
(0.9938227649102757 -0.007090037811342728 0)
(1.064996318176135 0.008320386991266781 0)
(1.006171321359244 0.02082466678615039 1.85951752408269e-20)
(0.9375632412326477 0.01661287144832294 1.11816280936148e-20)
(1.17766297789659 -0.2000639849818279 0)
(1.005213799987557 -0.005180763998278593 7.86753180068629e-20)
(1.059124555426872 0.006426160473215893 0)
(0.7746775820117469 -0.003277719281274137 0)
(1.217916939122096 0.0291446321002268 1.664571142579959e-20)
(0.7049407230139992 0.00134763618676683 0)
(1.436681190247238 0.08799634729053839 -5.276481723804876e-20)
(0.9951316949000714 -0.006385645165424282 1.703156186704569e-20)
(1.273151410242028 -0.001150733607247467 -2.942426216412472e-19)
(1.059498416314056 0.008956768516017148 1.381631283845431e-19)
(1.000911232759027 -0.01357428893365419 0)
(1.214077686536871 -0.141396152927865 2.045190738221959e-19)
(0.7331933322405461 0.01378802545497942 0)
(1.098531422056629 -0.005033486248163925 0)
(1.153047301467572 0.06967687686865398 1.995400789390828e-20)
(1.006991505178479 -0.006577668786533647 -3.027941735145749e-20)
(1.120682330433203 0.05323799319308267 -1.759947960769655e-19)
(0.09532324158431109 -0.08725828423046564 0)
(1.071965523381542 0.0389956185045787 0)
(0.6617751351833321 -0.002916128496728414 -6.308065309349173e-22)
(1.012163488699279 -0.01938311922861689 9.608489557346621e-20)
(1.061315151565601 0.0007801522225220194 0)
(1.074960752652822 -0.1270015579341977 3.718799732319456e-19)
(1.002840045898278 -0.006192798853776421 -3.424319378234736e-21)
(1.003040025948084 -0.005154903621216715 6.94302906763811e-22)
(1.093922988789913 -0.009315486087524135 0)
(1.020663434787029 0.0205804052810073 -6.356672267064719e-20)
(1.106532365547055 -0.001571699845644881 6.624593329067642e-22)
(1.07453289927178 -0.01130353283127243 6.61453217066076e-20)
(1.085777991322242 0.02227516623375119 0)
(1.331290840225099 0.1623340127018272 0)
(1.00200845490432 0.000189613966055453 4.413401031481158e-20)
(1.319552689459935 -0.1258319794649585 1.558947530487182e-19)
(0.04066452189997041 -0.190414726120279 -2.473897177265419e-19)
(1.07124639710682 -0.005439705678957023 0)
(1.114846672542813 -0.00364899217807044 1.189336710985333e-20)
(0.7267861799551032 0.0178184542791622 0)
(1.06144283535195 0.008312905405898026 0)
(0.8687372246345473 0.1651319076628045 4.711804012369384e-19)
(1.274993113994852 0.1341744638552818 1.930822751804894e-19)
(0.6543559870560771 -0.003096709927246981 -6.377512437369938e-20)
(1.040560161348132 0.001145524284977415 -7.063938582279201e-21)
(1.054731499464668 -0.0002584149342463251 6.596529262944009e-20)
(1.364506950487854 0.122638898145559 6.744202627928289e-19)
(1.333919816353162 0.2520688988536349 0)
(1.06023401757366 0.002798399870117492 0)
(1.000500345372552 -0.006096761037971876 1.490957880929529e-20)
(0.9928808892488254 -0.007472576114810472 5.348560956009308e-21)
(1.381744260913071 0.19987793413969 4.256556783339621e-19)
(0.6817886461955296 0.0004817187308235067 9.891428142613863e-20)
(1.005598915468742 -0.002162118358303933 -5.990480766067471e-20)
(1.098224831890269 0.01306278627818871 2.552480775553671e-20)
(0.6694656232037695 0.004979849211392362 0)
(1.066090882647661 -0.01201223725755992 0)
(1.015018692845342 0.1533765610561563 -1.32122637615006e-19)
(1.091996064129503 -0.008254101065446129 -2.49494537654754e-20)
(0.9820933940035034 5.834502525053251e-05 3.288097203581829e-20)
(0.9912110803652728 0.006033617831314514 0)
(0.638241041198944 -0.001074162742042343 0)
(0.9767522299677358 -0.001173882067373475 0)
(0.6421431978845396 -0.001467895231863156 2.659504818476308e-21)
(1.090200599379826 -0.05565525803107647 1.196707372944875e-19)
(1.112905386387197 -0.002508971201269292 1.185675492956756e-21)
(0.9579040803473077 -0.0008846345306095997 3.89928494485457e-20)
(1.016485744084861 0.01000825171276995 1.716799105485783e-20)
(1.067122619561193 0.001290417271612561 -2.539950626979361e-21)
(0.6347008836566164 0.008875766694929881 -3.633524017280531e-20)
(1.004757540099916 0.008215397337341258 -8.450820135169893e-22)
(1.036470410280707 0.006849548498321194 5.384175574962922e-21)
(0.9864609592357637 -0.01139987743804185 0)
(0.6099557740769723 -0.000476592776473289 0)
(1.068741520366178 0.02255242716196995 0)
(1.016986014315532 -0.01635510837212982 1.039385521228417e-20)
(1.023800996253163 -0.01014581626745644 0)
(0.9917101651179844 0.01364770990403333 -9.822417875581649e-21)
(1.009907278716585 0.000798754840986888 0)
(1.130147935003303 0.001330489818839824 -1.155801940345635e-20)
(0.03799407561535512 -0.1440419571051459 -3.902342085049333e-20)
(1.035560158842079 -0.01833546954890961 -6.128027744289883e-22)
(1.041060950476899 0.0043446634244188 0)
(1.080915547939351 0.06801791128913171 8.473710971490425e-20)
(0.9677017183732816 -0.002384546248245291 3.110204539047986e-20)
(1.02035371195526 0.01670642056611494 -2.344558560223645e-20)
(1.001894971987093 -0.001828289377443442 2.467433964739146e-20)
(1.039596625331806 -0.007373033369193241 0)
(0.6408766423448526 -0.0040380206856189 0)
(1.025808852623964 0.02454161031768234 -7.425936459187537e-20)
(1.08611879386338 -0.006073197410203631 4.904905056755708e-20)
(1.016410652226754 0.006002231054200749 0)
(0.9790285888919156 -0.002005570546930715 -1.957103275367343e-21)
(0.8643208180526676 0.01282704082170896 -9.12422020824239e-21)
(1.014029804511855 0.002577088461662205 -9.898136389592908e-21)
(1.023636281566022 0.005999109975571989 1.868662973016327e-20)
(0.9844771845863716 0.005018300428108843 0)
(1.003840968529863 0.01193613007328246 3.449141420630884e-20)
(1.110100385800281 0.0003725189188634563 0)
(0.9271038054681999 0.005158011586739928 -3.109455629523163e-20)
(0.9569570217159884 0.0009064155695710121 0)
(0.911757806628902 0.207853922653638 5.098244640654686e-20)
(1.010800785160546 0.06683767777588259 0)
(0.9925224971977663 0.00475049199914408 -2.265677877603632e-20)
(1.058859314129152 -0.05290122096827256 -2.870221806548978e-20)
(0.9924249031387531 0.0008539078933695115 3.325619886835695e-20)
(1.010213319555147 0.006776538282747793 0)
(0.9783242515235337 0.0006145868619448221 -3.089565057381279e-20)
(1.171590490913557 0.1049771231789199 -3.433712560633451e-19)
(1.070014098732986 -0.2654612489332222 0)
(0.9930667758777537 0.0006990659583843081 -2.25022036116271e-20)
(0.9752807257953573 0.001370879629021957 4.975150469264195e-21)
(0.963772343875844 0.004290474578359339 9.93318161187873e-22)
(0.7459178723895993 -0.001046107417050325 0)
(1.124256863634861 -0.07852518789486936 0)
(1.003112008631153 0.003336769860184098 -2.254239077071884e-20)
(0.9076413288868048 0.01257101198179073 -9.823636017457998e-21)
(0.8497943093571563 0.006722650723399193 2.506649797864763e-21)
(1.014408776411199 -0.006844815242013261 0)
(0.9550906451262974 0.01096904811286086 1.409505168231145e-20)
(1.00555943115914 -0.0002480484731336466 -2.294091278896388e-20)
(1.022507175647907 -0.003190735443197935 -2.550523497544992e-20)
(1.114877937549805 -0.001090940353943703 -4.942925029398142e-21)
(1.119643360788625 -0.0002205811854023885 0)
(1.013385572796185 -0.01019770519316669 0)
(1.019567010236526 0.0008213341795694783 0)
(0.9416315020569741 -0.0006449172047278633 -2.020744202999719e-20)
(1.017851011037431 0.01363861357913331 5.40594178095519e-20)
(1.084705104961801 -0.004915617900571168 -2.267172951472124e-20)
(1.040574740918742 -0.008636929018036312 0)
(1.107275391917271 -0.003670113545071275 1.855088496233641e-21)
(0.9945487602868759 0.002363467738820614 -2.227595692608231e-20)
(0.9854324312376465 0.003585928461873214 0)
(1.01092202620683 0.003288823937947724 4.656200931369858e-20)
(1.367355838856204 -0.3147123299551349 -1.130848381306629e-18)
(1.122225744745853 -0.04306093818953401 -1.087595971419009e-19)
(0.9649661638091565 0.00400254684857606 4.506506891619268e-20)
(0.7670730338404603 0.001983673929169918 -3.09679471406875e-20)
(1.223179205956467 0.053450967416456 0)
(1.224527144719824 -0.1277450238813572 -1.467095667134482e-19)
(1.08028388024308 -0.0004573907850000612 0)
(1.008081441387105 0.001017533926836952 2.274684467722489e-20)
(-0.1830462456241942 -0.140924838461738 0)
(0.9939662430964744 -0.004650681620545353 0)
(1.012423061712094 -0.02313068346215583 4.452965326079178e-20)
(0.706378020773328 -0.01945912507877801 0)
(1.096788600156011 -0.01477666911869914 2.132402504884532e-21)
(1.042612414047171 -0.008818972326257876 1.803570601407253e-20)
(0.6332024488889532 0.004119549861464021 0)
(1.449716033338364 -0.1231074286524612 0)
(0.98633111740153 0.001351182544236914 -1.08126503836316e-20)
(1.069811748789846 -0.01506578477830699 0)
(1.037825337619491 0.0003894191741149413 2.119934763257331e-20)
(1.080995538932932 0.005931551441183056 0)
(1.011367281329326 0.002181766957093671 -1.072821776199492e-21)
(1.005775453642607 0.003074826194602026 0)
(1.009907523079825 -0.004967614316388938 -4.659225866367382e-22)
(1.004213079396944 -0.02085452061114031 0)
(1.035831992750947 -0.001632635728321554 1.694519666937053e-20)
(-0.1761399809224992 0.02764409533269901 2.677643226177428e-19)
(0.7986128247568718 0.02049909950247632 5.228338974068496e-20)
(1.005554195942133 0.001798159436583509 0)
(1.129255173033846 0.01343674487520367 -1.105409233920383e-20)
(1.119977286996394 0.01111453651186303 8.283251207497572e-21)
(1.054578392337158 -0.01287673325685352 -1.29065697798842e-19)
(0.9987815388072278 0.01036060259788001 8.724236087107108e-22)
(1.078334138114624 0.002256119780063298 0)
(1.187597602266729 0.05398771265862731 0)
(0.8353900371157859 -0.07675958308237837 4.591924844122241e-19)
(1.093350958504321 0.0006417408789999312 0)
(1.033566155599083 0.007375475435694025 -7.477562796839238e-21)
(1.042430848052388 0.005186493397983606 6.006012256599765e-21)
(1.055946232450699 -0.06023183936023357 -7.548553580228712e-21)
(1.139394296128472 -0.0007047124461370259 1.679898960128311e-19)
(1.086927361471358 -0.005853746311203402 0)
(0.9943020715974903 0.001474648117265742 0)
(0.9964233983089195 -0.02646509426646801 -2.344019109182673e-21)
(0.9900678059240621 0.003204884520238634 0)
(1.031447284527104 -0.03814011927998404 6.393468294669458e-20)
(1.290993736850679 -0.09305019852379035 0)
(1.04231813176051 -0.00189204904950425 -3.922321785285901e-21)
(0.9861687890097397 0.01702695574893011 -8.62978685326087e-20)
(1.032791808587178 0.04166560387944523 -2.400583874174179e-21)
(-0.07901959328481468 0.1523774459398325 -1.683866241723699e-19)
(-0.0700316779860376 -0.3027362092234923 -1.334779259734996e-19)
(0.8972832028451743 0.1398506819495251 0)
(0.289680769836972 -0.03481393437270271 -3.302373022678416e-19)
(1.005313762994275 0.000612662842580321 -1.350808775039329e-20)
(1.063821895193926 0.002705619291699746 -2.105988611957591e-20)
(0.9912819133013528 -0.01958962655324834 3.00556275163148e-20)
(1.02263552984748 -0.03170711524437977 2.589179116064247e-21)
(1.010012771533836 -0.03206401120900937 -6.567995904254512e-20)
(0.9888667985070959 0.004808788411309551 -3.471316370026351e-20)
(0.9929507459925115 0.005158448993836921 0)
(1.02517676949505 -0.002355307304127643 -3.499752805541361e-21)
(1.938173776502907 -0.1559651417113696 1.076422548768498e-18)
(1.043040651641638 6.532032634061854e-05 0)
(0.9956114529094765 0.008609529314696017 1.549523190034796e-20)
(1.003365829045183 -0.0003155875921058081 4.040469147343451e-20)
(1.159792939256504 0.1482658437326954 0)
(0.9983516993253814 -0.00353105592890907 8.119751062300149e-21)
(0.9497564219858287 0.0006257227198692729 0)
(1.037835972903307 0.04176658983899175 0)
(1.311152131771338 0.1614901071754722 2.359585615775388e-19)
(1.083330825307877 -0.001442628532003891 2.299574299306778e-20)
(1.017297146852727 0.02970798902529689 4.631901635324232e-20)
(1.086435528246935 -0.002748490039872492 -2.217567538123598e-20)
(1.048294421189229 -0.01006422921791438 -8.749980299472929e-21)
(-0.3852194878704305 -0.05281139986620943 0)
(0.9995384070912873 0.01391294072456161 0)
(0.1103960449926669 0.05469614182860599 -9.014755813865207e-20)
(1.007101833940069 0.02088802383517457 -4.155721876180219e-20)
(0.9993332612515223 -0.0189609497542426 0)
(1.001479970942408 0.005538560741150513 -4.971566438008873e-21)
(1.081885294750919 -0.04248333234528139 0)
(0.994276536775785 -0.016918419543209 -7.868652602610028e-21)
(1.100311987820358 -0.0598750863077652 0)
(1.445773817937328 0.1758910131398843 0)
(1.054761650945921 -0.01221086822017056 0)
(0.9903581665709089 -0.02437703088576566 -4.036338061403921e-20)
(1.000402251106304 -0.04496640722928685 -3.188216052081398e-21)
(1.014014615828838 -0.01960523228972533 -1.85028812054481e-20)
(0.9968488081934365 0.01655007823127573 -5.627506427451522e-20)
(0.995767517025452 0.01049945363038104 -1.510119009054643e-20)
(0.9945829612922275 -0.02868066524959339 0)
(1.002719407794756 0.02377758022015559 1.950870220617251e-20)
(1.05707751122442 -0.0389931308505046 0)
(1.111454708610826 -0.03568195788545533 2.617520901671693e-19)
(0.9957376238437533 0.01681384736456909 4.638191869995773e-20)
(0.615054173835238 -0.008684650998422496 0)
(1.140046492401572 0.1554840787224761 -2.831588153961092e-21)
(0.852200147181095 -0.08923786630154087 0)
(1.137693282761177 0.07312510359109027 -2.707641915962955e-19)
(1.317435996906203 -0.3896188107081643 1.299674812505874e-19)
(1.069037755231304 0.06274222718799857 -1.261357549141202e-20)
(1.011064588805956 -0.03222559763522928 0)
(0.9562915489987868 -0.21667065173998 0)
(0.5200016490543697 0.158556635191933 0)
(1.016335281183576 0.009556886188491199 1.28705466508023e-21)
(0.6898744481781263 -0.02890090209325239 0)
(0.9996104485337458 0.0171451031663106 3.577956209751806e-20)
(1.026636212038793 -0.004850105034111643 -2.775724580751167e-20)
(1.078973831549814 -0.008092411405263429 2.769608236200767e-21)
(1.04806642036526 -0.0243623176535502 3.058592620988718e-20)
(1.042451100442588 0.01180427001610987 0)
(1.064494333807102 0.02308403070303662 -9.128491434413248e-21)
(1.049431310267088 0.03591324177115884 -1.821083022637025e-20)
(0.983291618702517 -0.02282420475078597 0)
(0.6249131171394917 0.00509831339945553 9.172399319166829e-20)
(0.8941497327058338 -0.005906788597861651 -8.847834330264104e-20)
(0.909381548081733 0.005287092558149185 1.449511372880317e-20)
(0.6295885952165893 -0.006425489227537134 1.405973726402396e-20)
(0.9802448140816589 0.001224179405321229 2.517948448327876e-20)
(1.004436375282356 -0.01745003583069536 -3.55740622747552e-20)
(0.981978021324504 -0.0377875591387918 -3.293250925925644e-20)
(1.085569257764283 0.001656341134764268 0)
(1.020196535442278 0.004922306787019303 1.010157687763349e-20)
(1.132143622749143 0.04895074556623178 1.309665755956595e-19)
(1.031448816326915 0.04058103123620932 0)
(1.022608925411592 0.002540828291419652 0)
(1.586340850858941 -0.1675952392328742 4.412999231613319e-19)
(1.057961382982398 -0.0478350512494867 0)
(1.016963380110629 0.009288999111852931 -3.813713632739732e-20)
(1.08339658681999 0.005555641314432937 0)
(0.4861588699687202 -0.01597308912346479 0)
(0.01102938123444871 0.02488137022498314 0)
(0.9912494545228692 -0.02428063376322739 1.222651404968617e-20)
(1.302622100685555 -0.09574909458351531 3.750004563279892e-19)
(1.033397225578942 0.03476340820066772 0)
(1.022247457047925 0.003499512803302597 -2.241385832535263e-20)
(0.9518204262981944 -0.1601716428951457 -9.546404643961548e-22)
(1.256478790307576 0.07840553029576865 0)
(0.5965653536752835 0.7279572198645545 0)
(1.313845184297339 0.147383817118653 1.088122345984561e-19)
(1.679720358305669 -0.02531371008435128 0)
(1.049610345774022 0.115428970417846 0)
(0.7096400304972176 -0.02197416140572716 3.750070473033186e-21)
(1.048616929506021 0.04347200137705644 0)
(0.7569736380790437 0.1268783497524033 1.283845206390312e-19)
(0.996768286552965 -0.0165181609976381 3.570224481033482e-19)
(1.037687716554865 -0.04229507429295981 2.776064118257183e-20)
(-0.3827590460884281 -0.02030508822022024 0)
(1.072265147202878 -0.01644332661857644 0)
(1.086105221390224 -0.003511925640606184 0)
(0.6495157802641073 -0.5059117626955258 -2.459690543145594e-19)
(0.9895461077567846 -0.001368408601661846 0)
(1.092472350894442 -0.0212987946810893 4.799511815356896e-22)
(1.186837975899312 0.1211629289393454 -1.997830542201482e-19)
(1.094830409539973 -0.04960550508844127 0)
(1.006216927288332 -0.02118946121753799 0)
(0.7795360525711654 -0.1788221376028329 -1.629584220061379e-19)
(0.8794328934707081 -0.1291752737959015 1.507416808312164e-19)
(1.031042569155725 0.01486718283440406 -2.216966274756033e-20)
(1.023114621316526 -0.008926491949627139 -4.568196706960477e-20)
(0.88087130303679 0.01327475048185891 2.774490559857163e-22)
(1.507402248642437 -0.1941174396756474 0)
(1.308226167573394 0.1181940577978662 3.010473246429654e-20)
(1.242833216384519 -0.07333692502484722 -3.253438171805864e-21)
(1.095685987584065 -0.01846607793959383 -3.90239330780093e-20)
(1.035185641129646 -0.0130705457095707 2.620967800693388e-20)
(1.092839071389778 -0.03905242863615733 9.172513335836383e-20)
(1.031673069440245 0.0204943550932954 0)
(1.047721124043342 -0.03794915762749818 0)
(1.115957083402721 -0.008936637806744746 0)
(1.093808142878541 -0.04054417057999352 0)
(0.9981850060347028 0.01117578803451505 0)
(1.149026674885998 0.08184254661277571 9.581523714429863e-20)
(1.337363528698789 -0.1514443919500215 0)
(1.035468098405851 -0.02635291677134629 -2.235211654023678e-22)
(1.04850690991104 0.05088669011775798 0)
(1.010285478675128 0.01446523400750494 -3.948637597655618e-20)
(1.033887997828279 -0.007333475064487665 9.12962419209277e-21)
(1.088922323435514 0.01348262514317938 -3.25817424844346e-20)
(1.085336878960084 -0.02794198372933188 0)
(1.070606960998055 0.006385208985915528 0)
(1.107315295384046 0.0941418382971661 -1.419384421386763e-18)
(0.9356598076632971 -0.1506742027006478 -7.063613430777263e-20)
(1.169077904938994 0.1159162157662151 1.141600142966531e-19)
(-0.4760204317546215 -0.008951264897956095 -2.900858770722148e-19)
(1.017897626727128 0.02883403839535256 -8.848424980740686e-20)
(1.004927296645389 0.004921965026372807 0)
(-0.26689151499383 0.00406011050142156 3.554307541810041e-19)
(-0.03879381005994112 0.2861863854036442 7.742209038519521e-21)
(0.9952159652783047 -0.006251954375088953 9.736957070990856e-20)
(0.1865430474311545 -0.0437696181564608 1.345607760836284e-19)
(1.085051686647833 0.0837563356301759 1.43603241638427e-20)
(0.09399251136692098 -0.1120095511845058 -5.532754862184846e-20)
(1.108372973361063 0.002973185250273219 0)
(1.102512633589072 0.2555340752846468 0)
(1.021278578079132 0.02143451785209555 -1.731020915615934e-20)
(1.066452317705451 0.05057939685222882 0)
(1.026834898407359 0.02410166215241202 -9.010228906230379e-21)
(1.264797535717638 -0.5497034954664984 8.061492748163327e-19)
(-0.1192176349947341 -0.2292960694852862 2.16780505085864e-19)
(1.300738370101102 0.116452689978969 -6.306767031301376e-19)
(1.121505256499958 -0.003215413531068644 0)
(1.120712637093311 0.1010037663155912 0)
(0.5265903947399975 0.08012728452337661 2.490962886468024e-19)
(1.023822590498608 -0.020319215537083 9.354903280943502e-20)
(1.006620780243347 -0.02352041417205068 0)
(1.210065690794554 0.2702040184765562 -9.538361106064131e-20)
(1.264359115035445 0.1335961965958156 -1.574352941447039e-19)
(1.026618150529192 0.003356800845147189 1.541607231113902e-20)
(1.301433429874769 -0.08492149673351765 -5.010600618864375e-19)
(0.2969220133087334 -0.01708444219113212 2.768279093808361e-19)
(0.8268069140732449 -0.1462085106406854 6.735658578581193e-19)
(1.039613888188415 0.04858568468334441 1.066844196063283e-19)
(1.038468171129189 0.002256632834438884 1.842737359477344e-21)
(1.001270399311462 0.01927473342034057 2.975476980527657e-20)
(1.066501724596913 -0.0368053498532467 0)
(1.034775801578448 -0.03849719011690179 -1.535951347929261e-19)
(1.01730910072481 0.03330856554012027 -4.72246140670697e-20)
(-0.0445066126878193 0.0617679874735271 -5.089546785021073e-19)
(1.011079871591777 -0.05839006968652573 0)
(0.911326895933888 0.01769979098491492 0)
(1.089757760527676 -0.00160701366561417 0)
(1.369342465859085 0.2601510717467211 3.799460456495965e-19)
(1.701368491776312 0.1046179695493731 1.338169830189093e-18)
(1.409826810787817 0.1541748702611603 0)
(1.037060629283627 0.02289015675970568 1.088771156680583e-20)
(0.3517349036506154 0.03296658230580172 3.385350372031162e-19)
(1.133712453000698 0.01105655802378649 0)
(1.088798246610726 -0.01991229640142799 2.90312423177418e-21)
(1.088532497089272 -0.03086026795583983 2.321023750670229e-22)
(1.131131700792394 0.102883002028937 0)
(1.302459656054631 0.05741581767410295 0)
(1.03946696715485 0.001271755730816814 1.174410982890459e-20)
(-0.1520180366524948 -0.1258653722928168 -3.977066982630246e-19)
(1.327230773928565 -0.144818664649611 -2.153108906989128e-19)
(1.067786654428815 -0.007425670328950893 0)
(1.013134327320239 0.01492460484582024 3.126953855724093e-20)
(1.160154223111609 -0.1002201326981959 0)
(1.016787617157548 -0.01751386221014311 -1.117620349810731e-19)
(1.030695401469079 0.008422624101272794 0)
(1.515328702446455 0.08916403147547157 -2.856493614246902e-19)
(0.004591748689236072 0.05321099196280717 8.505268512107286e-19)
(1.095834813979912 0.05240007223410902 2.157094930044547e-20)
(1.092041326861859 0.07876457689362436 2.062569530036399e-19)
(1.009701198449668 0.008766984982230188 -6.24416737065479e-21)
(0.009892744862649303 -0.1153791734206042 -4.987314021603376e-20)
(0.02437764621098431 0.1054566087491317 3.588015981665153e-19)
(1.222476554436162 0.1440030758711329 -1.602366849640859e-19)
(1.098985800282795 0.07784567991686879 0)
(1.087575329779285 0.02571882916677109 1.724112587571454e-19)
(1.007063156758649 0.02217989628735515 1.680956422426452e-19)
(1.029178608759015 0.0006170485665381248 -3.689926298454516e-20)
(1.213340211171627 0.1504566130066671 2.557813659225676e-19)
(1.395575579977439 -0.1269372909395713 -2.043731341002601e-19)
(1.065637771269488 0.05023258053657192 -7.065332566564153e-20)
(0.9933553892214665 0.006844466040423524 0)
(1.079852061297503 0.0652065187641972 0)
(0.9820682314843732 0.006065855438240672 0)
(0.9919570011111033 0.006889491493214291 2.444058843256359e-20)
(0.4875937347078575 -0.06985194895908962 0)
(0.9929118883442394 0.006124897382204178 2.733632464653588e-22)
(1.291214166630579 0.08036484714045664 0)
(1.00509372359625 0.00430621518555597 2.230410121752606e-20)
(0.7955637606691083 -0.119408592210855 5.574672975054828e-20)
(1.090538224077156 -0.01275619751328899 -7.993607934781745e-21)
(0.9398090483047865 0.01656893356193102 -1.764241588661222e-20)
(1.435845183403734 -0.2801720709193042 -5.247955441079053e-19)
(1.130609866614841 -0.09037872288816787 4.67368855104274e-19)
(1.088694262263354 -0.02523940830874259 0)
(1.936127181257901 -0.471537122309954 0)
(1.626644993970743 0.1906576373473183 0)
(0.9858756669857045 0.00303122517563444 -9.743398846343935e-21)
(0.8576770909096402 0.7722754259880815 2.381215571850044e-19)
(-0.01171526415506966 0.1870430642838651 5.281002639010272e-19)
(1.039232313156403 0.004862575627397814 0)
(-0.2142188572103637 -0.1166782629466358 2.138746493866853e-19)
(0.9835615270838889 -0.003865871326397727 4.110929512476932e-20)
(1.179688307156622 0.1613876125137985 -1.60640397278779e-20)
(1.044695993060952 -0.02197237318810616 5.679654365747311e-20)
(1.044595821460355 -0.1379206096539121 1.344741220942164e-19)
(1.137173684005324 0.008036616593967327 4.401977636906432e-21)
(1.098675738013728 -0.003690238131673887 0)
(1.307919163034362 0.5293575573128628 -6.001881391157163e-19)
(1.02890877459672 0.005741466378376393 -2.047285546876409e-20)
(-0.3261810713660813 -0.02993904607935259 -2.024493136085945e-19)
(0.6794645294890983 0.01844309073072933 0)
(1.089003136932958 -0.699404526226393 -4.85313511747886e-20)
(1.310514992249733 0.08569534369180859 -1.098834575958877e-18)
(1.115220466759937 -0.1085628763636426 0)
(1.086466358361973 0.2781985417103628 0)
(0.9723667204697578 0.002872485080662799 -6.149717056187395e-19)
(1.06641055826383 0.005402577403203823 -4.193616113293044e-21)
(0.9245828893580236 -0.01215622188457085 0)
(1.090720120860759 0.03087733792200636 -1.759265737795449e-20)
(1.372398395569719 0.2173402687789737 -1.887821734856487e-19)
(0.732334052206454 0.09598827524055366 -1.052617110734439e-18)
(1.079065990516356 -0.0006871455369643248 0)
(1.263071062060592 -0.05654063882519924 6.957629053287819e-20)
(1.005323116694666 -0.0008680183355248827 0)
(0.850543209663396 -0.7767994138878701 -7.941562712015155e-22)
(1.082175508430715 -0.05199086093772596 -1.115798970565648e-19)
(0.8754479258301879 0.3233902540482159 2.946796127455164e-19)
(0.8238335502489841 -0.1946455682035128 0)
(1.031942193299368 -0.03517554984666791 0)
(1.05497435838241 -0.02793976888955613 0)
(1.005912743886281 -0.003729164328286864 0)
(0.9812043368698364 0.006191828483902848 0)
(1.339005541832595 -0.2340763525629063 0)
(-0.07736013485194751 0.1267086413597995 2.50640769740782e-19)
(-0.01387956909247934 0.08314181740718594 -5.687869452142471e-20)
(0.2212412613804122 -0.09849282519124586 -4.369060910910059e-19)
(1.522118167407584 -0.4393062862978846 0)
(1.034843535276289 -0.01679881003757012 0)
(1.774334187455014 -0.7597110520829145 -2.357664691045933e-19)
(1.140754581881897 0.009363570886006692 5.463462539403908e-21)
(1.32372074919635 -0.08813047966692807 2.784788734941525e-19)
(1.106163471739609 0.7077150053027645 1.452674430958254e-20)
(0.3380028895133721 0.5911283363367176 -2.256623540607316e-19)
(0.6755783737825171 0.4569939006168887 -4.805772899186214e-19)
(1.046340304853394 -0.1460148805402874 -2.431235910198993e-20)
(1.227388190591358 -0.3610114209411485 0)
(-0.09672424718245173 0.1921805141578969 -7.10773607962739e-19)
(1.046358561232972 0.02369948413034813 0)
(1.105524160877643 0.02655439790628951 -1.504259287625368e-19)
(0.813056132264442 0.8937817675231372 0)
(1.070950922648989 0.03310618634168934 7.108495123339953e-21)
(0.2875171459316014 -0.07058079882514899 0)
(1.10649260869514 0.02149637150062875 2.372268221330431e-20)
(1.368357997239912 0.3240234233455572 -5.53487495196123e-19)
(1.07496642932119 -0.0116573403978851 -1.634216551999286e-19)
(1.468287912854147 0.1599414986922517 -2.512647497354825e-19)
(1.329586096839404 0.4177469141245117 0)
(1.166770808362211 -0.2636428891642333 0)
(1.304644040056708 -0.1310613247353049 -1.204257177198836e-19)
(1.066914722123083 0.01621449542462977 -3.323268636790795e-20)
(1.060568706994228 -0.01208921721708989 0)
(0.7470072544834014 0.1468149207972026 -1.161562619062251e-19)
(0.7755289831922368 -0.5786094059066937 -5.606254118354129e-20)
(0.6666635997098237 0.2019331211389221 9.616898160919613e-19)
(0.999054303338652 0.1234368836886085 3.582179858569681e-19)
(-0.004973570149302166 0.0828245106818247 0)
(0.5933247993984694 0.02323778845894746 -6.933326939649666e-19)
(1.059762986211083 -0.03918568148894817 -1.867306000544039e-21)
(0.685374631400955 -0.1146061683252523 -2.734446479576643e-19)
(-0.001391402935751766 0.2151322661307951 -3.02447775498986e-19)
(1.181881105567769 -0.0751103416172666 0)
(0.4070403424939377 0.01757633814821681 0)
(0.1602625191195385 0.3692932777706828 0)
(1.436998673804622 -0.2578396101716968 0)
(0.2347713282401712 -0.359620197679492 -6.37567985367882e-19)
(1.59888758053367 0.04012183179844495 -3.916636437620121e-19)
(1.02639076219625 -0.2026692848343811 0)
(0.6874710456563459 0.01668408671106285 2.597341635145346e-19)
(1.025103117231989 -0.01062007571140103 3.469695131060918e-20)
(1.137004184305753 0.2352912995652686 0)
(1.727363618037847 -0.110090536218759 0)
(0.5820985578029438 -0.7386282229250256 -6.901510715853456e-20)
(1.272850293567966 -0.1040705184578802 -9.943723561811834e-20)
(1.405754534848749 -0.08218269629822889 -4.263625357704602e-19)
(1.481676322424583 -0.06303444460168967 3.622599652832778e-19)
(0.09389035666241288 0.09788668634554694 0)
(-0.1443220166170525 0.08524747170954242 2.695618809167281e-19)
(1.038665565201535 -0.06369596010117327 -4.123638211552917e-21)
(1.12102792600272 -0.1408129491701106 0)
(0.6415398970392355 -0.3583049224028746 5.181003450792457e-19)
(1.049261239433147 -0.06344877800140507 1.494627134809802e-20)
(0.8364938901888658 -0.1338343733469375 0)
(1.313793805687328 -0.127251262091528 -9.879152880050648e-21)
(1.114520483484124 0.08255271638197394 -4.369882416944577e-20)
(1.090925989686717 -0.00500381834980422 0)
(1.125784403849789 0.5689764886483963 -1.099662894440508e-19)
(0.3430222239292016 -0.6010238853553337 0)
(1.060359741189688 -0.003259690603705581 2.830680789437713e-20)
(1.097175803949223 -0.004718197987236156 2.622183570951368e-19)
(0.07335920989418886 0.1563055805132751 -1.627020880458915e-19)
(1.178856132855246 0.9995994343005365 -2.219875098481116e-19)
(1.370514595923259 -0.1376954176728213 -8.9276812926452e-20)
(0.9403893764124671 0.1294269663358747 5.815321434537136e-20)
(0.9983872357932069 0.003445295003052973 1.060549669210689e-20)
(1.047589526519018 -0.1411391625895814 1.749831576301974e-20)
(1.510538167738048 -0.9505323237656267 -5.274486350564204e-19)
(1.530501314799456 0.9486405214396673 2.353162963351347e-20)
(1.434202969891733 0.2272713151369657 3.448775048223937e-19)
(1.028920756818328 -0.007383334778822749 2.03953214860574e-19)
(1.035557305000016 -0.03311692864944869 1.67909333942916e-19)
(0.9923389166669271 0.02162934719469147 -1.958170600835121e-20)
(1.057645174237895 0.03869795599637402 -1.435091719198901e-19)
(1.079425357560045 -0.06544232463564603 3.008890432089337e-20)
(1.43339881976764 -0.1317157087826028 3.355005883449036e-19)
(1.817044855138339 0.7474913300835359 1.862697004265748e-19)
(1.036613261906174 0.02970553617553626 1.045946422330975e-20)
(1.071849573920634 0.01431381999082497 -1.044355118907424e-19)
(1.983965732077735 0.4775123051375052 5.335442440176527e-19)
(1.925782147347395 0.160744815075267 9.283429139096318e-19)
(1.07948689035385 0.6371490622443784 -9.546993084652995e-20)
(1.108664730053612 0.1712063598151537 0)
(1.044101012186024 0.02315195393122827 0)
(0.5100308308570043 0.4371996698177805 1.172963772149409e-18)
(1.377564881769848 -0.2992012124465435 1.894179156295403e-19)
(1.196939794236839 -0.1461028917062493 0)
(1.630904223269932 0.2357652321086152 -6.15073241511478e-20)
(0.7986552876611989 -0.1462439475475893 -1.255227584522557e-19)
(1.328739393161589 -0.2094315469775603 -9.145937421893221e-20)
(1.248285751833443 0.3888388770416674 1.420392422979248e-19)
(0.4926019229020649 0.1941034520964475 -5.623965223893917e-19)
(1.68559901416964 -0.01930775537577534 3.271857549538227e-20)
(0.8572372583066927 -0.5465519817516055 2.164651636833854e-19)
(0.9989306072880672 0.02299353152623246 0)
(1.615886022992219 -0.1844594816234696 -3.076146672142605e-19)
(1.08958707138501 0.1004354799549082 0)
(1.336983245482994 0.579951591122022 0)
(0.9433841869777796 -0.4155092611423712 -2.739357861644349e-20)
(1.24749514420135 -0.02422305850538631 0)
(1.038624920764473 -0.003622007811995088 -1.231675171696546e-19)
(0.7349573934056409 0.1120279870998523 3.073847497540943e-19)
(1.325980348930759 -0.5827031815628126 -5.632742451180555e-19)
(1.053704721637135 -0.6347593768933257 1.266425476855553e-20)
(0.3521247192847789 -0.380597392225542 -8.766969478170262e-20)
(1.007443767226081 -0.09637052277560113 0)
(0.4458794387561665 0.2998060565840749 1.687689570337046e-18)
(0.3231053668612288 0.0619089583440818 0)
(1.306173465482744 -0.1305044882561333 8.045614007623705e-20)
(1.579664751591671 0.1923225328114088 0)
(1.165108669654752 0.4457443562053655 1.313539527003016e-19)
(1.052654277795205 0.1524161798129696 -6.764814978988368e-20)
(1.031765146578106 0.004665400019427596 -1.972936319779519e-19)
(0.955707166592797 0.4078228639030806 0)
(1.164606168277041 -1.013004441806935 5.92105192019571e-20)
(0.8910973823636915 0.008571111314380783 0)
(1.067820328976952 0.3778470701281968 0)
(1.061369533287908 0.0276969778045222 -4.722706195143099e-21)
(1.474930383674227 -0.2998293476942022 0)
(1.245077948869015 -0.1852600277996464 -2.992476076706789e-19)
(0.006241908430913243 0.02725620701029699 -1.910447593402798e-19)
(0.2385259350804957 0.0151352968724989 8.85660494863517e-19)
(0.9813924344534061 -0.0995795510327608 0)
(0.4712620795188659 0.6442918463720979 -2.564617601392679e-19)
(0.917382660220193 0.02904676309485052 0)
(1.535344612477721 0.4143895056100549 5.450602763368854e-19)
(0.4970125354358242 0.1659566723296332 -6.51111145048123e-19)
(0.01192003805145584 0.191339479723896 0)
(-0.436123848459269 -0.04910713147508616 0)
(1.032446383887657 6.519801064014971e-05 1.245492873402193e-20)
(1.661214743521236 -0.2265653725605266 -1.108498932144293e-18)
(1.111140432440569 -0.564626292121967 2.415440733599843e-19)
(0.7810312181198317 0.3313488501756752 -8.787722229298883e-19)
(0.9411280621378257 0.150584383049933 1.546557945177046e-19)
(1.043671037521237 -0.003661042989205903 0)
(-0.3043123567007678 -0.1363114201697121 4.096606968075639e-19)
(1.033258234487915 0.04665162911160414 0)
(1.189861791495433 -0.2368497930042464 0)
(1.558586575996335 -0.1864134000681723 5.077393345505418e-19)
(1.121371056145924 0.07772505015082294 -7.578011144424887e-20)
(1.060452231472866 -0.1370596475244798 8.084200686425423e-20)
(-0.04270404521057666 0.1072834891962939 3.453290262541746e-19)
(-0.08498863258863006 -0.1441253054751327 2.542363002303771e-19)
(1.0786901339778 0.2158705838816788 0)
(1.094541392869681 0.06053339608728238 2.149767142024166e-19)
(1.497525296878459 0.2888828397339661 -3.659613550777955e-19)
(1.325051908655597 -0.4885606973261711 2.389105669714355e-19)
(1.158549149611482 -0.1437643740914839 0)
(1.120275602210939 0.1501773871060496 0)
(0.5279097496370103 -0.6927285221272832 4.101374913459727e-19)
(1.311613394129062 -0.03744924773959066 -2.9405357736437e-19)
(1.015778863573916 0.1048993360538434 2.595410717694952e-19)
(0.312779226400517 0.3521141144664332 -8.948434869175034e-19)
(1.036186284397649 0.110443003446213 -4.189623634710204e-19)
(1.038328374513265 -0.3977389120107896 -4.443162543634907e-20)
(1.457769590382986 0.1089564884139409 -6.472284635839757e-19)
(0.7815570175038284 -0.8878113544081048 0)
(1.056880585046063 -0.03061711633444213 0)
(1.144471795851656 0.1801538175041895 0)
(1.61383081321268 -0.03952033949304022 0)
(0.8133230497699708 0.5913888794956382 -2.097648552373555e-20)
(1.49463558497668 -0.3580134615588601 4.57798271237247e-19)
(1.538433484128278 0.1470007813742276 0)
(1.137669369043984 -0.4606499666010301 -1.68965399101213e-19)
(1.458652266630484 0.3429807190406579 -3.52215142621088e-19)
(1.009412818105634 0.02767341098435221 0)
(0.2073932847898633 0.003195214009295948 -2.428788131544179e-19)
(1.334067073144169 0.5091519278779315 0)
(0.9783968695455036 0.007759305018677923 -3.971069573528941e-20)
(0.7639099725099402 -0.3033293624391007 -2.053227492089395e-19)
(0.5085422219698722 -0.08495110383307951 7.873286188553712e-19)
(0.2132953243130652 0.0691615324378487 3.577376963097985e-19)
(1.062496225316079 -0.1390569948167521 0)
(0.04926393182359182 -0.003440215729864947 0)
(0.3440960426536087 0.03741379467639292 -3.027591189356745e-19)
(1.005752403786426 0.01715190821078041 0)
(1.450865070070443 -0.006856796976678976 0)
(1.007090496837113 0.02803066804359024 0)
(0.4695962057054321 -0.2771464960064446 -1.002466564805997e-18)
(1.048673222002547 0.08832509809450327 0)
(1.521505354551777 0.04184882869183128 0)
(0.2169544521755047 0.1336585548303656 5.468463205935649e-19)
(0.8805204097614587 -0.3243240114892529 0)
(1.364310473670432 0.05348524906486664 2.669950938183882e-19)
(1.236513099836854 0.2042839674735883 2.036956750651891e-20)
(0.8967833526045556 0.5517029505325477 1.589346471946746e-20)
(1.03333374101943 0.09870888156328776 5.040442698071144e-20)
(1.032785004729823 -0.1496982612856589 0)
(1.365401939151764 -0.02152030798027282 0)
(1.290742132515136 -0.1171252279682887 0)
(0.624704632036127 -0.04276696231172025 -1.363008160789879e-19)
)
;

boundaryField
{
    FrontBack
    {
        type            empty;
    }
    Top
    {
        type            noSlip;
    }
    In
    {
        type            fixedValue;
        value           uniform (1 0 0);
    }
    Bottom
    {
        type            noSlip;
    }
    Out
    {
        type            zeroGradient;
    }
    circle
    {
        type            noSlip;
    }
}


// ************************************************************************* //
